1.021691e-06	1.012707e+00	-2.051037e-01	3.658062e+00	-4.898791e+00	3.053682e-01	-7.131496e+00	-2.942606e-01	-6.354075e+00
1.119427e-06	1.012708e+00	-2.051040e-01	3.658060e+00	-4.898790e+00	3.053677e-01	-7.125728e+00	-2.989223e-01	-6.357625e+00
1.318058e-06	1.012709e+00	-2.051048e-01	3.658056e+00	-4.898789e+00	3.053668e-01	-7.116653e+00	-3.062564e-01	-6.363321e+00
1.664945e-06	1.012711e+00	-2.051061e-01	3.658049e+00	-4.898786e+00	3.053651e-01	-7.105985e+00	-3.148746e-01	-6.370059e+00
2.250704e-06	1.012715e+00	-2.051082e-01	3.658036e+00	-4.898781e+00	3.053623e-01	-7.095439e+00	-3.233904e-01	-6.376648e+00
3.245658e-06	1.012721e+00	-2.051120e-01	3.658015e+00	-4.898773e+00	3.053576e-01	-7.086247e+00	-3.308055e-01	-6.382407e+00
4.973564e-06	1.012732e+00	-2.051184e-01	3.657979e+00	-4.898759e+00	3.053495e-01	-7.079009e+00	-3.366297e-01	-6.386902e+00
8.062106e-06	1.012751e+00	-2.051299e-01	3.657914e+00	-4.898734e+00	3.053348e-01	-7.073776e+00	-3.408112e-01	-6.390115e+00
1.375376e-05	1.012787e+00	-2.051511e-01	3.657794e+00	-4.898689e+00	3.053079e-01	-7.070247e+00	-3.435744e-01	-6.392195e+00
2.455430e-05	1.012855e+00	-2.051913e-01	3.657566e+00	-4.898602e+00	3.052567e-01	-7.067959e+00	-3.452533e-01	-6.393373e+00
4.559305e-05	1.012987e+00	-2.052697e-01	3.657122e+00	-4.898432e+00	3.051571e-01	-7.066436e+00	-3.461518e-01	-6.393840e+00
8.747538e-05	1.013249e+00	-2.054257e-01	3.656239e+00	-4.898095e+00	3.049587e-01	-7.065219e+00	-3.464737e-01	-6.393631e+00
1.722222e-04	1.013781e+00	-2.057413e-01	3.654453e+00	-4.897414e+00	3.045575e-01	-7.063810e+00	-3.462736e-01	-6.392548e+00
3.454540e-04	1.014866e+00	-2.063861e-01	3.650804e+00	-4.896020e+00	3.037381e-01	-7.061508e+00	-3.453974e-01	-6.389972e+00
7.007845e-04	1.017090e+00	-2.077076e-01	3.643327e+00	-4.893162e+00	3.020599e-01	-7.057093e+00	-3.433578e-01	-6.384502e+00
1.426972e-03	1.021622e+00	-2.104036e-01	3.628084e+00	-4.887325e+00	2.986411e-01	-7.048228e+00	-3.390794e-01	-6.373242e+00
2.894741e-03	1.030737e+00	-2.158333e-01	3.597424e+00	-4.875539e+00	2.917758e-01	-7.030409e+00	-3.304274e-01	-6.350502e+00
5.806451e-03	1.048631e+00	-2.265277e-01	3.537193e+00	-4.852208e+00	2.783320e-01	-6.995195e+00	-3.134544e-01	-6.305625e+00
1.143179e-02	1.082508e+00	-2.468995e-01	3.423033e+00	-4.807326e+00	2.530076e-01	-6.927555e+00	-2.814535e-01	-6.219867e+00
2.193317e-02	1.143361e+00	-2.839100e-01	3.217561e+00	-4.724258e+00	2.079411e-01	-6.802659e+00	-2.244028e-01	-6.063031e+00
4.072606e-02	1.244814e+00	-3.468345e-01	2.873891e+00	-4.578094e+00	1.340340e-01	-6.583817e+00	-1.302980e-01	-5.792342e+00
7.270739e-02	1.396998e+00	-4.442360e-01	2.355776e+00	-4.337344e+00	2.608827e-02	-6.225487e+00	9.377499e-03	-5.358447e+00
1.240371e-01	1.593129e+00	-5.760819e-01	1.682002e+00	-3.973213e+00	-1.079000e-01	-5.684389e+00	1.885011e-01	-4.732169e+00
2.010631e-01	1.793562e+00	-7.227205e-01	9.704876e-01	-3.478157e+00	-2.399501e-01	-4.949242e+00	3.833970e-01	-3.927057e+00
3.081040e-01	1.925219e+00	-8.360711e-01	4.045953e-01	-2.886686e+00	-3.307650e-01	-4.070718e+00	5.563823e-01	-3.009128e+00
4.443054e-01	1.917473e+00	-8.596387e-01	9.843554e-02	-2.274045e+00	-3.555643e-01	-3.162169e+00	6.650666e-01	-2.113980e+00
6.006205e-01	1.761862e+00	-7.811681e-01	8.338038e-03	-1.724443e+00	-3.235223e-01	-2.354478e+00	6.868434e-01	-1.384600e+00
7.586922e-01	1.529778e+00	-6.493001e-01	1.192690e-02	-1.297744e+00	-2.676397e-01	-1.737585e+00	6.397390e-01	-8.876017e-01
8.933145e-01	1.317042e+00	-5.286414e-01	2.861942e-02	-1.014889e+00	-2.180353e-01	-1.336058e+00	5.707313e-01	-6.013140e-01
9.787696e-01	1.185712e+00	-4.560070e-01	3.709565e-02	-8.669378e-01	-1.887712e-01	-1.129013e+00	5.209190e-01	-4.677230e-01
1.021691e+00	1.122204e+00	-4.216074e-01	4.021587e-02	-8.006952e-01	-1.750353e-01	-1.037069e+00	4.953096e-01	-4.118713e-01
1.119427e+00	9.854722e-01	-3.495093e-01	4.442858e-02	-6.677233e-01	-1.464420e-01	-8.540701e-01	4.373556e-01	-3.077125e-01
1.318058e+00	7.464716e-01	-2.316276e-01	4.319294e-02	-4.612722e-01	-9.996592e-02	-5.747549e-01	3.287036e-01	-1.691920e-01
1.664945e+00	4.514533e-01	-1.064392e-01	2.794640e-02	-2.437992e-01	-4.989090e-02	-2.889599e-01	1.864921e-01	-5.946156e-02
2.250704e+00	1.982675e-01	-2.793795e-02	7.911191e-03	-8.881394e-02	-1.572715e-02	-9.482250e-02	6.539699e-02	-1.111258e-02
3.245658e+00	6.176598e-02	-4.831755e-03	-3.006018e-04	-2.127193e-02	-2.761639e-03	-1.773695e-02	9.807928e-03	-1.374462e-03
4.973564e+00	1.824257e-02	-1.475190e-03	-7.115190e-04	-4.231763e-03	-2.421328e-04	-2.014718e-03	-7.930215e-04	-2.962236e-04
8.062106e+00	7.467908e-03	-5.200108e-04	-3.280711e-04	-1.093938e-03	-1.771850e-05	-1.558466e-04	-9.001461e-04	-6.351303e-05
1.375376e+01	3.490143e-03	-1.598656e-04	-1.176491e-04	-3.308673e-04	-2.413140e-06	3.406801e-04	-6.135261e-04	-2.772739e-06
2.455430e+01	1.653026e-03	-4.515380e-05	-3.465481e-05	-9.783200e-05	-2.209672e-07	3.488487e-04	-3.730338e-04	3.112666e-06
4.559305e+01	8.026835e-04	-1.159951e-05	-9.214471e-06	-2.682564e-05	-1.533010e-08	1.502556e-04	-1.447345e-04	8.124514e-07
8.747538e+01	4.891890e-04	-2.781271e-06	-2.275034e-06	-9.307659e-06	9.989619e-09	4.131553e-05	-3.724161e-05	1.151981e-07
1.722222e+02	1.874252e-04	-6.388259e-07	-5.285289e-07	-1.747547e-06	2.006188e-10	1.335280e-05	-1.207251e-05	1.895781e-08
3.454540e+02	-2.606909e-05	-1.431979e-07	-1.181461e-07	2.678961e-07	-6.984961e-10	6.100542e-06	-5.765742e-06	4.472511e-09
7.007845e+02	-1.197367e-05	-3.158677e-08	-2.589299e-08	5.939434e-08	-7.469757e-11	1.189510e-06	-1.154124e-06	4.316017e-10
1.426972e+03	1.084372e-05	-6.943508e-09	-5.659672e-09	-1.060825e-08	-2.079305e-12	4.885089e-08	-6.313546e-08	5.467606e-12
2.894741e+03	6.265726e-06	-1.551651e-09	-1.254409e-09	-3.347825e-09	-1.227848e-13	2.848156e-09	-6.844418e-09	-2.337776e-13
5.806451e+03	2.936986e-06	-3.572785e-10	-2.862129e-10	-7.909031e-10	-1.371278e-14	6.041881e-10	-1.550006e-09	-2.974119e-14
1.143179e+04	1.415373e-06	-8.595664e-11	-6.824881e-11	-1.957595e-10	-1.604524e-15	1.262328e-10	-3.599266e-10	-4.158132e-15
2.193317e+04	7.033142e-07	-2.191582e-11	-1.725588e-11	-5.121374e-11	-2.043959e-16	2.777979e-11	-8.876635e-11	-6.149613e-16
4.072606e+04	3.626679e-07	-6.002992e-12	-4.690201e-12	-1.434922e-11	-2.901135e-17	6.581729e-12	-2.362629e-11	-9.851948e-17
7.270739e+04	1.953801e-07	-1.789530e-12	-1.388390e-12	-4.363606e-12	-4.676003e-18	1.694257e-12	-6.865361e-12	-1.758497e-17
1.240371e+05	1.106587e-07	-5.876851e-13	-4.530900e-13	-1.458220e-12	-8.713497e-19	4.776969e-13	-2.202255e-12	-3.579633e-18
2.010631e+05	6.626858e-08	-2.150035e-13	-1.648472e-13	-5.416102e-13	-1.908901e-19	1.484865e-13	-7.880199e-13	-8.477787e-19
3.081040e+05	4.217481e-08	-8.851938e-14	-6.754777e-14	-2.258703e-13	-4.992226e-20	5.109909e-14	-3.175639e-13	-2.376593e-19
4.443054e+05	2.864964e-08	-4.138194e-14	-3.145355e-14	-1.067147e-13	-1.580196e-20	1.948937e-14	-1.453733e-13	-8.002870e-20
6.006205e+05	2.084908e-08	-2.213628e-14	-1.677226e-14	-5.755931e-14	-6.127664e-21	8.219108e-15	-7.617427e-14	-3.276764e-20
7.586922e+05	1.630260e-08	-1.363732e-14	-1.030496e-14	-3.567205e-14	-2.940396e-21	3.821642e-15	-4.600062e-14	-1.647319e-20
8.933145e+05	1.373042e-08	-9.727631e-15	-7.326613e-15	-2.553291e-14	-1.759409e-21	1.937170e-15	-3.218541e-14	-1.026016e-20
9.787696e+05	1.247922e-08	-8.056737e-15	-6.051393e-15	-2.118833e-14	-1.317088e-21	9.356425e-16	-2.609662e-14	-7.975877e-21
