1.021691e-06	1.048194e+00	-5.316263e-01	3.125120e+00	-4.487057e+00	-3.372284e-01	-4.570663e+00	2.911453e+00	-2.035997e+00
1.119427e-06	1.048195e+00	-5.316262e-01	3.125119e+00	-4.487056e+00	-3.372285e-01	-4.567418e+00	2.907422e+00	-2.037529e+00
1.318058e-06	1.048196e+00	-5.316258e-01	3.125116e+00	-4.487055e+00	-3.372287e-01	-4.562316e+00	2.901083e+00	-2.040384e+00
1.664945e-06	1.048199e+00	-5.316253e-01	3.125111e+00	-4.487053e+00	-3.372291e-01	-4.556312e+00	2.893623e+00	-2.043507e+00
2.250704e-06	1.048204e+00	-5.316243e-01	3.125103e+00	-4.487049e+00	-3.372298e-01	-4.550382e+00	2.886256e+00	-2.046680e+00
3.245658e-06	1.048211e+00	-5.316226e-01	3.125090e+00	-4.487043e+00	-3.372309e-01	-4.545211e+00	2.879835e+00	-2.049556e+00
4.973564e-06	1.048225e+00	-5.316197e-01	3.125067e+00	-4.487032e+00	-3.372328e-01	-4.541140e+00	2.874785e+00	-2.051709e+00
8.062106e-06	1.048248e+00	-5.316145e-01	3.125025e+00	-4.487012e+00	-3.372362e-01	-4.538201e+00	2.871147e+00	-2.053286e+00
1.375376e-05	1.048292e+00	-5.316050e-01	3.124948e+00	-4.486975e+00	-3.372426e-01	-4.536219e+00	2.868714e+00	-2.054314e+00
2.455430e-05	1.048375e+00	-5.315869e-01	3.124803e+00	-4.486906e+00	-3.372546e-01	-4.534941e+00	2.867182e+00	-2.054940e+00
4.559305e-05	1.048537e+00	-5.315516e-01	3.124519e+00	-4.486771e+00	-3.372780e-01	-4.534101e+00	2.866245e+00	-2.055263e+00
8.747538e-05	1.048859e+00	-5.314814e-01	3.123955e+00	-4.486503e+00	-3.373246e-01	-4.533450e+00	2.865651e+00	-2.055354e+00
1.722222e-04	1.049511e+00	-5.313394e-01	3.122812e+00	-4.485959e+00	-3.374188e-01	-4.532725e+00	2.865183e+00	-2.055221e+00
3.454540e-04	1.050842e+00	-5.310495e-01	3.120478e+00	-4.484848e+00	-3.376112e-01	-4.531568e+00	2.864633e+00	-2.054774e+00
7.007845e-04	1.053569e+00	-5.304561e-01	3.115692e+00	-4.482569e+00	-3.380046e-01	-4.529365e+00	2.863713e+00	-2.053765e+00
1.426972e-03	1.059126e+00	-5.292485e-01	3.105919e+00	-4.477913e+00	-3.388038e-01	-4.524951e+00	2.861930e+00	-2.051660e+00
2.894741e-03	1.070297e+00	-5.268290e-01	3.086198e+00	-4.468505e+00	-3.403997e-01	-4.516072e+00	2.858343e+00	-2.047404e+00
5.806451e-03	1.092216e+00	-5.221132e-01	3.047211e+00	-4.449857e+00	-3.434895e-01	-4.498490e+00	2.851107e+00	-2.039027e+00
1.143179e-02	1.133664e+00	-5.133141e-01	2.972416e+00	-4.413892e+00	-3.491799e-01	-4.464574e+00	2.836615e+00	-2.023116e+00
2.193317e-02	1.207968e+00	-4.979596e-01	2.834777e+00	-4.347012e+00	-3.588668e-01	-4.401454e+00	2.807876e+00	-1.994340e+00
4.072606e-02	1.331503e+00	-4.737986e-01	2.595612e+00	-4.228389e+00	-3.734270e-01	-4.289313e+00	2.751804e+00	-1.945530e+00
7.270739e-02	1.516421e+00	-4.416012e-01	2.212477e+00	-4.030590e+00	-3.912404e-01	-4.101751e+00	2.646485e+00	-1.868811e+00
1.240371e-01	1.755849e+00	-4.097045e-01	1.667983e+00	-3.726778e+00	-4.058407e-01	-3.811852e+00	2.464131e+00	-1.756879e+00
2.010631e-01	2.008467e+00	-3.954177e-01	1.021809e+00	-3.307758e+00	-4.067092e-01	-3.405779e+00	2.188551e+00	-1.606039e+00
3.081040e-01	2.200170e+00	-4.135718e-01	4.342760e-01	-2.800757e+00	-3.858919e-01	-2.903131e+00	1.847613e+00	-1.409723e+00
4.443054e-01	2.256319e+00	-4.516993e-01	7.087253e-02	-2.269609e+00	-3.445842e-01	-2.361611e+00	1.508965e+00	-1.162957e+00
6.006205e-01	2.153285e+00	-4.718076e-01	-4.636605e-02	-1.786044e+00	-2.919587e-01	-1.855800e+00	1.225604e+00	-8.950985e-01
7.586922e-01	1.945923e+00	-4.537619e-01	-2.985153e-02	-1.400333e+00	-2.400166e-01	-1.446489e+00	1.009766e+00	-6.609126e-01
8.933145e-01	1.732070e+00	-4.143793e-01	1.101754e-02	-1.134998e+00	-1.992591e-01	-1.163987e+00	8.584479e-01	-4.978990e-01
9.787696e-01	1.591217e+00	-3.823750e-01	3.510390e-02	-9.914781e-01	-1.756076e-01	-1.011465e+00	7.728713e-01	-4.119399e-01
1.021691e+00	1.520839e+00	-3.651363e-01	4.540547e-02	-9.258644e-01	-1.644465e-01	-9.418876e-01	7.324289e-01	-3.736180e-01
1.119427e+00	1.364374e+00	-3.245984e-01	6.352730e-02	-7.911127e-01	-1.408969e-01	-7.994236e-01	6.460961e-01	-2.975430e-01
1.318058e+00	1.074389e+00	-2.444113e-01	7.888297e-02	-5.717464e-01	-1.010389e-01	-5.692109e-01	4.935906e-01	-1.839439e-01
1.664945e+00	6.848850e-01	-1.351040e-01	6.472018e-02	-3.215808e-01	-5.428763e-02	-3.105015e-01	2.953214e-01	-7.674111e-02
2.250704e+00	3.168789e-01	-4.420415e-02	2.494781e-02	-1.243838e-01	-1.832770e-02	-1.117916e-01	1.143229e-01	-1.762087e-02
3.245658e+00	1.010892e-01	-8.220688e-03	1.723038e-03	-3.056850e-02	-3.239993e-03	-2.251122e-02	2.073655e-02	-2.279939e-03
4.973564e+00	2.876855e-02	-2.033182e-03	-1.101033e-03	-5.888582e-03	-2.620182e-04	-2.590365e-03	-2.057321e-04	-4.057355e-04
8.062106e+00	1.128317e-02	-7.039098e-04	-5.900319e-04	-1.456807e-03	-1.395845e-05	-2.286066e-04	-1.174243e-03	-8.660950e-05
1.375376e+01	5.174196e-03	-2.181237e-04	-2.270666e-04	-4.353863e-04	-1.319133e-06	2.915860e-04	-8.456419e-04	-2.787638e-06
2.455430e+01	2.420505e-03	-6.167934e-05	-6.976812e-05	-1.282536e-04	1.230309e-07	3.169774e-04	-5.243677e-04	4.931341e-06
4.559305e+01	1.164769e-03	-1.586099e-05	-1.896774e-05	-3.512504e-05	5.156984e-08	1.383727e-04	-2.053084e-04	1.261161e-06
8.747538e+01	7.044035e-04	-3.804234e-06	-4.740198e-06	-1.223960e-05	3.379780e-08	3.823432e-05	-5.303140e-05	1.779842e-07
1.722222e+02	2.694040e-04	-8.737958e-07	-1.108119e-06	-2.288873e-06	1.771063e-09	1.240304e-05	-1.724483e-05	2.905252e-08
3.454540e+02	-3.700886e-05	-1.959027e-07	-2.484948e-07	3.675941e-07	-1.462975e-09	5.677020e-06	-8.248844e-06	6.786777e-09
7.007845e+02	-1.707446e-05	-4.322318e-08	-5.453102e-08	8.152555e-08	-1.563890e-10	1.107453e-06	-1.651912e-06	6.531285e-10
1.426972e+03	1.553863e-05	-9.501739e-09	-1.192352e-08	-1.364605e-08	-3.031776e-12	4.548702e-08	-9.038645e-08	8.749220e-12
2.894741e+03	8.974658e-06	-2.123148e-09	-2.643424e-09	-4.349972e-09	-8.790952e-14	2.652001e-09	-9.799845e-09	-2.840723e-13
5.806451e+03	4.206268e-06	-4.888565e-10	-6.031313e-10	-1.027985e-09	-9.081931e-15	5.626591e-10	-2.219426e-09	-3.701732e-14
1.143179e+04	2.026937e-06	-1.176122e-10	-1.437961e-10	-2.545496e-10	-9.295089e-16	1.175646e-10	-5.153877e-10	-5.309439e-15
2.193317e+04	1.007177e-06	-2.998682e-11	-3.634917e-11	-6.662010e-11	-1.010164e-16	2.587320e-11	-1.271087e-10	-7.988734e-16
4.072606e+04	5.193486e-07	-8.213735e-12	-9.877506e-12	-1.867208e-11	-1.196567e-17	6.130145e-12	-3.383191e-11	-1.294860e-16
7.270739e+04	2.797865e-07	-2.448569e-12	-2.923262e-12	-5.679839e-12	-1.561450e-18	1.578031e-12	-9.830978e-12	-2.330903e-17
1.240371e+05	1.584638e-07	-8.041155e-13	-9.537778e-13	-1.898552e-12	-2.255443e-19	4.449300e-13	-3.153570e-12	-4.775682e-18
2.010631e+05	9.489672e-08	-2.941846e-13	-3.469448e-13	-7.053094e-13	-3.582385e-20	1.383019e-13	-1.128427e-12	-1.136887e-18
3.081040e+05	6.039432e-08	-1.211194e-13	-1.421405e-13	-2.941918e-13	-6.051855e-21	4.759434e-14	-4.547453e-13	-3.200559e-19
4.443054e+05	4.102623e-08	-5.662231e-14	-6.617884e-14	-1.390142e-13	-9.623957e-22	1.815267e-14	-2.081722e-13	-1.081582e-19
6.006205e+05	2.985584e-08	-3.028891e-14	-3.528578e-14	-7.498936e-14	-5.323957e-23	7.655394e-15	-1.090805e-13	-4.441928e-20
7.586922e+05	2.334528e-08	-1.866013e-14	-2.167831e-14	-4.647802e-14	9.845122e-23	3.559531e-15	-6.587235e-14	-2.238818e-20
8.933145e+05	1.966192e-08	-1.331116e-14	-1.541154e-14	-3.326935e-14	1.131003e-22	1.804305e-15	-4.608919e-14	-1.397575e-20
9.787696e+05	1.787020e-08	-1.102537e-14	-1.272812e-14	-2.760954e-14	1.152389e-22	8.714661e-16	-3.737017e-14	-1.088802e-20
