1.014409e-04	7.372325e+00	8.592797e-02	8.974311e-01	-5.460273e-01	-6.367001e+00	6.821027e-01	7.225852e-02	-6.226130e-02
1.078112e-04	7.372340e+00	8.592684e-02	8.832529e-01	-5.460290e-01	-6.367003e+00	6.683778e-01	7.223006e-02	-6.226602e-02
1.202143e-04	7.372630e+00	8.594188e-02	8.448482e-01	-5.460478e-01	-6.367231e+00	6.311508e-01	7.224456e-02	-6.226685e-02
1.404753e-04	7.372808e+00	8.594749e-02	8.091480e-01	-5.460606e-01	-6.367354e+00	5.965722e-01	7.219943e-02	-6.227597e-02
1.717430e-04	7.373049e+00	8.595433e-02	7.670048e-01	-5.460783e-01	-6.367515e+00	5.557558e-01	7.213243e-02	-6.228913e-02
2.192141e-04	7.373356e+00	8.596164e-02	7.211995e-01	-5.461014e-01	-6.367714e+00	5.113987e-01	7.203386e-02	-6.230781e-02
2.913702e-04	7.373729e+00	8.596782e-02	6.743792e-01	-5.461303e-01	-6.367943e+00	4.660713e-01	7.188671e-02	-6.233457e-02
4.020675e-04	7.374157e+00	8.596976e-02	6.288056e-01	-5.461655e-01	-6.368181e+00	4.219757e-01	7.166143e-02	-6.237382e-02
5.740472e-04	7.374610e+00	8.596161e-02	5.861971e-01	-5.462065e-01	-6.368382e+00	3.807972e-01	7.130701e-02	-6.243304e-02
8.447957e-04	7.375017e+00	8.593263e-02	5.476684e-01	-5.462512e-01	-6.368458e+00	3.436521e-01	7.073664e-02	-6.252484e-02
1.276240e-03	7.375231e+00	8.586347e-02	5.137461e-01	-5.462945e-01	-6.368237e+00	3.111144e-01	6.980393e-02	-6.267025e-02
1.970564e-03	7.374970e+00	8.571986e-02	4.844319e-01	-5.463250e-01	-6.367403e+00	2.832956e-01	6.826404e-02	-6.290403e-02
3.095467e-03	7.373712e+00	8.544203e-02	4.592762e-01	-5.463204e-01	-6.365393e+00	2.599466e-01	6.571144e-02	-6.328329e-02
4.923344e-03	7.370528e+00	8.492715e-02	4.374284e-01	-5.462387e-01	-6.361227e+00	2.405556e-01	6.148322e-02	-6.390054e-02
7.889624e-03	7.363798e+00	8.400056e-02	4.176359e-01	-5.460034e-01	-6.353235e+00	2.244224e-01	5.451638e-02	-6.490297e-02
1.267488e-02	7.350773e+00	8.236915e-02	3.981678e-01	-5.454790e-01	-6.338638e+00	2.106964e-01	4.315229e-02	-6.651812e-02
2.031140e-02	7.326869e+00	7.954705e-02	3.766509e-01	-5.444276e-01	-6.312913e+00	1.983723e-01	2.490209e-02	-6.908333e-02
3.230531e-02	7.284612e+00	7.474271e-02	3.498272e-01	-5.424386e-01	-6.268899e+00	1.862450e-01	-3.754160e-03	-7.306732e-02
5.074689e-02	7.212160e+00	6.670854e-02	3.133187e-01	-5.388175e-01	-6.195702e+00	1.728411e-01	-4.732995e-02	-7.905324e-02
7.835515e-02	7.091702e+00	5.361301e-02	2.616675e-01	-5.324435e-01	-6.077859e+00	1.563864e-01	-1.106049e-01	-8.762023e-02
1.183718e-01	6.898882e+00	3.315036e-02	1.892817e-01	-5.216608e-01	-5.896046e+00	1.349554e-01	-1.964316e-01	-9.902038e-02
1.742017e-01	6.605820e+00	3.336980e-03	9.321993e-02	-5.043847e-01	-5.631565e+00	1.070465e-01	-3.014396e-01	-1.125775e-01
2.487144e-01	6.190545e+00	-3.559511e-02	-2.202231e-02	-4.786648e-01	-5.275785e+00	7.272859e-02	-4.108842e-01	-1.260022e-01
3.432060e-01	5.651614e+00	-7.887186e-02	-1.406249e-01	-4.437293e-01	-4.840289e+00	3.488177e-02	-4.980894e-01	-1.353898e-01
4.561750e-01	5.019217e+00	-1.170701e-01	-2.386217e-01	-4.009966e-01	-4.357897e+00	-8.413826e-04	-5.354217e-01	-1.368507e-01
5.822655e-01	4.352561e+00	-1.406901e-01	-2.965388e-01	-3.542552e-01	-3.871049e+00	-2.843108e-02	-5.133526e-01	-1.292518e-01
7.118690e-01	3.723641e+00	-1.466835e-01	-3.120069e-01	-3.087438e-01	-3.419437e+00	-4.511921e-02	-4.480498e-01	-1.152509e-01
8.318475e-01	3.197131e+00	-1.401402e-01	-2.994389e-01	-2.696420e-01	-3.037218e+00	-5.250485e-02	-3.697805e-01	-9.966261e-02
9.275477e-01	2.816437e+00	-1.295935e-01	-2.781982e-01	-2.407943e-01	-2.753463e+00	-5.434136e-02	-3.052497e-01	-8.692542e-02
9.857958e-01	2.601732e+00	-1.217849e-01	-2.624406e-01	-2.243004e-01	-2.589261e+00	-5.416055e-02	-2.674620e-01	-7.940583e-02
1.014409e+00	2.500930e+00	-1.177101e-01	-2.542209e-01	-2.164976e-01	-2.510900e+00	-5.378724e-02	-2.496136e-01	-7.582347e-02
1.078112e+00	2.287410e+00	-1.083146e-01	-2.352728e-01	-1.998377e-01	-2.341842e+00	-5.241239e-02	-2.119646e-01	-6.817570e-02
1.202143e+00	1.913758e+00	-8.984003e-02	-1.979526e-01	-1.702076e-01	-2.034134e+00	-4.820557e-02	-1.482454e-01	-5.480828e-02
1.404753e+00	1.415400e+00	-6.288522e-02	-1.427553e-01	-1.295258e-01	-1.593492e+00	-3.937128e-02	-7.291068e-02	-3.766883e-02
1.717430e+00	8.787773e-01	-3.469329e-02	-8.158400e-02	-8.350960e-02	-1.063826e+00	-2.626889e-02	-1.442015e-02	-2.123958e-02
2.192141e+00	4.409691e-01	-1.755432e-02	-3.583303e-02	-4.271045e-02	-5.604475e-01	-1.309503e-02	3.535304e-03	-1.046168e-02
2.913702e+00	1.978453e-01	-1.402056e-02	-1.503300e-02	-1.701388e-02	-2.234684e-01	-4.726506e-03	-5.628107e-03	-5.675553e-03
4.020675e+00	1.026304e-01	-1.322961e-02	-7.757119e-03	-6.091313e-03	-7.511928e-02	-1.375086e-03	-1.073205e-02	-3.331844e-03
5.740472e+00	6.186324e-02	-1.063044e-02	-4.089951e-03	-2.412213e-03	-2.662587e-02	-3.832651e-04	-7.939294e-03	-1.809069e-03
8.447957e+00	3.807292e-02	-7.827898e-03	-1.988939e-03	-1.034034e-03	-1.066442e-02	-1.229565e-04	-4.422206e-03	-9.136534e-04
1.276240e+01	2.299812e-02	-5.398103e-03	-8.883743e-04	-4.312315e-04	-4.288747e-03	-5.832130e-05	-2.053271e-03	-4.361456e-04
1.970564e+01	1.371842e-02	-3.516742e-03	-3.690262e-04	-1.749602e-04	-1.679388e-03	-3.536093e-05	-8.081513e-04	-2.022124e-04
3.095467e+01	8.131012e-03	-2.195596e-03	-1.450089e-04	-7.062936e-05	-6.594665e-04	-1.885950e-05	-2.877100e-04	-8.804345e-05
4.923344e+01	4.786331e-03	-1.331064e-03	-5.482881e-05	-2.799445e-05	-2.564752e-04	-8.471982e-06	-9.975769e-05	-3.547297e-05
7.889624e+01	2.801144e-03	-7.918531e-04	-2.024537e-05	-1.078872e-05	-9.742150e-05	-3.466123e-06	-3.471868e-05	-1.362163e-05
1.267488e+02	1.639814e-03	-4.667968e-04	-7.403597e-06	-4.100424e-06	-3.657556e-05	-1.362185e-06	-1.216853e-05	-5.115717e-06
2.031140e+02	9.706054e-04	-2.751359e-04	-2.717371e-06	-1.584142e-06	-1.392013e-05	-5.646713e-07	-4.012019e-06	-1.949769e-06
3.230531e+02	5.860217e-04	-1.634021e-04	-1.013423e-06	-6.356146e-07	-5.471721e-06	-2.622632e-07	-1.095116e-06	-7.797700e-07
5.074689e+02	3.556731e-04	-9.844880e-05	-3.884226e-07	-2.521824e-07	-2.149883e-06	-1.048339e-07	-3.946850e-07	-3.032238e-07
7.835515e+02	2.144597e-04	-6.053979e-05	-1.546228e-07	-9.537552e-08	-8.247156e-07	-2.768461e-08	-2.780164e-07	-1.066693e-07
1.183718e+03	1.319138e-04	-3.819868e-05	-6.455960e-08	-3.704288e-08	-3.267836e-07	-4.498907e-09	-1.769233e-07	-3.715827e-08
1.742017e+03	8.508276e-05	-2.484784e-05	-2.853110e-08	-1.599731e-08	-1.420349e-07	-5.860102e-10	-9.072074e-08	-1.490413e-08
2.487144e+03	5.748612e-05	-1.673580e-05	-1.345825e-08	-7.626698e-09	-6.753770e-08	-1.459846e-10	-4.419272e-08	-6.888226e-09
3.432060e+03	4.045869e-05	-1.171727e-05	-6.828009e-09	-3.928278e-09	-3.465414e-08	-6.227602e-11	-2.265442e-08	-3.481951e-09
4.561750e+03	2.969027e-05	-8.557358e-06	-3.751627e-09	-2.185237e-09	-1.921792e-08	-2.931917e-11	-1.255379e-08	-1.907808e-09
5.822655e+03	2.277888e-05	-6.538913e-06	-2.245899e-09	-1.320133e-09	-1.158368e-08	-1.460033e-11	-7.574264e-09	-1.138884e-09
7.118690e+03	1.831558e-05	-5.241362e-06	-1.472479e-09	-8.706822e-10	-7.628864e-09	-7.771138e-12	-5.000263e-09	-7.447113e-10
8.318475e+03	1.546592e-05	-4.416379e-06	-1.061787e-09	-6.298651e-10	-5.514697e-09	-4.471708e-12	-3.626595e-09	-5.356950e-10
9.275477e+03	1.373864e-05	-3.918217e-06	-8.448672e-10	-5.017752e-10	-4.392211e-09	-2.726744e-12	-2.899576e-09	-4.252004e-10
9.857958e+03	1.372087e-05	-3.916707e-06	-9.016163e-10	-5.325990e-10	-4.668421e-09	-1.708541e-12	-3.098101e-09	-4.522668e-10
