1.000000e-04	5.132405e+00	5.665642e-01	3.708303e+00	-1.395294e+00	-6.853376e+00	4.073609e+00	-3.284015e+00	-1.281211e+00
1.359356e-04	5.132710e+00	5.666570e-01	3.709357e+00	-1.395373e+00	-6.854005e+00	4.074106e+00	-3.283391e+00	-1.281049e+00
1.847850e-04	5.132166e+00	5.664951e-01	3.707446e+00	-1.395233e+00	-6.852865e+00	4.073237e+00	-3.284606e+00	-1.281372e+00
2.511886e-04	5.131404e+00	5.662683e-01	3.704771e+00	-1.395037e+00	-6.851270e+00	4.072017e+00	-3.286301e+00	-1.281821e+00
3.414549e-04	5.130367e+00	5.659592e-01	3.701130e+00	-1.394771e+00	-6.849098e+00	4.070353e+00	-3.288601e+00	-1.282430e+00
4.641589e-04	5.129053e+00	5.655673e-01	3.696521e+00	-1.394433e+00	-6.846347e+00	4.068245e+00	-3.291508e+00	-1.283198e+00
6.309573e-04	5.127190e+00	5.650111e-01	3.689989e+00	-1.393954e+00	-6.842448e+00	4.065255e+00	-3.295622e+00	-1.284284e+00
8.576959e-04	5.124519e+00	5.642122e-01	3.680627e+00	-1.393267e+00	-6.836860e+00	4.060966e+00	-3.301510e+00	-1.285838e+00
1.165914e-03	5.121062e+00	5.631760e-01	3.668512e+00	-1.392377e+00	-6.829629e+00	4.055412e+00	-3.309121e+00	-1.287847e+00
1.584893e-03	5.116457e+00	5.617915e-01	3.652383e+00	-1.391192e+00	-6.820004e+00	4.048013e+00	-3.319235e+00	-1.290515e+00
2.154435e-03	5.109905e+00	5.598127e-01	3.629447e+00	-1.389505e+00	-6.806323e+00	4.037481e+00	-3.333583e+00	-1.294300e+00
2.928645e-03	5.100851e+00	5.570631e-01	3.597772e+00	-1.387172e+00	-6.787438e+00	4.022918e+00	-3.353340e+00	-1.299511e+00
3.981072e-03	5.089021e+00	5.534435e-01	3.556428e+00	-1.384121e+00	-6.762805e+00	4.003879e+00	-3.379026e+00	-1.306286e+00
5.411695e-03	5.072835e+00	5.484385e-01	3.499931e+00	-1.379942e+00	-6.729175e+00	3.977801e+00	-3.413926e+00	-1.315488e+00
7.356423e-03	5.050973e+00	5.415853e-01	3.423760e+00	-1.374287e+00	-6.683889e+00	3.942534e+00	-3.460623e+00	-1.327797e+00
1.000000e-02	5.021841e+00	5.322870e-01	3.322511e+00	-1.366737e+00	-6.623790e+00	3.895459e+00	-3.522050e+00	-1.343984e+00
1.359356e-02	4.982696e+00	5.194860e-01	3.186937e+00	-1.356559e+00	-6.543492e+00	3.832053e+00	-3.603087e+00	-1.365324e+00
1.847850e-02	4.932165e+00	5.024378e-01	3.012795e+00	-1.343366e+00	-6.440637e+00	3.749956e+00	-3.705061e+00	-1.392155e+00
2.511886e-02	4.863199e+00	4.782297e-01	2.776802e+00	-1.325260e+00	-6.301734e+00	3.637483e+00	-3.839331e+00	-1.427436e+00
3.414549e-02	4.772356e+00	4.447708e-01	2.468994e+00	-1.301236e+00	-6.121315e+00	3.488649e+00	-4.007648e+00	-1.471570e+00
4.641589e-02	4.662131e+00	4.017070e-01	2.100656e+00	-1.271801e+00	-5.906515e+00	3.307035e+00	-4.197932e+00	-1.521299e+00
6.309573e-02	4.515876e+00	3.399166e-01	1.624324e+00	-1.232151e+00	-5.630168e+00	3.064498e+00	-4.420254e+00	-1.578959e+00
8.576959e-02	4.323219e+00	2.517367e-01	1.022820e+00	-1.178895e+00	-5.281468e+00	2.743819e+00	-4.657840e+00	-1.639508e+00
1.165914e-01	4.096329e+00	1.390086e-01	3.535553e-01	-1.114724e+00	-4.892607e+00	2.365260e+00	-4.857821e+00	-1.688485e+00
1.584893e-01	3.833181e+00	-1.103017e-03	-3.312649e-01	-1.037836e+00	-4.481965e+00	1.931406e+00	-4.931999e+00	-1.700307e+00
2.154435e-01	3.509810e+00	-1.701810e-01	-9.976485e-01	-9.406888e-01	-4.034744e+00	1.433489e+00	-4.797659e+00	-1.649955e+00
2.928645e-01	3.126197e+00	-3.462813e-01	-1.500689e+00	-8.231748e-01	-3.580157e+00	9.216102e-01	-4.335030e+00	-1.501875e+00
3.981072e-01	2.690895e+00	-4.724498e-01	-1.659695e+00	-6.912636e-01	-3.137026e+00	4.882607e-01	-3.495903e+00	-1.238658e+00
5.411695e-01	2.158211e+00	-5.014365e-01	-1.456660e+00	-5.389664e-01	-2.615559e+00	1.706242e-01	-2.379744e+00	-8.833582e-01
7.356423e-01	1.533114e+00	-4.101613e-01	-9.878711e-01	-3.737435e-01	-1.962514e+00	-1.487870e-03	-1.249755e+00	-5.099270e-01
1.000000e+00	8.974411e-01	-2.412360e-01	-4.857505e-01	-2.171166e-01	-1.220137e+00	-4.646190e-02	-4.378283e-01	-2.204628e-01
1.359356e+00	4.033530e-01	-9.553215e-02	-1.639285e-01	-9.880135e-02	-5.756404e-01	-3.155739e-02	-7.284660e-02	-6.721481e-02
1.847850e+00	1.467511e-01	-2.917352e-02	-4.135172e-02	-3.551889e-02	-2.059613e-01	-1.260643e-02	5.049696e-03	-1.629404e-02
2.511886e+00	5.119037e-02	-1.230084e-02	-1.150278e-02	-9.949890e-03	-5.467705e-02	-3.339874e-03	-7.728999e-04	-5.219069e-03
3.414549e+00	2.645308e-02	-9.548823e-03	-5.934754e-03	-3.169024e-03	-1.612437e-02	-8.517955e-04	-5.385117e-03	-2.871839e-03
4.641589e+00	1.669052e-02	-7.340682e-03	-3.270096e-03	-1.193167e-03	-5.405975e-03	-1.984069e-04	-4.358181e-03	-1.609444e-03
6.309573e+00	1.141855e-02	-5.459843e-03	-1.791690e-03	-5.671565e-04	-2.410968e-03	-5.419964e-05	-2.595286e-03	-8.714156e-04
8.576959e+00	7.709667e-03	-3.856180e-03	-9.145017e-04	-2.952669e-04	-1.283756e-03	-3.141011e-05	-1.334687e-03	-4.499400e-04
1.165914e+01	5.304253e-03	-2.751386e-03	-4.865843e-04	-1.531274e-04	-6.669190e-04	-2.280420e-05	-7.189054e-04	-2.451785e-04
1.584893e+01	3.675939e-03	-1.961644e-03	-2.510281e-04	-7.714181e-05	-3.358696e-04	-1.747989e-05	-3.711599e-04	-1.313456e-04
2.154435e+01	2.522533e-03	-1.370489e-03	-1.273291e-04	-3.883228e-05	-1.679290e-04	-1.282279e-05	-1.841904e-04	-6.975285e-05
2.928645e+01	1.739846e-03	-9.557695e-04	-6.549669e-05	-2.002661e-05	-8.593685e-05	-7.646928e-06	-9.352240e-05	-3.672697e-05
3.981072e+01	1.222528e-03	-6.770863e-04	-3.445133e-05	-1.055907e-05	-4.501277e-05	-4.123953e-06	-4.936446e-05	-1.943251e-05
5.411695e+01	8.542632e-04	-4.764226e-04	-1.774258e-05	-5.444603e-06	-2.309511e-05	-1.966608e-06	-2.592964e-05	-9.932723e-06
7.356423e+01	5.962120e-04	-3.345778e-04	-9.109472e-06	-2.789738e-06	-1.181434e-05	-7.871965e-07	-1.385929e-05	-4.979349e-06
1.000000e+02	4.193213e-04	-2.355269e-04	-4.709197e-06	-1.447664e-06	-6.119287e-06	-2.682454e-07	-7.448142e-06	-2.492572e-06
1.359356e+02	2.972481e-04	-1.670145e-04	-2.461775e-06	-7.646440e-07	-3.191479e-06	-2.294734e-07	-3.750491e-06	-1.356036e-06
1.847850e+02	2.140261e-04	-1.194532e-04	-1.307555e-06	-4.154235e-07	-1.704886e-06	-1.794722e-07	-1.873488e-06	-7.524238e-07
2.511886e+02	1.526211e-04	-8.434315e-05	-6.765369e-07	-2.213798e-07	-8.895263e-07	-1.284867e-07	-8.931878e-07	-4.087113e-07
3.414549e+02	1.089598e-04	-5.950856e-05	-3.514098e-07	-1.186942e-07	-4.664248e-07	-8.734950e-08	-4.193353e-07	-2.233478e-07
4.641589e+02	7.928871e-05	-4.299437e-05	-1.895297e-07	-6.536335e-08	-2.530567e-07	-5.363140e-08	-2.124717e-07	-1.239260e-07
6.309573e+02	5.645528e-05	-3.059474e-05	-9.813183e-08	-3.402995e-08	-1.311172e-07	-2.707015e-08	-1.121005e-07	-6.377418e-08
8.576959e+02	3.915812e-05	-2.141730e-05	-4.998913e-08	-1.690227e-08	-6.616698e-08	-9.358441e-09	-6.725158e-08	-3.011955e-08
1.165914e+03	2.765354e-05	-1.529296e-05	-2.670708e-08	-8.805475e-09	-3.503211e-08	-2.723572e-09	-4.114680e-08	-1.485377e-08
1.584893e+03	1.968726e-05	-1.096121e-05	-1.389403e-08	-4.483817e-09	-1.808496e-08	-3.492371e-10	-2.387516e-08	-7.144133e-09
2.154435e+03	1.388308e-05	-7.736907e-06	-7.140471e-09	-2.304991e-09	-9.291186e-09	-5.774521e-11	-1.258148e-08	-3.602342e-09
2.928645e+03	9.823096e-06	-5.458968e-06	-3.720266e-09	-1.210350e-09	-4.851976e-09	-4.850444e-11	-6.530741e-09	-1.886979e-09
3.981072e+03	7.059654e-06	-3.913378e-06	-1.982433e-09	-6.482794e-10	-2.589237e-09	-2.296541e-11	-3.495567e-09	-1.003920e-09
5.411695e+03	5.044891e-06	-2.789459e-06	-1.035623e-09	-3.402784e-10	-1.354468e-09	-1.005643e-11	-1.835489e-09	-5.233710e-10
7.356423e+03	3.599784e-06	-1.985848e-06	-5.395344e-10	-1.778718e-10	-7.063237e-10	-3.761276e-12	-9.622904e-10	-2.718402e-10
