1.000000e-04	5.077479e+00	5.642761e-01	4.867512e+00	-1.021716e+00	-6.389442e+00	3.964596e+00	-1.844356e+00	-7.488918e-01
1.359356e-04	5.077490e+00	5.642793e-01	4.867557e+00	-1.021718e+00	-6.389467e+00	3.964620e+00	-1.844335e+00	-7.488881e-01
1.847850e-04	5.077179e+00	5.642094e-01	4.865980e+00	-1.021653e+00	-6.388548e+00	3.964024e+00	-1.845829e+00	-7.492469e-01
2.511886e-04	5.076742e+00	5.641114e-01	4.863773e+00	-1.021563e+00	-6.387261e+00	3.963189e+00	-1.847915e+00	-7.497470e-01
3.414549e-04	5.076147e+00	5.639776e-01	4.860768e+00	-1.021439e+00	-6.385508e+00	3.962049e+00	-1.850750e+00	-7.504256e-01
4.641589e-04	5.075393e+00	5.638079e-01	4.856963e+00	-1.021283e+00	-6.383288e+00	3.960604e+00	-1.854335e+00	-7.512835e-01
6.309573e-04	5.074324e+00	5.635664e-01	4.851568e+00	-1.021061e+00	-6.380141e+00	3.958555e+00	-1.859413e+00	-7.524979e-01
8.576959e-04	5.072790e+00	5.632186e-01	4.843833e+00	-1.020742e+00	-6.375629e+00	3.955614e+00	-1.866686e+00	-7.542373e-01
1.165914e-03	5.070803e+00	5.627661e-01	4.833819e+00	-1.020329e+00	-6.369788e+00	3.951804e+00	-1.876094e+00	-7.564871e-01
1.584893e-03	5.068153e+00	5.621584e-01	4.820476e+00	-1.019779e+00	-6.362009e+00	3.946725e+00	-1.888613e+00	-7.594806e-01
2.154435e-03	5.064376e+00	5.612839e-01	4.801481e+00	-1.018995e+00	-6.350942e+00	3.939488e+00	-1.906405e+00	-7.637347e-01
2.928645e-03	5.059144e+00	5.600581e-01	4.775214e+00	-1.017909e+00	-6.335651e+00	3.929470e+00	-1.930956e+00	-7.696050e-01
3.981072e-03	5.052289e+00	5.584260e-01	4.740866e+00	-1.016486e+00	-6.315677e+00	3.916352e+00	-1.962970e+00	-7.772596e-01
5.411695e-03	5.042868e+00	5.561332e-01	4.693807e+00	-1.014531e+00	-6.288354e+00	3.898343e+00	-2.006653e+00	-7.877044e-01
7.356423e-03	5.030072e+00	5.529299e-01	4.630141e+00	-1.011876e+00	-6.251466e+00	3.873914e+00	-2.065432e+00	-8.017591e-01
1.000000e-02	5.012894e+00	5.484705e-01	4.545121e+00	-1.008313e+00	-6.202343e+00	3.841176e+00	-2.143353e+00	-8.203908e-01
1.359356e-02	4.989577e+00	5.421229e-01	4.430546e+00	-1.003477e+00	-6.136398e+00	3.796835e+00	-2.247279e+00	-8.452408e-01
1.847850e-02	4.959076e+00	5.333145e-01	4.282105e+00	-9.971514e-01	-6.051398e+00	3.738999e+00	-2.380044e+00	-8.769851e-01
2.511886e-02	4.916724e+00	5.201702e-01	4.078609e+00	-9.883671e-01	-5.935663e+00	3.658984e+00	-2.558567e+00	-9.196671e-01
3.414549e-02	4.859723e+00	5.009441e-01	3.809182e+00	-9.765380e-01	-5.783763e+00	3.551765e+00	-2.788907e+00	-9.747272e-01
4.641589e-02	4.788652e+00	4.745574e-01	3.480297e+00	-9.617717e-01	-5.600454e+00	3.418784e+00	-3.060308e+00	-1.039580e+00
6.309573e-02	4.690655e+00	4.333964e-01	3.041636e+00	-9.413367e-01	-5.360066e+00	3.236742e+00	-3.401393e+00	-1.120993e+00
8.576959e-02	4.555722e+00	3.692016e-01	2.464689e+00	-9.129992e-01	-5.050108e+00	2.988454e+00	-3.812250e+00	-1.218784e+00
1.165914e-01	4.388938e+00	2.798504e-01	1.789160e+00	-8.776489e-01	-4.695612e+00	2.684686e+00	-4.238654e+00	-1.319783e+00
1.584893e-01	4.183788e+00	1.556684e-01	1.036750e+00	-8.333297e-01	-4.311259e+00	2.318538e+00	-4.605088e+00	-1.404966e+00
2.154435e-01	3.918008e+00	-1.330547e-02	2.096313e-01	-7.746399e-01	-3.888930e+00	1.867605e+00	-4.832283e+00	-1.453329e+00
2.928645e-01	3.586073e+00	-2.179074e-01	-5.735525e-01	-6.998479e-01	-3.466429e+00	1.357037e+00	-4.758163e+00	-1.423258e+00
3.981072e-01	3.191977e+00	-4.072338e-01	-1.095213e+00	-6.106362e-01	-3.087555e+00	8.707774e-01	-4.231672e+00	-1.275095e+00
5.411695e-01	2.684084e+00	-5.180189e-01	-1.248878e+00	-5.004378e-01	-2.680102e+00	4.497580e-01	-3.222648e+00	-9.948815e-01
7.356423e-01	2.037301e+00	-4.914463e-01	-1.024161e+00	-3.703278e-01	-2.156491e+00	1.571749e-01	-1.952595e+00	-6.358659e-01
1.000000e+00	1.296937e+00	-3.322275e-01	-5.917186e-01	-2.328105e-01	-1.474267e+00	1.777699e-02	-8.395376e-01	-3.067087e-01
1.359356e+00	6.328183e-01	-1.481394e-01	-2.280320e-01	-1.149023e-01	-7.691815e-01	-1.477360e-02	-2.122138e-01	-1.026215e-01
1.847850e+00	2.377867e-01	-4.554618e-02	-6.063383e-02	-4.383798e-02	-2.968853e-01	-9.861031e-03	-1.962783e-02	-2.459176e-02
2.511886e+00	7.509425e-02	-1.433221e-02	-1.386682e-02	-1.227214e-02	-7.919852e-02	-2.945489e-03	-1.552148e-03	-6.030924e-03
3.414549e+00	3.471513e-02	-1.022485e-02	-6.411387e-03	-3.669163e-03	-2.188275e-02	-7.225456e-04	-6.400102e-03	-3.103206e-03
4.641589e+00	2.080358e-02	-7.806807e-03	-3.411385e-03	-1.280141e-03	-6.740984e-03	-1.551582e-04	-5.212791e-03	-1.706934e-03
6.309573e+00	1.420210e-02	-5.892377e-03	-1.918820e-03	-5.905929e-04	-2.919551e-03	-3.586516e-05	-3.218070e-03	-9.429725e-04
8.576959e+00	9.590812e-03	-4.161867e-03	-9.834187e-04	-3.117219e-04	-1.576125e-03	-2.290728e-05	-1.647181e-03	-4.861472e-04
1.165914e+01	6.581160e-03	-2.970354e-03	-5.239020e-04	-1.615248e-04	-8.170420e-04	-1.776109e-05	-8.870865e-04	-2.643969e-04
1.584893e+01	4.550240e-03	-2.118493e-03	-2.706280e-04	-8.132521e-05	-4.106341e-04	-1.418502e-05	-4.584278e-04	-1.412316e-04
2.154435e+01	3.116818e-03	-1.480676e-03	-1.373895e-04	-4.093584e-05	-2.050572e-04	-1.055250e-05	-2.281830e-04	-7.476475e-05
2.928645e+01	2.146999e-03	-1.032980e-03	-7.071717e-05	-2.112875e-05	-1.049448e-04	-6.314536e-06	-1.161072e-04	-3.932461e-05
3.981072e+01	1.507263e-03	-7.319913e-04	-3.721762e-05	-1.114896e-05	-5.497820e-05	-3.413123e-06	-6.131954e-05	-2.081133e-05
5.411695e+01	1.052596e-03	-5.151833e-04	-1.917612e-05	-5.753127e-06	-2.821308e-05	-1.632219e-06	-3.217487e-05	-1.065070e-05
7.356423e+01	7.343635e-04	-3.618710e-04	-9.848974e-06	-2.948733e-06	-1.443235e-05	-6.559593e-07	-1.714805e-05	-5.351817e-06
1.000000e+02	5.162576e-04	-2.548056e-04	-5.093263e-06	-1.530365e-06	-7.477517e-06	-2.241766e-07	-9.192973e-06	-2.686219e-06
1.359356e+02	3.659408e-04	-1.806954e-04	-2.662902e-06	-8.102748e-07	-3.902440e-06	-1.918590e-07	-4.643263e-06	-1.457739e-06
1.847850e+02	2.633217e-04	-1.292511e-04	-1.414597e-06	-4.410055e-07	-2.086604e-06	-1.490512e-07	-2.334270e-06	-8.061094e-07
2.511886e+02	1.875057e-04	-9.126888e-05	-7.320109e-07	-2.350230e-07	-1.089003e-06	-1.055873e-07	-1.125624e-06	-4.358180e-07
3.414549e+02	1.336406e-04	-6.439930e-05	-3.802579e-07	-1.259634e-07	-5.710797e-07	-7.126176e-08	-5.366794e-07	-2.370014e-07
4.641589e+02	9.716231e-05	-4.653015e-05	-2.051030e-07	-6.937109e-08	-3.098632e-07	-4.363072e-08	-2.747857e-07	-1.311612e-07
6.309573e+02	6.917738e-05	-3.311209e-05	-1.062013e-07	-3.612702e-08	-1.605485e-07	-2.200181e-08	-1.447768e-07	-6.751874e-08
8.576959e+02	4.803223e-05	-2.318015e-05	-5.410180e-08	-1.794628e-08	-8.099805e-08	-7.612846e-09	-8.506486e-08	-3.208001e-08
1.165914e+03	3.396158e-05	-1.655200e-05	-2.890505e-08	-9.349230e-09	-4.287442e-08	-2.218084e-09	-5.127171e-08	-1.592657e-08
1.584893e+03	2.419836e-05	-1.186380e-05	-1.503789e-08	-4.761534e-09	-2.213052e-08	-2.864933e-10	-2.943293e-08	-7.714130e-09
2.154435e+03	1.706959e-05	-8.374091e-06	-7.728448e-09	-2.449093e-09	-1.137161e-08	-4.818654e-11	-1.547817e-08	-3.896590e-09
2.928645e+03	1.207739e-05	-5.908602e-06	-4.026650e-09	-1.286786e-09	-5.939820e-09	-3.999770e-11	-8.039554e-09	-2.040050e-09
3.981072e+03	8.679737e-06	-4.235735e-06	-2.145716e-09	-6.895689e-10	-3.170344e-09	-1.893199e-11	-4.302601e-09	-1.085500e-09
5.411695e+03	6.202635e-06	-3.019251e-06	-1.120930e-09	-3.621163e-10	-1.658726e-09	-8.287854e-12	-2.258864e-09	-5.659955e-10
7.356423e+03	4.425948e-06	-2.149448e-06	-5.839806e-10	-1.893450e-10	-8.650797e-10	-3.101743e-12	-1.183933e-09	-2.940537e-10
