  0.3775379E+00  0.3627555E-02  0.1035687E+00           4          75
  0.1476368E-03  0.4736231E-01 -0.2051039E-01 -0.2629028E-01  0.5915744E-02  0.0000000E+00  0.0000000E+00  0.0000000E+00  0.0000000E+00
  0.7785206E-03  0.4732027E-01 -0.2048719E-01 -0.2624702E-01  0.5905097E-02  0.0000000E+00  0.0000000E+00  0.0000000E+00  0.0000000E+00
  0.1916108E-02  0.4724454E-01 -0.2044543E-01 -0.2617001E-01  0.5885941E-02  0.0000000E+00  0.0000000E+00  0.0000000E+00  0.0000000E+00
  0.3565090E-02  0.4713497E-01 -0.2038504E-01 -0.2605868E-01  0.5858271E-02  0.0000000E+00  0.0000000E+00  0.0000000E+00  0.0000000E+00
  0.5731950E-02  0.4699138E-01 -0.2030596E-01 -0.2591299E-01  0.5822087E-02  0.0000000E+00  0.0000000E+00  0.0000000E+00  0.0000000E+00
  0.8425210E-02  0.4681349E-01 -0.2020809E-01 -0.2573288E-01  0.5777388E-02  0.0000000E+00  0.0000000E+00  0.0000000E+00  0.0000000E+00
  0.1165551E-01  0.4660098E-01 -0.2009132E-01 -0.2551827E-01  0.5724177E-02  0.0000000E+00  0.0000000E+00  0.0000000E+00  0.0000000E+00
  0.1543569E-01  0.4635350E-01 -0.1995552E-01 -0.2526908E-01  0.5662461E-02  0.0000000E+00  0.0000000E+00  0.0000000E+00  0.0000000E+00
  0.1978089E-01  0.4607059E-01 -0.1980054E-01 -0.2498524E-01  0.5592252E-02  0.0000000E+00  0.0000000E+00  0.0000000E+00  0.0000000E+00
  0.2470864E-01  0.4575178E-01 -0.1962622E-01 -0.2466667E-01  0.5513566E-02  0.0000000E+00  0.0000000E+00  0.0000000E+00  0.0000000E+00
  0.3023904E-01  0.4539652E-01 -0.1943238E-01 -0.2431334E-01  0.5426433E-02  0.0000000E+00  0.0000000E+00  0.0000000E+00  0.0000000E+00
  0.3639486E-01  0.4500422E-01 -0.1921883E-01 -0.2392522E-01  0.5330892E-02  0.0000000E+00  0.0000000E+00  0.0000000E+00  0.0000000E+00
  0.4320175E-01  0.4457426E-01 -0.1898537E-01 -0.2350233E-01  0.5226997E-02  0.0000000E+00  0.0000000E+00  0.0000000E+00  0.0000000E+00
  0.5068846E-01  0.4410594E-01 -0.1873181E-01 -0.2304476E-01  0.5114821E-02  0.0000000E+00  0.0000000E+00  0.0000000E+00  0.0000000E+00
  0.5888703E-01  0.4359854E-01 -0.1845794E-01 -0.2255265E-01  0.4994458E-02  0.0000000E+00  0.0000000E+00  0.0000000E+00  0.0000000E+00
  0.6783309E-01  0.4305133E-01 -0.1816355E-01 -0.2202622E-01  0.4866029E-02  0.0000000E+00  0.0000000E+00  0.0000000E+00  0.0000000E+00
  0.7756614E-01  0.4246352E-01 -0.1784845E-01 -0.2146583E-01  0.4729684E-02  0.0000000E+00  0.0000000E+00  0.0000000E+00  0.0000000E+00
  0.8812992E-01  0.4183433E-01 -0.1751248E-01 -0.2087192E-01  0.4585609E-02  0.0000000E+00  0.0000000E+00  0.0000000E+00  0.0000000E+00
  0.9957279E-01  0.4116295E-01 -0.1715547E-01 -0.2024510E-01  0.4434029E-02  0.0000000E+00  0.0000000E+00  0.0000000E+00  0.0000000E+00
  0.1119482E+00  0.4044859E-01 -0.1677729E-01 -0.1958616E-01  0.4275217E-02  0.0000000E+00  0.0000000E+00  0.0000000E+00  0.0000000E+00
  0.1253150E+00  0.3969049E-01 -0.1637787E-01 -0.1889609E-01  0.4109498E-02  0.0000000E+00  0.0000000E+00  0.0000000E+00  0.0000000E+00
  0.1397386E+00  0.3888792E-01 -0.1595716E-01 -0.1817607E-01  0.3937254E-02  0.0000000E+00  0.0000000E+00  0.0000000E+00  0.0000000E+00
  0.1552906E+00  0.3804020E-01 -0.1551521E-01 -0.1742759E-01  0.3758932E-02  0.0000000E+00  0.0000000E+00  0.0000000E+00  0.0000000E+00
  0.1720507E+00  0.3714674E-01 -0.1505211E-01 -0.1665239E-01  0.3575049E-02  0.0000000E+00  0.0000000E+00  0.0000000E+00  0.0000000E+00
  0.1901068E+00  0.3620706E-01 -0.1456807E-01 -0.1585255E-01  0.3386201E-02  0.0000000E+00  0.0000000E+00  0.0000000E+00  0.0000000E+00
  0.2095561E+00  0.3522084E-01 -0.1406342E-01 -0.1503048E-01  0.3193066E-02  0.0000000E+00  0.0000000E+00  0.0000000E+00  0.0000000E+00
  0.2305064E+00  0.3418791E-01 -0.1353861E-01 -0.1418899E-01  0.2996410E-02  0.0000000E+00  0.0000000E+00  0.0000000E+00  0.0000000E+00
  0.2530773E+00  0.3310836E-01 -0.1299425E-01 -0.1333127E-01  0.2797091E-02  0.0000000E+00  0.0000000E+00  0.0000000E+00  0.0000000E+00
  0.2774017E+00  0.3198253E-01 -0.1243115E-01 -0.1246095E-01  0.2596063E-02  0.0000000E+00  0.0000000E+00  0.0000000E+00  0.0000000E+00
  0.3036275E+00  0.3081111E-01 -0.1185033E-01 -0.1158211E-01  0.2394373E-02  0.0000000E+00  0.0000000E+00  0.0000000E+00  0.0000000E+00
  0.3319197E+00  0.2959517E-01 -0.1125305E-01 -0.1069926E-01  0.2193165E-02  0.0000000E+00  0.0000000E+00  0.0000000E+00  0.0000000E+00
  0.3624624E+00  0.2833626E-01 -0.1064087E-01 -0.9817372E-02  0.1993668E-02  0.0000000E+00  0.0000000E+00  0.0000000E+00  0.0000000E+00
  0.3954620E+00  0.2703646E-01 -0.1001565E-01 -0.8941820E-02  0.1797194E-02  0.0000000E+00  0.0000000E+00  0.0000000E+00  0.0000000E+00
  0.4311501E+00  0.2569847E-01 -0.9379613E-02 -0.8078372E-02  0.1605120E-02  0.0000000E+00  0.0000000E+00  0.0000000E+00  0.0000000E+00
  0.4697872E+00  0.2432571E-01 -0.8735357E-02 -0.7233116E-02  0.1418867E-02  0.0000000E+00  0.0000000E+00  0.0000000E+00  0.0000000E+00
  0.5116671E+00  0.2292236E-01 -0.8085894E-02 -0.6412378E-02  0.1239882E-02  0.0000000E+00  0.0000000E+00  0.0000000E+00  0.0000000E+00
  0.5571223E+00  0.2149351E-01 -0.7434670E-02 -0.5622602E-02  0.1069599E-02  0.0000000E+00  0.0000000E+00  0.0000000E+00  0.0000000E+00
  0.6065299E+00  0.2004514E-01 -0.6785567E-02 -0.4870206E-02  0.9094044E-03  0.0000000E+00  0.0000000E+00  0.0000000E+00  0.0000000E+00
  0.6603191E+00  0.1858428E-01 -0.6142903E-02 -0.4161406E-02  0.7605909E-03  0.0000000E+00  0.0000000E+00  0.0000000E+00  0.0000000E+00
  0.7189801E+00  0.1711895E-01 -0.5511393E-02 -0.3502005E-02  0.6243078E-03  0.0000000E+00  0.0000000E+00  0.0000000E+00  0.0000000E+00
  0.7830747E+00  0.1565818E-01 -0.4896094E-02 -0.2897161E-02  0.5015070E-03  0.0000000E+00  0.0000000E+00  0.0000000E+00  0.0000000E+00
  0.8532491E+00  0.1421200E-01 -0.4302308E-02 -0.2351140E-02  0.3928870E-03  0.0000000E+00  0.0000000E+00  0.0000000E+00  0.0000000E+00
  0.9302498E+00  0.1279126E-01 -0.3735449E-02 -0.1867058E-02  0.2988417E-03  0.0000000E+00  0.0000000E+00  0.0000000E+00  0.0000000E+00
  0.1014942E+01  0.1140750E-01 -0.3200862E-02 -0.1446648E-02  0.2194152E-03  0.0000000E+00  0.0000000E+00  0.0000000E+00  0.0000000E+00
  0.1108336E+01  0.1007267E-01 -0.2703600E-02 -0.1090063E-02  0.1542711E-03  0.0000000E+00  0.0000000E+00  0.0000000E+00  0.0000000E+00
  0.1211611E+01  0.8798756E-02 -0.2248169E-02 -0.7957445E-03  0.1026812E-03  0.0000000E+00  0.0000000E+00  0.0000000E+00  0.0000000E+00
  0.1326157E+01  0.7597385E-02 -0.1838249E-02 -0.5603915E-03  0.6354041E-04  0.0000000E+00  0.0000000E+00  0.0000000E+00  0.0000000E+00
  0.1453620E+01  0.6479308E-02 -0.1476408E-02 -0.3790486E-03  0.3541074E-04  0.0000000E+00  0.0000000E+00  0.0000000E+00  0.0000000E+00
  0.1595957E+01  0.5453849E-02 -0.1163861E-02 -0.2453359E-03  0.1659739E-04  0.0000000E+00  0.0000000E+00  0.0000000E+00  0.0000000E+00
  0.1755512E+01  0.4528356E-02 -0.9002894E-03 -0.1518199E-03  0.5252974E-05  0.0000000E+00  0.0000000E+00  0.0000000E+00  0.0000000E+00
  0.1935113E+01  0.3707676E-02 -0.6837734E-03 -0.9050716E-04 -0.4979235E-06  0.0000000E+00  0.0000000E+00  0.0000000E+00  0.0000000E+00
  0.2138195E+01  0.2993751E-02 -0.5108703E-03 -0.5341460E-04 -0.2427358E-05  0.0000000E+00  0.0000000E+00  0.0000000E+00  0.0000000E+00
  0.2368965E+01  0.2385367E-02 -0.3768461E-03 -0.3314781E-04 -0.2083212E-05  0.0000000E+00  0.0000000E+00  0.0000000E+00  0.0000000E+00
  0.2632616E+01  0.1878130E-02 -0.2760542E-03 -0.2340234E-04 -0.6973257E-06  0.0000000E+00  0.0000000E+00  0.0000000E+00  0.0000000E+00
  0.2935624E+01  0.1464708E-02 -0.2024149E-03 -0.1930402E-04  0.8622721E-06  0.0000000E+00  0.0000000E+00  0.0000000E+00  0.0000000E+00
  0.3286143E+01  0.1135334E-02 -0.1499220E-03 -0.1752785E-04  0.2087426E-05  0.0000000E+00  0.0000000E+00  0.0000000E+00  0.0000000E+00
  0.3694559E+01  0.8785323E-03 -0.1130951E-03 -0.1618028E-04  0.2777236E-05  0.0000000E+00  0.0000000E+00  0.0000000E+00  0.0000000E+00
  0.4174262E+01  0.6819857E-03 -0.8730348E-04 -0.1448677E-04  0.2950858E-05  0.0000000E+00  0.0000000E+00  0.0000000E+00  0.0000000E+00
  0.4742755E+01  0.5334346E-03 -0.6892716E-04 -0.1237888E-04  0.2747739E-05  0.0000000E+00  0.0000000E+00  0.0000000E+00  0.0000000E+00
  0.5423267E+01  0.4215134E-03 -0.5535527E-04 -0.1009820E-04  0.2339075E-05  0.0000000E+00  0.0000000E+00  0.0000000E+00  0.0000000E+00
  0.6247158E+01  0.3364278E-03 -0.4485961E-04 -0.7915213E-05  0.1868242E-05  0.0000000E+00  0.0000000E+00  0.0000000E+00  0.0000000E+00
  0.7257593E+01  0.2703815E-03 -0.3639291E-04 -0.6000386E-05  0.1425870E-05  0.0000000E+00  0.0000000E+00  0.0000000E+00  0.0000000E+00
  0.8515298E+01  0.2176736E-03 -0.2936663E-04 -0.4415163E-05  0.1052609E-05  0.0000000E+00  0.0000000E+00  0.0000000E+00  0.0000000E+00
  0.1010789E+02  0.1744673E-03 -0.2345760E-04 -0.3153919E-05  0.7557102E-06  0.0000000E+00  0.0000000E+00  0.0000000E+00  0.0000000E+00
  0.1216555E+02  0.1383715E-03 -0.1847554E-04 -0.2181646E-05  0.5265179E-06  0.0000000E+00  0.0000000E+00  0.0000000E+00  0.0000000E+00
  0.1488845E+02  0.1079378E-03 -0.1429132E-04 -0.1454910E-05  0.3532955E-06  0.0000000E+00  0.0000000E+00  0.0000000E+00  0.0000000E+00
  0.1859735E+02  0.8229259E-04 -0.1080907E-04 -0.9302212E-06  0.2267131E-06  0.0000000E+00  0.0000000E+00  0.0000000E+00  0.0000000E+00
  0.2383244E+02  0.6107615E-04 -0.7956838E-05 -0.5635651E-06  0.1379472E-06  0.0000000E+00  0.0000000E+00  0.0000000E+00  0.0000000E+00
  0.3156166E+02  0.4404701E-04 -0.5669280E-05 -0.3164370E-06  0.7812113E-07  0.0000000E+00  0.0000000E+00  0.0000000E+00  0.0000000E+00
  0.4366216E+02  0.3068609E-04 -0.3875333E-05 -0.1598878E-06  0.4015067E-07  0.0000000E+00  0.0000000E+00  0.0000000E+00  0.0000000E+00
  0.6417630E+02  0.2031905E-04 -0.2494875E-05 -0.7019593E-07  0.1838322E-07  0.0000000E+00  0.0000000E+00  0.0000000E+00  0.0000000E+00
  0.1031786E+03  0.1235025E-04 -0.1461282E-05 -0.2536546E-07  0.7131529E-08  0.0000000E+00  0.0000000E+00  0.0000000E+00  0.0000000E+00
  0.1919559E+03  0.6499611E-05 -0.7342182E-06 -0.6706205E-08  0.2041102E-08  0.0000000E+00  0.0000000E+00  0.0000000E+00  0.0000000E+00
  0.4723127E+03  0.2573960E-05 -0.2723247E-06 -0.9861015E-09  0.3399477E-09  0.0000000E+00  0.0000000E+00  0.0000000E+00  0.0000000E+00
  0.2485589E+04  0.4360971E-06 -0.4265990E-07 -0.3134948E-10  0.1239254E-10  0.0000000E+00  0.0000000E+00  0.0000000E+00  0.0000000E+00
  0.1476368E-03  0.5262381E-04  0.3387591E-05  0.5748284E+00  0.1949657E-04  0.0000000E+00  0.0000000E+00  0.0000000E+00  0.0000000E+00
  0.7785206E-03  0.1207724E-03  0.7707359E-05  0.2491989E+00  0.4467322E-04  0.0000000E+00  0.0000000E+00  0.0000000E+00  0.0000000E+00
  0.1916108E-02  0.1892719E-03  0.1188934E-04  0.1575570E+00  0.6980895E-04  0.0000000E+00  0.0000000E+00  0.0000000E+00  0.0000000E+00
  0.3565090E-02  0.2577789E-03  0.1582014E-04  0.1141482E+00  0.9467934E-04  0.0000000E+00  0.0000000E+00  0.0000000E+00  0.0000000E+00
  0.5731950E-02  0.3262014E-03  0.1940343E-04  0.8862469E-01  0.1191542E-03  0.0000000E+00  0.0000000E+00  0.0000000E+00  0.0000000E+00
  0.8425210E-02  0.3944818E-03  0.2254635E-04  0.7168066E-01  0.1431172E-03  0.0000000E+00  0.0000000E+00  0.0000000E+00  0.0000000E+00
  0.1165551E-01  0.4625667E-03  0.2515815E-04  0.5951411E-01  0.1664554E-03  0.0000000E+00  0.0000000E+00  0.0000000E+00  0.0000000E+00
  0.1543569E-01  0.5303991E-03  0.2715029E-04  0.5028342E-01  0.1890569E-03  0.0000000E+00  0.0000000E+00  0.0000000E+00  0.0000000E+00
  0.1978089E-01  0.5979150E-03  0.2843690E-04  0.4298881E-01  0.2108097E-03  0.0000000E+00  0.0000000E+00  0.0000000E+00  0.0000000E+00
  0.2470864E-01  0.6650404E-03  0.2893542E-04  0.3704117E-01  0.2316021E-03  0.0000000E+00  0.0000000E+00  0.0000000E+00  0.0000000E+00
  0.3023904E-01  0.7316897E-03  0.2856742E-04  0.3207121E-01  0.2513223E-03  0.0000000E+00  0.0000000E+00  0.0000000E+00  0.0000000E+00
  0.3639486E-01  0.7977636E-03  0.2725947E-04  0.2783608E-01  0.2698588E-03  0.0000000E+00  0.0000000E+00  0.0000000E+00  0.0000000E+00
  0.4320175E-01  0.8631470E-03  0.2494427E-04  0.2416978E-01  0.2871008E-03  0.0000000E+00  0.0000000E+00  0.0000000E+00  0.0000000E+00
  0.5068846E-01  0.9277066E-03  0.2156183E-04  0.2095531E-01  0.3029387E-03  0.0000000E+00  0.0000000E+00  0.0000000E+00  0.0000000E+00
  0.5888703E-01  0.9912895E-03  0.1706093E-04  0.1810806E-01  0.3172649E-03  0.0000000E+00  0.0000000E+00  0.0000000E+00  0.0000000E+00
  0.6783309E-01  0.1053720E-02  0.1140060E-04  0.1556556E-01  0.3299742E-03  0.0000000E+00  0.0000000E+00  0.0000000E+00  0.0000000E+00
  0.7756614E-01  0.1114797E-02  0.4551953E-05  0.1328091E-01  0.3409655E-03  0.0000000E+00  0.0000000E+00  0.0000000E+00  0.0000000E+00
  0.8812992E-01  0.1174293E-02 -0.3499948E-05  0.1121837E-01  0.3501426E-03  0.0000000E+00  0.0000000E+00  0.0000000E+00  0.0000000E+00
  0.9957279E-01  0.1231950E-02 -0.1275398E-04  0.9350420E-02  0.3574155E-03  0.0000000E+00  0.0000000E+00  0.0000000E+00  0.0000000E+00
  0.1119482E+00  0.1287479E-02 -0.2319068E-04  0.7655662E-02  0.3627026E-03  0.0000000E+00  0.0000000E+00  0.0000000E+00  0.0000000E+00
  0.1253150E+00  0.1340555E-02 -0.3476994E-04  0.6117338E-02  0.3659319E-03  0.0000000E+00  0.0000000E+00  0.0000000E+00  0.0000000E+00
  0.1397386E+00  0.1390816E-02 -0.4742846E-04  0.4722241E-02  0.3670437E-03  0.0000000E+00  0.0000000E+00  0.0000000E+00  0.0000000E+00
  0.1552906E+00  0.1437865E-02 -0.6107737E-04  0.3459904E-02  0.3659923E-03  0.0000000E+00  0.0000000E+00  0.0000000E+00  0.0000000E+00
  0.1720507E+00  0.1481262E-02 -0.7559976E-04  0.2321975E-02  0.3627494E-03  0.0000000E+00  0.0000000E+00  0.0000000E+00  0.0000000E+00
  0.1901068E+00  0.1520532E-02 -0.9084850E-04  0.1301734E-02  0.3573060E-03  0.0000000E+00  0.0000000E+00  0.0000000E+00  0.0000000E+00
  0.2095561E+00  0.1555158E-02 -0.1066443E-03  0.3936983E-03  0.3496756E-03  0.0000000E+00  0.0000000E+00  0.0000000E+00  0.0000000E+00
  0.2305064E+00  0.1584591E-02 -0.1227745E-03 -0.4066944E-03  0.3398971E-03  0.0000000E+00  0.0000000E+00  0.0000000E+00  0.0000000E+00
  0.2530773E+00  0.1608249E-02 -0.1389920E-03 -0.1103362E-02  0.3280378E-03  0.0000000E+00  0.0000000E+00  0.0000000E+00  0.0000000E+00
  0.2774017E+00  0.1625527E-02 -0.1550163E-03 -0.1699815E-02  0.3141956E-03  0.0000000E+00  0.0000000E+00  0.0000000E+00  0.0000000E+00
  0.3036275E+00  0.1635805E-02 -0.1705345E-03 -0.2199364E-02  0.2985023E-03  0.0000000E+00  0.0000000E+00  0.0000000E+00  0.0000000E+00
  0.3319197E+00  0.1638462E-02 -0.1852052E-03 -0.2605314E-02  0.2811247E-03  0.0000000E+00  0.0000000E+00  0.0000000E+00  0.0000000E+00
  0.3624624E+00  0.1632894E-02 -0.1986638E-03 -0.2921136E-02  0.2622662E-03  0.0000000E+00  0.0000000E+00  0.0000000E+00  0.0000000E+00
  0.3954620E+00  0.1618535E-02 -0.2105298E-03 -0.3150627E-02  0.2421669E-03  0.0000000E+00  0.0000000E+00  0.0000000E+00  0.0000000E+00
  0.4311501E+00  0.1594881E-02 -0.2204182E-03 -0.3298058E-02  0.2211026E-03  0.0000000E+00  0.0000000E+00  0.0000000E+00  0.0000000E+00
  0.4697872E+00  0.1561527E-02 -0.2279521E-03 -0.3368296E-02  0.1993822E-03  0.0000000E+00  0.0000000E+00  0.0000000E+00  0.0000000E+00
  0.5116671E+00  0.1518194E-02 -0.2327801E-03 -0.3366907E-02  0.1773429E-03  0.0000000E+00  0.0000000E+00  0.0000000E+00  0.0000000E+00
  0.5571223E+00  0.1464779E-02 -0.2345952E-03 -0.3300241E-02  0.1553435E-03  0.0000000E+00  0.0000000E+00  0.0000000E+00  0.0000000E+00
  0.6065299E+00  0.1401390E-02 -0.2331572E-03 -0.3175461E-02  0.1337555E-03  0.0000000E+00  0.0000000E+00  0.0000000E+00  0.0000000E+00
  0.6603191E+00  0.1328387E-02 -0.2283159E-03 -0.3000547E-02  0.1129512E-03  0.0000000E+00  0.0000000E+00  0.0000000E+00  0.0000000E+00
  0.7189801E+00  0.1246427E-02 -0.2200353E-03 -0.2784235E-02  0.9329025E-04  0.0000000E+00  0.0000000E+00  0.0000000E+00  0.0000000E+00
  0.7830747E+00  0.1156488E-02 -0.2084141E-03 -0.2535895E-02  0.7510331E-04  0.0000000E+00  0.0000000E+00  0.0000000E+00  0.0000000E+00
  0.8532491E+00  0.1059888E-02 -0.1937034E-03 -0.2265348E-02  0.5867560E-04  0.0000000E+00  0.0000000E+00  0.0000000E+00  0.0000000E+00
  0.9302498E+00  0.9582838E-03 -0.1763147E-03 -0.1982603E-02  0.4422992E-04  0.0000000E+00  0.0000000E+00  0.0000000E+00  0.0000000E+00
  0.1014942E+01  0.8536371E-03 -0.1568168E-03 -0.1697530E-02  0.3191136E-04  0.0000000E+00  0.0000000E+00  0.0000000E+00  0.0000000E+00
  0.1108336E+01  0.7481565E-03 -0.1359179E-03 -0.1419483E-02  0.2177567E-04  0.0000000E+00  0.0000000E+00  0.0000000E+00  0.0000000E+00
  0.1211611E+01  0.6442000E-03 -0.1144305E-03 -0.1156880E-02  0.1378308E-04  0.0000000E+00  0.0000000E+00  0.0000000E+00  0.0000000E+00
  0.1326157E+01  0.5441460E-03 -0.9321824E-04 -0.9167924E-03  0.7799636E-05  0.0000000E+00  0.0000000E+00  0.0000000E+00  0.0000000E+00
  0.1453620E+01  0.4502380E-03 -0.7312847E-04 -0.7045741E-03  0.3607279E-05  0.0000000E+00  0.0000000E+00  0.0000000E+00  0.0000000E+00
  0.1595957E+01  0.3644192E-03 -0.5491641E-04 -0.5235860E-03  0.9229449E-06  0.0000000E+00  0.0000000E+00  0.0000000E+00  0.0000000E+00
  0.1755512E+01  0.2881770E-03 -0.3917067E-04 -0.3750678E-03 -0.5747721E-06  0.0000000E+00  0.0000000E+00  0.0000000E+00  0.0000000E+00
  0.1935113E+01  0.2224257E-03 -0.2625359E-04 -0.2581938E-03 -0.1214419E-05  0.0000000E+00  0.0000000E+00  0.0000000E+00  0.0000000E+00
  0.2138195E+01  0.1674496E-03 -0.1626899E-04 -0.1703330E-03 -0.1300580E-05  0.0000000E+00  0.0000000E+00  0.0000000E+00  0.0000000E+00
  0.2368965E+01  0.1229243E-03 -0.9066929E-05 -0.1074950E-03 -0.1088145E-05  0.0000000E+00  0.0000000E+00  0.0000000E+00  0.0000000E+00
  0.2632616E+01  0.8801410E-04 -0.4287456E-05 -0.6490841E-04 -0.7665068E-06  0.0000000E+00  0.0000000E+00  0.0000000E+00  0.0000000E+00
  0.2935624E+01  0.6152662E-04 -0.1435625E-05 -0.3764060E-04 -0.4560872E-06  0.0000000E+00  0.0000000E+00  0.0000000E+00  0.0000000E+00
  0.3286143E+01  0.4208765E-04  0.2871422E-07 -0.2115229E-04 -0.2163965E-06  0.0000000E+00  0.0000000E+00  0.0000000E+00  0.0000000E+00
  0.3694559E+01  0.2829803E-04  0.6070990E-06 -0.1169146E-04 -0.6190765E-07  0.0000000E+00  0.0000000E+00  0.0000000E+00  0.0000000E+00
  0.4174262E+01  0.1884674E-04  0.7025576E-06 -0.6471308E-05  0.1954005E-07  0.0000000E+00  0.0000000E+00  0.0000000E+00  0.0000000E+00
  0.4742755E+01  0.1257728E-04  0.5931120E-06 -0.3636859E-05  0.5060583E-07  0.0000000E+00  0.0000000E+00  0.0000000E+00  0.0000000E+00
  0.5423267E+01  0.8521731E-05  0.4376316E-06 -0.2081455E-05  0.5341691E-07  0.0000000E+00  0.0000000E+00  0.0000000E+00  0.0000000E+00
  0.6247158E+01  0.5917973E-05  0.3044004E-06 -0.1205028E-05  0.4418502E-07  0.0000000E+00  0.0000000E+00  0.0000000E+00  0.0000000E+00
  0.7257593E+01  0.4212678E-05  0.2081867E-06 -0.6989616E-06  0.3230060E-07  0.0000000E+00  0.0000000E+00  0.0000000E+00  0.0000000E+00
  0.8515298E+01  0.3043531E-05  0.1420548E-06 -0.4024389E-06  0.2191679E-07  0.0000000E+00  0.0000000E+00  0.0000000E+00  0.0000000E+00
  0.1010789E+02  0.2199240E-05  0.9602531E-07 -0.2274769E-06  0.1414441E-07  0.0000000E+00  0.0000000E+00  0.0000000E+00  0.0000000E+00
  0.1216555E+02  0.1568301E-05  0.6329275E-07 -0.1245530E-06  0.8765167E-08  0.0000000E+00  0.0000000E+00  0.0000000E+00  0.0000000E+00
  0.1488845E+02  0.1092610E-05  0.4008679E-07 -0.6506037E-07  0.5208237E-08  0.0000000E+00  0.0000000E+00  0.0000000E+00  0.0000000E+00
  0.1859735E+02  0.7374926E-06  0.2415678E-07 -0.3177604E-07  0.2945666E-08  0.0000000E+00  0.0000000E+00  0.0000000E+00  0.0000000E+00
  0.2383244E+02  0.4787073E-06  0.1356210E-07 -0.1426625E-07  0.1565248E-08  0.0000000E+00  0.0000000E+00  0.0000000E+00  0.0000000E+00
  0.3156166E+02  0.2965670E-06  0.6953084E-08 -0.5886973E-08  0.7643146E-09  0.0000000E+00  0.0000000E+00  0.0000000E+00  0.0000000E+00
  0.4366216E+02  0.1732651E-06  0.3443200E-08 -0.2256884E-08  0.3319197E-09  0.0000000E+00  0.0000000E+00  0.0000000E+00  0.0000000E+00
  0.6417630E+02  0.9303477E-07  0.1637334E-08 -0.7780450E-09  0.1233895E-09  0.0000000E+00  0.0000000E+00  0.0000000E+00  0.0000000E+00
  0.1031786E+03  0.4339832E-07  0.6837644E-09 -0.2169051E-09  0.3637549E-10  0.0000000E+00  0.0000000E+00  0.0000000E+00  0.0000000E+00
  0.1919559E+03  0.1584878E-07  0.2244446E-09 -0.4196021E-10  0.7105822E-11  0.0000000E+00  0.0000000E+00  0.0000000E+00  0.0000000E+00
  0.4723127E+03  0.3760193E-08  0.4211953E-10 -0.3926731E-11  0.6966190E-12  0.0000000E+00  0.0000000E+00  0.0000000E+00  0.0000000E+00
  0.2485589E+04  0.2788447E-09  0.9806445E-12 -0.3823520E-13  0.1109789E-13  0.0000000E+00  0.0000000E+00  0.0000000E+00  0.0000000E+00
  0.1476368E-03  0.1804516E-06 -0.4474562E-08 -0.1421814E-06  0.5034786E-07  0.0000000E+00  0.0000000E+00  0.0000000E+00  0.0000000E+00
  0.7785206E-03  0.9509226E-06 -0.2357153E-07 -0.7487760E-06  0.2651206E-06  0.0000000E+00  0.0000000E+00  0.0000000E+00  0.0000000E+00
  0.1916108E-02  0.2337601E-05 -0.5792142E-07 -0.1839392E-05  0.6508731E-06  0.0000000E+00  0.0000000E+00  0.0000000E+00  0.0000000E+00
  0.3565090E-02  0.4341717E-05 -0.1075556E-06 -0.3414161E-05  0.1206594E-05  0.0000000E+00  0.0000000E+00  0.0000000E+00  0.0000000E+00
  0.5731950E-02  0.6964613E-05 -0.1725716E-06 -0.5473176E-05  0.1930682E-05  0.0000000E+00  0.0000000E+00  0.0000000E+00  0.0000000E+00
  0.8425210E-02  0.1020797E-04 -0.2531924E-06 -0.8016513E-05  0.2820965E-05  0.0000000E+00  0.0000000E+00  0.0000000E+00  0.0000000E+00
  0.1165551E-01  0.1407378E-04 -0.3498299E-06 -0.1104412E-04  0.3874654E-05  0.0000000E+00  0.0000000E+00  0.0000000E+00  0.0000000E+00
  0.1543569E-01  0.1856432E-04 -0.4631571E-06 -0.1455562E-04  0.5088264E-05  0.0000000E+00  0.0000000E+00  0.0000000E+00  0.0000000E+00
  0.1978089E-01  0.2368206E-04 -0.5941889E-06 -0.1855004E-04  0.6457536E-05  0.0000000E+00  0.0000000E+00  0.0000000E+00  0.0000000E+00
  0.2470864E-01  0.2942962E-04 -0.7443717E-06 -0.2302541E-04  0.7977331E-05  0.0000000E+00  0.0000000E+00  0.0000000E+00  0.0000000E+00
  0.3023904E-01  0.3580959E-04 -0.9156841E-06 -0.2797828E-04  0.9641521E-05  0.0000000E+00  0.0000000E+00  0.0000000E+00  0.0000000E+00
  0.3639486E-01  0.4282448E-04 -0.1110753E-05 -0.3340320E-04  0.1144285E-04  0.0000000E+00  0.0000000E+00  0.0000000E+00  0.0000000E+00
  0.4320175E-01  0.5047643E-04 -0.1332979E-05 -0.3929211E-04  0.1337280E-04  0.0000000E+00  0.0000000E+00  0.0000000E+00  0.0000000E+00
  0.5068846E-01  0.5876709E-04 -0.1586657E-05 -0.4563340E-04  0.1542140E-04  0.0000000E+00  0.0000000E+00  0.0000000E+00  0.0000000E+00
  0.5888703E-01  0.6769723E-04 -0.1877110E-05 -0.5241099E-04  0.1757712E-04  0.0000000E+00  0.0000000E+00  0.0000000E+00  0.0000000E+00
  0.6783309E-01  0.7726643E-04 -0.2210802E-05 -0.5960342E-04  0.1982664E-04  0.0000000E+00  0.0000000E+00  0.0000000E+00  0.0000000E+00
  0.7756614E-01  0.8747260E-04 -0.2595449E-05 -0.6718293E-04  0.2215473E-04  0.0000000E+00  0.0000000E+00  0.0000000E+00  0.0000000E+00
  0.8812992E-01  0.9831142E-04 -0.3040100E-05 -0.7511445E-04  0.2454406E-04  0.0000000E+00  0.0000000E+00  0.0000000E+00  0.0000000E+00
  0.9957279E-01  0.1097756E-03 -0.3555192E-05 -0.8335465E-04  0.2697506E-04  0.0000000E+00  0.0000000E+00  0.0000000E+00  0.0000000E+00
  0.1119482E+00  0.1218543E-03 -0.4152547E-05 -0.9185088E-04  0.2942574E-04  0.0000000E+00  0.0000000E+00  0.0000000E+00  0.0000000E+00
  0.1253150E+00  0.1345314E-03 -0.4845313E-05 -0.1005402E-03  0.3187166E-04  0.0000000E+00  0.0000000E+00  0.0000000E+00  0.0000000E+00
  0.1397386E+00  0.1477853E-03 -0.5647829E-05 -0.1093483E-03  0.3428578E-04  0.0000000E+00  0.0000000E+00  0.0000000E+00  0.0000000E+00
  0.1552906E+00  0.1615864E-03 -0.6575395E-05 -0.1181890E-03  0.3663849E-04  0.0000000E+00  0.0000000E+00  0.0000000E+00  0.0000000E+00
  0.1720507E+00  0.1758961E-03 -0.7643924E-05 -0.1269629E-03  0.3889764E-04  0.0000000E+00  0.0000000E+00  0.0000000E+00  0.0000000E+00
  0.1901068E+00  0.1906646E-03 -0.8869433E-05 -0.1355577E-03  0.4102866E-04  0.0000000E+00  0.0000000E+00  0.0000000E+00  0.0000000E+00
  0.2095561E+00  0.2058282E-03 -0.1026736E-04 -0.1438478E-03  0.4299483E-04  0.0000000E+00  0.0000000E+00  0.0000000E+00  0.0000000E+00
  0.2305064E+00  0.2213073E-03 -0.1185165E-04 -0.1516945E-03  0.4475765E-04  0.0000000E+00  0.0000000E+00  0.0000000E+00  0.0000000E+00
  0.2530773E+00  0.2370029E-03 -0.1363367E-04 -0.1589474E-03  0.4627741E-04  0.0000000E+00  0.0000000E+00  0.0000000E+00  0.0000000E+00
  0.2774017E+00  0.2527940E-03 -0.1562082E-04 -0.1654458E-03  0.4751389E-04  0.0000000E+00  0.0000000E+00  0.0000000E+00  0.0000000E+00
  0.3036275E+00  0.2685340E-03 -0.1781491E-04 -0.1710215E-03  0.4842735E-04  0.0000000E+00  0.0000000E+00  0.0000000E+00  0.0000000E+00
  0.3319197E+00  0.2840474E-03 -0.2021040E-04 -0.1755022E-03  0.4897962E-04  0.0000000E+00  0.0000000E+00  0.0000000E+00  0.0000000E+00
  0.3624624E+00  0.2991271E-03 -0.2279236E-04 -0.1787163E-03  0.4913560E-04  0.0000000E+00  0.0000000E+00  0.0000000E+00  0.0000000E+00
  0.3954620E+00  0.3135311E-03 -0.2553443E-04 -0.1804984E-03  0.4886481E-04  0.0000000E+00  0.0000000E+00  0.0000000E+00  0.0000000E+00
  0.4311501E+00  0.3269819E-03 -0.2839680E-04 -0.1806970E-03  0.4814332E-04  0.0000000E+00  0.0000000E+00  0.0000000E+00  0.0000000E+00
  0.4697872E+00  0.3391653E-03 -0.3132445E-04 -0.1791822E-03  0.4695571E-04  0.0000000E+00  0.0000000E+00  0.0000000E+00  0.0000000E+00
  0.5116671E+00  0.3497326E-03 -0.3424591E-04 -0.1758557E-03  0.4529724E-04  0.0000000E+00  0.0000000E+00  0.0000000E+00  0.0000000E+00
  0.5571223E+00  0.3583055E-03 -0.3707282E-04 -0.1706606E-03  0.4317592E-04  0.0000000E+00  0.0000000E+00  0.0000000E+00  0.0000000E+00
  0.6065299E+00  0.3644837E-03 -0.3970074E-04 -0.1635919E-03  0.4061446E-04  0.0000000E+00  0.0000000E+00  0.0000000E+00  0.0000000E+00
  0.6603191E+00  0.3678584E-03 -0.4201152E-04 -0.1547065E-03  0.3765178E-04  0.0000000E+00  0.0000000E+00  0.0000000E+00  0.0000000E+00
  0.7189801E+00  0.3680298E-03 -0.4387778E-04 -0.1441315E-03  0.3434394E-04  0.0000000E+00  0.0000000E+00  0.0000000E+00  0.0000000E+00
  0.7830747E+00  0.3646309E-03 -0.4516965E-04 -0.1320699E-03  0.3076415E-04  0.0000000E+00  0.0000000E+00  0.0000000E+00  0.0000000E+00
  0.8532491E+00  0.3573577E-03 -0.4576403E-04 -0.1188022E-03  0.2700155E-04  0.0000000E+00  0.0000000E+00  0.0000000E+00  0.0000000E+00
  0.9302498E+00  0.3460033E-03 -0.4555612E-04 -0.1046815E-03  0.2315856E-04  0.0000000E+00  0.0000000E+00  0.0000000E+00  0.0000000E+00
  0.1014942E+01  0.3304970E-03 -0.4447262E-04 -0.9012272E-04  0.1934659E-04  0.0000000E+00  0.0000000E+00  0.0000000E+00  0.0000000E+00
  0.1108336E+01  0.3109416E-03 -0.4248530E-04 -0.7558299E-04  0.1568008E-04  0.0000000E+00  0.0000000E+00  0.0000000E+00  0.0000000E+00
  0.1211611E+01  0.2876475E-03 -0.3962310E-04 -0.6153412E-04  0.1226904E-04  0.0000000E+00  0.0000000E+00  0.0000000E+00  0.0000000E+00
  0.1326157E+01  0.2611531E-03 -0.3598023E-04 -0.4842864E-04  0.9210666E-05  0.0000000E+00  0.0000000E+00  0.0000000E+00  0.0000000E+00
  0.1453620E+01  0.2322266E-03 -0.3171746E-04 -0.3666196E-04  0.6580741E-05  0.0000000E+00  0.0000000E+00  0.0000000E+00  0.0000000E+00
  0.1595957E+01  0.2018383E-03 -0.2705414E-04 -0.2653522E-04  0.4426003E-05  0.0000000E+00  0.0000000E+00  0.0000000E+00  0.0000000E+00
  0.1755512E+01  0.1710995E-03 -0.2224957E-04 -0.1822520E-04  0.2758867E-05  0.0000000E+00  0.0000000E+00  0.0000000E+00  0.0000000E+00
  0.1935113E+01  0.1411666E-03 -0.1757471E-04 -0.1176713E-04  0.1555846E-05  0.0000000E+00  0.0000000E+00  0.0000000E+00  0.0000000E+00
  0.2138195E+01  0.1131212E-03 -0.1327792E-04 -0.7055931E-05  0.7607398E-06  0.0000000E+00  0.0000000E+00  0.0000000E+00  0.0000000E+00
  0.2368965E+01  0.8784668E-04 -0.9551846E-05 -0.3867766E-05  0.2929235E-06  0.0000000E+00  0.0000000E+00  0.0000000E+00  0.0000000E+00
  0.2632616E+01  0.6593341E-04 -0.6509400E-05 -0.1899402E-05  0.5992795E-07  0.0000000E+00  0.0000000E+00  0.0000000E+00  0.0000000E+00
  0.2935624E+01  0.4764139E-04 -0.4176065E-05 -0.8180841E-06 -0.2790774E-07  0.0000000E+00  0.0000000E+00  0.0000000E+00  0.0000000E+00
  0.3286143E+01  0.3293509E-04 -0.2500450E-05 -0.3110997E-06 -0.4408660E-07  0.0000000E+00  0.0000000E+00  0.0000000E+00  0.0000000E+00
  0.3694559E+01  0.2157302E-04 -0.1378814E-05 -0.1239719E-06 -0.3758327E-07  0.0000000E+00  0.0000000E+00  0.0000000E+00  0.0000000E+00
  0.4174262E+01  0.1320601E-04 -0.6844413E-06 -0.7957131E-07 -0.3190795E-07  0.0000000E+00  0.0000000E+00  0.0000000E+00  0.0000000E+00
  0.4742755E+01  0.7437287E-05 -0.2927696E-06 -0.7645922E-07 -0.3134149E-07  0.0000000E+00  0.0000000E+00  0.0000000E+00  0.0000000E+00
  0.5423267E+01  0.3832157E-05 -0.9755495E-07 -0.7141678E-07 -0.3099938E-07  0.0000000E+00  0.0000000E+00  0.0000000E+00  0.0000000E+00
  0.6247158E+01  0.1909261E-05 -0.1799620E-07 -0.5570470E-07 -0.2588298E-07  0.0000000E+00  0.0000000E+00  0.0000000E+00  0.0000000E+00
  0.7257593E+01  0.1153337E-05  0.1264513E-08 -0.3467904E-07 -0.1539913E-07  0.0000000E+00  0.0000000E+00  0.0000000E+00  0.0000000E+00
  0.8515298E+01  0.1057125E-05 -0.5196151E-08 -0.1566925E-07 -0.3040305E-08  0.0000000E+00  0.0000000E+00  0.0000000E+00  0.0000000E+00
  0.1010789E+02  0.1176167E-05 -0.1748375E-07 -0.3160119E-08  0.6537461E-08  0.0000000E+00  0.0000000E+00  0.0000000E+00  0.0000000E+00
  0.1216555E+02  0.1189629E-05 -0.2553049E-07  0.2094320E-08  0.1044948E-07  0.0000000E+00  0.0000000E+00  0.0000000E+00  0.0000000E+00
  0.1488845E+02  0.9540403E-06 -0.2531385E-07  0.2099235E-08  0.9018345E-08  0.0000000E+00  0.0000000E+00  0.0000000E+00  0.0000000E+00
  0.1859735E+02  0.5405937E-06 -0.1712094E-07  0.1968004E-09  0.4995119E-08  0.0000000E+00  0.0000000E+00  0.0000000E+00  0.0000000E+00
  0.2383244E+02  0.1512980E-06 -0.7427402E-08 -0.8832653E-09  0.1257187E-08  0.0000000E+00  0.0000000E+00  0.0000000E+00  0.0000000E+00
  0.3156166E+02 -0.1163035E-06  0.5403686E-09 -0.1090089E-08 -0.7857745E-09  0.0000000E+00  0.0000000E+00  0.0000000E+00  0.0000000E+00
  0.4366216E+02 -0.2799154E-06  0.1057032E-07 -0.1117823E-08 -0.1194278E-08  0.0000000E+00  0.0000000E+00  0.0000000E+00  0.0000000E+00
  0.6417630E+02 -0.3181006E-06  0.1684696E-07 -0.8175640E-09 -0.7482866E-09  0.0000000E+00  0.0000000E+00  0.0000000E+00  0.0000000E+00
  0.1031786E+03 -0.1491205E-06  0.9730964E-08 -0.2445093E-09 -0.1725490E-09  0.0000000E+00  0.0000000E+00  0.0000000E+00  0.0000000E+00
  0.1919559E+03  0.1704685E-06 -0.7168360E-08  0.1143689E-09  0.1116009E-09  0.0000000E+00  0.0000000E+00  0.0000000E+00  0.0000000E+00
  0.4723127E+03  0.1544401E-06 -0.6846394E-08  0.4070375E-10  0.3745821E-10  0.0000000E+00  0.0000000E+00  0.0000000E+00  0.0000000E+00
  0.2485589E+04 -0.1489128E-07  0.5896748E-09 -0.7363373E-12 -0.7338954E-12  0.0000000E+00  0.0000000E+00  0.0000000E+00  0.0000000E+00
  0.1476368E-03 -0.3212086E-10  0.2054079E-08  0.5748872E+00  0.1526740E-09  0.0000000E+00  0.0000000E+00  0.0000000E+00  0.0000000E+00
  0.7785206E-03 -0.3864347E-09  0.2484266E-07  0.2493335E+00  0.1845552E-08  0.0000000E+00  0.0000000E+00  0.0000000E+00  0.0000000E+00
  0.1916108E-02 -0.1474577E-08  0.9568229E-07  0.1577676E+00  0.7103374E-08  0.0000000E+00  0.0000000E+00  0.0000000E+00  0.0000000E+00
  0.3565090E-02 -0.3677960E-08  0.2418836E-06  0.1144341E+00  0.1794330E-07  0.0000000E+00  0.0000000E+00  0.0000000E+00  0.0000000E+00
  0.5731950E-02 -0.7326143E-08  0.4904670E-06  0.8898508E-01  0.3635340E-07  0.0000000E+00  0.0000000E+00  0.0000000E+00  0.0000000E+00
  0.8425210E-02 -0.1267578E-07  0.8679836E-06  0.7211437E-01  0.6427965E-07  0.0000000E+00  0.0000000E+00  0.0000000E+00  0.0000000E+00
  0.1165551E-01 -0.1988753E-07  0.1400315E-05  0.6001972E-01  0.1036114E-06  0.0000000E+00  0.0000000E+00  0.0000000E+00  0.0000000E+00
  0.1543569E-01 -0.2900039E-07  0.2112453E-05  0.5085927E-01  0.1561654E-06  0.0000000E+00  0.0000000E+00  0.0000000E+00  0.0000000E+00
  0.1978089E-01 -0.3990304E-07  0.3028251E-05  0.4363294E-01  0.2236670E-06  0.0000000E+00  0.0000000E+00  0.0000000E+00  0.0000000E+00
  0.2470864E-01 -0.5230169E-07  0.4170167E-05  0.3775134E-01  0.3077299E-06  0.0000000E+00  0.0000000E+00  0.0000000E+00  0.0000000E+00
  0.3023904E-01 -0.6568407E-07  0.5558959E-05  0.3284489E-01  0.4098323E-06  0.0000000E+00  0.0000000E+00  0.0000000E+00  0.0000000E+00
  0.3639486E-01 -0.7927938E-07  0.7213364E-05  0.2867041E-01  0.5312895E-06  0.0000000E+00  0.0000000E+00  0.0000000E+00  0.0000000E+00
  0.4320175E-01 -0.9201402E-07  0.9149728E-05  0.2506158E-01  0.6732219E-06  0.0000000E+00  0.0000000E+00  0.0000000E+00  0.0000000E+00
  0.5068846E-01 -0.1024632E-06  0.1138161E-04  0.2190105E-01  0.8365202E-06  0.0000000E+00  0.0000000E+00  0.0000000E+00  0.0000000E+00
  0.5888703E-01 -0.1087990E-06  0.1391935E-04  0.1910386E-01  0.1021805E-05  0.0000000E+00  0.0000000E+00  0.0000000E+00  0.0000000E+00
  0.6783309E-01 -0.1087352E-06  0.1676957E-04  0.1660717E-01  0.1229386E-05  0.0000000E+00  0.0000000E+00  0.0000000E+00  0.0000000E+00
  0.7756614E-01 -0.9947129E-07  0.1993471E-04  0.1436368E-01  0.1459210E-05  0.0000000E+00  0.0000000E+00  0.0000000E+00  0.0000000E+00
  0.8812992E-01 -0.7763605E-07  0.2341242E-04  0.1233729E-01  0.1710814E-05  0.0000000E+00  0.0000000E+00  0.0000000E+00  0.0000000E+00
  0.9957279E-01 -0.3923484E-07  0.2719503E-04  0.1050005E-01  0.1983272E-05  0.0000000E+00  0.0000000E+00  0.0000000E+00  0.0000000E+00
  0.1119482E+00  0.2039619E-07  0.3126894E-04  0.8830199E-02  0.2275136E-05  0.0000000E+00  0.0000000E+00  0.0000000E+00  0.0000000E+00
  0.1253150E+00  0.1066238E-06  0.3561400E-04  0.7310574E-02  0.2584386E-05  0.0000000E+00  0.0000000E+00  0.0000000E+00  0.0000000E+00
  0.1397386E+00  0.2255330E-06  0.4020292E-04  0.5927598E-02  0.2908372E-05  0.0000000E+00  0.0000000E+00  0.0000000E+00  0.0000000E+00
  0.1552906E+00  0.3839153E-06  0.4500070E-04  0.4670454E-02  0.3243770E-05  0.0000000E+00  0.0000000E+00  0.0000000E+00  0.0000000E+00
  0.1720507E+00  0.5892207E-06  0.4996408E-04  0.3530475E-02  0.3586539E-05  0.0000000E+00  0.0000000E+00  0.0000000E+00  0.0000000E+00
  0.1901068E+00  0.8494610E-06  0.5504111E-04  0.2500670E-02  0.3931899E-05  0.0000000E+00  0.0000000E+00  0.0000000E+00  0.0000000E+00
  0.2095561E+00  0.1173051E-05  0.6017083E-04  0.1575349E-02  0.4274314E-05  0.0000000E+00  0.0000000E+00  0.0000000E+00  0.0000000E+00
  0.2305064E+00  0.1568572E-05  0.6528310E-04  0.7498176E-03  0.4607511E-05  0.0000000E+00  0.0000000E+00  0.0000000E+00  0.0000000E+00
  0.2530773E+00  0.2044440E-05  0.7029869E-04  0.2011850E-04  0.4924526E-05  0.0000000E+00  0.0000000E+00  0.0000000E+00  0.0000000E+00
  0.2774017E+00  0.2608469E-05  0.7512964E-04 -0.6171840E-03  0.5217782E-05  0.0000000E+00  0.0000000E+00  0.0000000E+00  0.0000000E+00
  0.3036275E+00  0.3267300E-05  0.7967999E-04 -0.1165198E-02  0.5479221E-05  0.0000000E+00  0.0000000E+00  0.0000000E+00  0.0000000E+00
  0.3319197E+00  0.4025703E-05  0.8384696E-04 -0.1626875E-02  0.5700485E-05  0.0000000E+00  0.0000000E+00  0.0000000E+00  0.0000000E+00
  0.3624624E+00  0.4885735E-05  0.8752267E-04 -0.2005169E-02  0.5873154E-05  0.0000000E+00  0.0000000E+00  0.0000000E+00  0.0000000E+00
  0.3954620E+00  0.5845775E-05  0.9059644E-04 -0.2303182E-02  0.5989053E-05  0.0000000E+00  0.0000000E+00  0.0000000E+00  0.0000000E+00
  0.4311501E+00  0.6899452E-05  0.9295782E-04 -0.2524297E-02  0.6040624E-05  0.0000000E+00  0.0000000E+00  0.0000000E+00  0.0000000E+00
  0.4697872E+00  0.8034524E-05  0.9450029E-04 -0.2672301E-02  0.6021359E-05  0.0000000E+00  0.0000000E+00  0.0000000E+00  0.0000000E+00
  0.5116671E+00  0.9231800E-05  0.9512576E-04 -0.2751499E-02  0.5926296E-05  0.0000000E+00  0.0000000E+00  0.0000000E+00  0.0000000E+00
  0.5571223E+00  0.1046421E-04  0.9474980E-04 -0.2766799E-02  0.5752541E-05  0.0000000E+00  0.0000000E+00  0.0000000E+00  0.0000000E+00
  0.6065299E+00  0.1169622E-04  0.9330748E-04 -0.2723787E-02  0.5499798E-05  0.0000000E+00  0.0000000E+00  0.0000000E+00  0.0000000E+00
  0.6603191E+00  0.1288375E-04  0.9075960E-04 -0.2628765E-02  0.5170863E-05  0.0000000E+00  0.0000000E+00  0.0000000E+00  0.0000000E+00
  0.7189801E+00  0.1397492E-04  0.8709911E-04 -0.2488755E-02  0.4772013E-05  0.0000000E+00  0.0000000E+00  0.0000000E+00  0.0000000E+00
  0.7830747E+00  0.1491177E-04  0.8235710E-04 -0.2311451E-02  0.4313233E-05  0.0000000E+00  0.0000000E+00  0.0000000E+00  0.0000000E+00
  0.8532491E+00  0.1563332E-04  0.7660792E-04 -0.2105130E-02  0.3808185E-05  0.0000000E+00  0.0000000E+00  0.0000000E+00  0.0000000E+00
  0.9302498E+00  0.1607997E-04  0.6997249E-04 -0.1878486E-02  0.3273846E-05  0.0000000E+00  0.0000000E+00  0.0000000E+00  0.0000000E+00
  0.1014942E+01  0.1619927E-04  0.6261912E-04 -0.1640408E-02  0.2729752E-05  0.0000000E+00  0.0000000E+00  0.0000000E+00  0.0000000E+00
  0.1108336E+01  0.1595270E-04  0.5476072E-04 -0.1399691E-02  0.2196815E-05  0.0000000E+00  0.0000000E+00  0.0000000E+00  0.0000000E+00
  0.1211611E+01  0.1532286E-04  0.4664777E-04 -0.1164692E-02  0.1695752E-05  0.0000000E+00  0.0000000E+00  0.0000000E+00  0.0000000E+00
  0.1326157E+01  0.1431976E-04  0.3855636E-04 -0.9429480E-03  0.1245230E-05  0.0000000E+00  0.0000000E+00  0.0000000E+00  0.0000000E+00
  0.1453620E+01  0.1298494E-04  0.3077122E-04 -0.7407902E-03  0.8599589E-06  0.0000000E+00  0.0000000E+00  0.0000000E+00  0.0000000E+00
  0.1595957E+01  0.1139165E-04  0.2356459E-04 -0.5629893E-03  0.5490237E-06  0.0000000E+00  0.0000000E+00  0.0000000E+00  0.0000000E+00
  0.1755512E+01  0.9639674E-05  0.1717253E-04 -0.4124918E-03  0.3148129E-06  0.0000000E+00  0.0000000E+00  0.0000000E+00  0.0000000E+00
  0.1935113E+01  0.7844490E-05  0.1177143E-04 -0.2902922E-03  0.1528726E-06  0.0000000E+00  0.0000000E+00  0.0000000E+00  0.0000000E+00
  0.2138195E+01  0.6121730E-05  0.7458568E-05 -0.1954874E-03  0.5286384E-07  0.0000000E+00  0.0000000E+00  0.0000000E+00  0.0000000E+00
  0.2368965E+01  0.4569960E-05  0.4240873E-05 -0.1255332E-03  0.5564695E-09  0.0000000E+00  0.0000000E+00  0.0000000E+00  0.0000000E+00
  0.2632616E+01  0.3256309E-05  0.2035539E-05 -0.7668479E-04 -0.1952345E-07  0.0000000E+00  0.0000000E+00  0.0000000E+00  0.0000000E+00
  0.2935624E+01  0.2209477E-05  0.6846700E-06 -0.4456314E-04 -0.2143213E-07  0.0000000E+00  0.0000000E+00  0.0000000E+00  0.0000000E+00
  0.3286143E+01  0.1422489E-05 -0.1706930E-07 -0.2474896E-04 -0.1584057E-07  0.0000000E+00  0.0000000E+00  0.0000000E+00  0.0000000E+00
  0.3694559E+01  0.8635230E-06 -0.2865346E-06 -0.1329288E-04 -0.9255789E-08  0.0000000E+00  0.0000000E+00  0.0000000E+00  0.0000000E+00
  0.4174262E+01  0.4894385E-06 -0.3162684E-06 -0.7048002E-05 -0.4478165E-08  0.0000000E+00  0.0000000E+00  0.0000000E+00  0.0000000E+00
  0.4742755E+01  0.2561435E-06 -0.2485664E-06 -0.3782066E-05 -0.1864000E-08  0.0000000E+00  0.0000000E+00  0.0000000E+00  0.0000000E+00
  0.5423267E+01  0.1234604E-06 -0.1667967E-06 -0.2091531E-05 -0.7191831E-09  0.0000000E+00  0.0000000E+00  0.0000000E+00  0.0000000E+00
  0.6247158E+01  0.5668858E-07 -0.1045975E-06 -0.1193947E-05 -0.2755090E-09  0.0000000E+00  0.0000000E+00  0.0000000E+00  0.0000000E+00
  0.7257593E+01  0.2796372E-07 -0.6559497E-07 -0.6952310E-06 -0.7877099E-10  0.0000000E+00  0.0000000E+00  0.0000000E+00  0.0000000E+00
  0.8515298E+01  0.1762258E-07 -0.4251283E-07 -0.4063710E-06  0.3551329E-10  0.0000000E+00  0.0000000E+00  0.0000000E+00  0.0000000E+00
  0.1010789E+02  0.1393211E-07 -0.2818162E-07 -0.2345501E-06  0.9571778E-10  0.0000000E+00  0.0000000E+00  0.0000000E+00  0.0000000E+00
  0.1216555E+02  0.1117957E-07 -0.1848332E-07 -0.1314051E-06  0.1040280E-09  0.0000000E+00  0.0000000E+00  0.0000000E+00  0.0000000E+00
  0.1488845E+02  0.7608823E-08 -0.1162310E-07 -0.7012196E-07  0.7598365E-10  0.0000000E+00  0.0000000E+00  0.0000000E+00  0.0000000E+00
  0.1859735E+02  0.3852231E-08 -0.6857466E-08 -0.3490763E-07  0.3793659E-10  0.0000000E+00  0.0000000E+00  0.0000000E+00  0.0000000E+00
  0.2383244E+02  0.1135970E-08 -0.3655406E-08 -0.1603431E-07  0.9961027E-11  0.0000000E+00  0.0000000E+00  0.0000000E+00  0.0000000E+00
  0.3156166E+02 -0.2898496E-09 -0.1721996E-08 -0.6810844E-08 -0.2607607E-11  0.0000000E+00  0.0000000E+00  0.0000000E+00  0.0000000E+00
  0.4366216E+02 -0.8618925E-09 -0.8034761E-09 -0.2661796E-08 -0.4491264E-11  0.0000000E+00  0.0000000E+00  0.0000000E+00  0.0000000E+00
  0.6417630E+02 -0.8342434E-09 -0.3759501E-09 -0.9214825E-09 -0.2403344E-11  0.0000000E+00  0.0000000E+00  0.0000000E+00  0.0000000E+00
  0.1031786E+03 -0.3082544E-09 -0.1288699E-09 -0.2659127E-09 -0.4358368E-12  0.0000000E+00  0.0000000E+00  0.0000000E+00  0.0000000E+00
  0.1919559E+03  0.2584266E-09 -0.1224829E-10 -0.5954441E-10  0.1986955E-12  0.0000000E+00  0.0000000E+00  0.0000000E+00  0.0000000E+00
  0.4723127E+03  0.1470851E-09  0.1313191E-11 -0.6293627E-11  0.4107046E-13  0.0000000E+00  0.0000000E+00  0.0000000E+00  0.0000000E+00
  0.2485589E+04 -0.5911462E-11  0.3267521E-12 -0.4995763E-13 -0.3288746E-15  0.0000000E+00  0.0000000E+00  0.0000000E+00  0.0000000E+00
