  0.1383228E+00  0.1275130E-01  0.9250985E-01           4          75
  0.1476368E-03  0.1510612E+00 -0.7239146E-01 -0.1111070E+00  0.2593011E-01  0.0000000E+00  0.0000000E+00  0.0000000E+00  0.0000000E+00
  0.7785206E-03  0.1509272E+00 -0.7230541E-01 -0.1109120E+00  0.2587867E-01  0.0000000E+00  0.0000000E+00  0.0000000E+00  0.0000000E+00
  0.1916108E-02  0.1506859E+00 -0.7215049E-01 -0.1105646E+00  0.2578613E-01  0.0000000E+00  0.0000000E+00  0.0000000E+00  0.0000000E+00
  0.3565090E-02  0.1503366E+00 -0.7192647E-01 -0.1100627E+00  0.2565255E-01  0.0000000E+00  0.0000000E+00  0.0000000E+00  0.0000000E+00
  0.5731950E-02  0.1498788E+00 -0.7163310E-01 -0.1094063E+00  0.2547798E-01  0.0000000E+00  0.0000000E+00  0.0000000E+00  0.0000000E+00
  0.8425210E-02  0.1493115E+00 -0.7127003E-01 -0.1085953E+00  0.2526254E-01  0.0000000E+00  0.0000000E+00  0.0000000E+00  0.0000000E+00
  0.1165551E-01  0.1486336E+00 -0.7083684E-01 -0.1076297E+00  0.2500637E-01  0.0000000E+00  0.0000000E+00  0.0000000E+00  0.0000000E+00
  0.1543569E-01  0.1478438E+00 -0.7033306E-01 -0.1065095E+00  0.2470965E-01  0.0000000E+00  0.0000000E+00  0.0000000E+00  0.0000000E+00
  0.1978089E-01  0.1469406E+00 -0.6975813E-01 -0.1052350E+00  0.2437261E-01  0.0000000E+00  0.0000000E+00  0.0000000E+00  0.0000000E+00
  0.2470864E-01  0.1459224E+00 -0.6911147E-01 -0.1038063E+00  0.2399554E-01  0.0000000E+00  0.0000000E+00  0.0000000E+00  0.0000000E+00
  0.3023904E-01  0.1447872E+00 -0.6839244E-01 -0.1022237E+00  0.2357882E-01  0.0000000E+00  0.0000000E+00  0.0000000E+00  0.0000000E+00
  0.3639486E-01  0.1435331E+00 -0.6760035E-01 -0.1004880E+00  0.2312288E-01  0.0000000E+00  0.0000000E+00  0.0000000E+00  0.0000000E+00
  0.4320175E-01  0.1421577E+00 -0.6673452E-01 -0.9859988E-01  0.2262827E-01  0.0000000E+00  0.0000000E+00  0.0000000E+00  0.0000000E+00
  0.5068846E-01  0.1406587E+00 -0.6579424E-01 -0.9656049E-01  0.2209563E-01  0.0000000E+00  0.0000000E+00  0.0000000E+00  0.0000000E+00
  0.5888703E-01  0.1390338E+00 -0.6477883E-01 -0.9437135E-01  0.2152575E-01  0.0000000E+00  0.0000000E+00  0.0000000E+00  0.0000000E+00
  0.6783309E-01  0.1372801E+00 -0.6368764E-01 -0.9203439E-01  0.2091956E-01  0.0000000E+00  0.0000000E+00  0.0000000E+00  0.0000000E+00
  0.7756614E-01  0.1353952E+00 -0.6252006E-01 -0.8955207E-01  0.2027815E-01  0.0000000E+00  0.0000000E+00  0.0000000E+00  0.0000000E+00
  0.8812992E-01  0.1333762E+00 -0.6127559E-01 -0.8692748E-01  0.1960279E-01  0.0000000E+00  0.0000000E+00  0.0000000E+00  0.0000000E+00
  0.9957279E-01  0.1312204E+00 -0.5995382E-01 -0.8416438E-01  0.1889497E-01  0.0000000E+00  0.0000000E+00  0.0000000E+00  0.0000000E+00
  0.1119482E+00  0.1289251E+00 -0.5855451E-01 -0.8126734E-01  0.1815642E-01  0.0000000E+00  0.0000000E+00  0.0000000E+00  0.0000000E+00
  0.1253150E+00  0.1264877E+00 -0.5707760E-01 -0.7824184E-01  0.1738910E-01  0.0000000E+00  0.0000000E+00  0.0000000E+00  0.0000000E+00
  0.1397386E+00  0.1239057E+00 -0.5552329E-01 -0.7509437E-01  0.1659527E-01  0.0000000E+00  0.0000000E+00  0.0000000E+00  0.0000000E+00
  0.1552906E+00  0.1211767E+00 -0.5389205E-01 -0.7183255E-01  0.1577748E-01  0.0000000E+00  0.0000000E+00  0.0000000E+00  0.0000000E+00
  0.1720507E+00  0.1182989E+00 -0.5218473E-01 -0.6846526E-01  0.1493860E-01  0.0000000E+00  0.0000000E+00  0.0000000E+00  0.0000000E+00
  0.1901068E+00  0.1152706E+00 -0.5040258E-01 -0.6500272E-01  0.1408184E-01  0.0000000E+00  0.0000000E+00  0.0000000E+00  0.0000000E+00
  0.2095561E+00  0.1120907E+00 -0.4854737E-01 -0.6145665E-01  0.1321079E-01  0.0000000E+00  0.0000000E+00  0.0000000E+00  0.0000000E+00
  0.2305064E+00  0.1087590E+00 -0.4662142E-01 -0.5784030E-01  0.1232937E-01  0.0000000E+00  0.0000000E+00  0.0000000E+00  0.0000000E+00
  0.2530773E+00  0.1052756E+00 -0.4462777E-01 -0.5416861E-01  0.1144190E-01  0.0000000E+00  0.0000000E+00  0.0000000E+00  0.0000000E+00
  0.2774017E+00  0.1016421E+00 -0.4257020E-01 -0.5045821E-01  0.1055306E-01  0.0000000E+00  0.0000000E+00  0.0000000E+00  0.0000000E+00
  0.3036275E+00  0.9786079E-01 -0.4045336E-01 -0.4672746E-01  0.9667872E-02  0.0000000E+00  0.0000000E+00  0.0000000E+00  0.0000000E+00
  0.3319197E+00  0.9393563E-01 -0.3828293E-01 -0.4299646E-01  0.8791693E-02  0.0000000E+00  0.0000000E+00  0.0000000E+00  0.0000000E+00
  0.3624624E+00  0.8987204E-01 -0.3606565E-01 -0.3928696E-01  0.7930157E-02  0.0000000E+00  0.0000000E+00  0.0000000E+00  0.0000000E+00
  0.3954620E+00  0.8567732E-01 -0.3380948E-01 -0.3562223E-01  0.7089118E-02  0.0000000E+00  0.0000000E+00  0.0000000E+00  0.0000000E+00
  0.4311501E+00  0.8136086E-01 -0.3152368E-01 -0.3202684E-01  0.6274569E-02  0.0000000E+00  0.0000000E+00  0.0000000E+00  0.0000000E+00
  0.4697872E+00  0.7693442E-01 -0.2921891E-01 -0.2852637E-01  0.5492532E-02  0.0000000E+00  0.0000000E+00  0.0000000E+00  0.0000000E+00
  0.5116671E+00  0.7241239E-01 -0.2690727E-01 -0.2514698E-01  0.4748937E-02  0.0000000E+00  0.0000000E+00  0.0000000E+00  0.0000000E+00
  0.5571223E+00  0.6781202E-01 -0.2460231E-01 -0.2191491E-01  0.4049463E-02  0.0000000E+00  0.0000000E+00  0.0000000E+00  0.0000000E+00
  0.6065299E+00  0.6315365E-01 -0.2231899E-01 -0.1885579E-01  0.3399367E-02  0.0000000E+00  0.0000000E+00  0.0000000E+00  0.0000000E+00
  0.6603191E+00  0.5846083E-01 -0.2007362E-01 -0.1599391E-01  0.2803287E-02  0.0000000E+00  0.0000000E+00  0.0000000E+00  0.0000000E+00
  0.7189801E+00  0.5376041E-01 -0.1788356E-01 -0.1335133E-01  0.2265041E-02  0.0000000E+00  0.0000000E+00  0.0000000E+00  0.0000000E+00
  0.7830747E+00  0.4908242E-01 -0.1576700E-01 -0.1094692E-01  0.1787413E-02  0.0000000E+00  0.0000000E+00  0.0000000E+00  0.0000000E+00
  0.8532491E+00  0.4445989E-01 -0.1374247E-01 -0.8795371E-02  0.1371962E-02  0.0000000E+00  0.0000000E+00  0.0000000E+00  0.0000000E+00
  0.9302498E+00  0.3992842E-01 -0.1182830E-01 -0.6906240E-02  0.1018850E-02  0.0000000E+00  0.0000000E+00  0.0000000E+00  0.0000000E+00
  0.1014942E+01  0.3552549E-01 -0.1004189E-01 -0.5283053E-02  0.7267302E-03  0.0000000E+00  0.0000000E+00  0.0000000E+00  0.0000000E+00
  0.1108336E+01  0.3128958E-01 -0.8398901E-02 -0.3922670E-02  0.4927021E-03  0.0000000E+00  0.0000000E+00  0.0000000E+00  0.0000000E+00
  0.1211611E+01  0.2725895E-01 -0.6912381E-02 -0.2814936E-02  0.3123589E-03  0.0000000E+00  0.0000000E+00  0.0000000E+00  0.0000000E+00
  0.1326157E+01  0.2347022E-01 -0.5591824E-02 -0.1942779E-02  0.1799494E-03  0.0000000E+00  0.0000000E+00  0.0000000E+00  0.0000000E+00
  0.1453620E+01  0.1995671E-01 -0.4442369E-02 -0.1282823E-02  0.8865381E-04  0.0000000E+00  0.0000000E+00  0.0000000E+00  0.0000000E+00
  0.1595957E+01  0.1674668E-01 -0.3464161E-02 -0.8065721E-03  0.3096908E-04  0.0000000E+00  0.0000000E+00  0.0000000E+00  0.0000000E+00
  0.1755512E+01  0.1386158E-01 -0.2652046E-02 -0.4821394E-03 -0.8237030E-06  0.0000000E+00  0.0000000E+00  0.0000000E+00  0.0000000E+00
  0.1935113E+01  0.1131448E-01 -0.1995681E-02 -0.2763980E-03 -0.1415489E-04  0.0000000E+00  0.0000000E+00  0.0000000E+00  0.0000000E+00
  0.2138195E+01  0.9108914E-02 -0.1480147E-02 -0.1573322E-03 -0.1568646E-04  0.0000000E+00  0.0000000E+00  0.0000000E+00  0.0000000E+00
  0.2368965E+01  0.7238271E-02 -0.1087044E-02 -0.9627560E-04 -0.1092430E-04  0.0000000E+00  0.0000000E+00  0.0000000E+00  0.0000000E+00
  0.2632616E+01  0.5685986E-02 -0.7959623E-03 -0.6968824E-04 -0.3981848E-05  0.0000000E+00  0.0000000E+00  0.0000000E+00  0.0000000E+00
  0.2935624E+01  0.4426545E-02 -0.5861333E-03 -0.6016553E-04  0.2469180E-05  0.0000000E+00  0.0000000E+00  0.0000000E+00  0.0000000E+00
  0.3286143E+01  0.3427315E-02 -0.4380048E-03 -0.5650662E-04  0.7061610E-05  0.0000000E+00  0.0000000E+00  0.0000000E+00  0.0000000E+00
  0.3694559E+01  0.2650982E-02 -0.3344848E-03 -0.5288102E-04  0.9448482E-05  0.0000000E+00  0.0000000E+00  0.0000000E+00  0.0000000E+00
  0.4174262E+01  0.2058339E-02 -0.2616905E-03 -0.4735945E-04  0.9941443E-05  0.0000000E+00  0.0000000E+00  0.0000000E+00  0.0000000E+00
  0.4742755E+01  0.1611042E-02 -0.2091612E-03 -0.4023649E-04  0.9153494E-05  0.0000000E+00  0.0000000E+00  0.0000000E+00  0.0000000E+00
  0.5423267E+01  0.1274077E-02 -0.1696155E-03 -0.3259241E-04  0.7717105E-05  0.0000000E+00  0.0000000E+00  0.0000000E+00  0.0000000E+00
  0.6247158E+01  0.1017647E-02 -0.1383985E-03 -0.2539265E-04  0.6117967E-05  0.0000000E+00  0.0000000E+00  0.0000000E+00  0.0000000E+00
  0.7257593E+01  0.8182764E-03 -0.1127831E-03 -0.1916450E-04  0.4643978E-05  0.0000000E+00  0.0000000E+00  0.0000000E+00  0.0000000E+00
  0.8515298E+01  0.6589227E-03 -0.9127715E-04 -0.1405682E-04  0.3414691E-05  0.0000000E+00  0.0000000E+00  0.0000000E+00  0.0000000E+00
  0.1010789E+02  0.5281624E-03 -0.7306243E-04 -0.1001669E-04  0.2444003E-05  0.0000000E+00  0.0000000E+00  0.0000000E+00  0.0000000E+00
  0.1216555E+02  0.4188751E-03 -0.5763814E-04 -0.6914430E-05  0.1698427E-05  0.0000000E+00  0.0000000E+00  0.0000000E+00  0.0000000E+00
  0.1488845E+02  0.3267245E-03 -0.4464454E-04 -0.4602781E-05  0.1137195E-05  0.0000000E+00  0.0000000E+00  0.0000000E+00  0.0000000E+00
  0.1859735E+02  0.2490797E-03 -0.3380478E-04 -0.2938199E-05  0.7283676E-06  0.0000000E+00  0.0000000E+00  0.0000000E+00  0.0000000E+00
  0.2383244E+02  0.1848485E-03 -0.2490807E-04 -0.1777656E-05  0.4423878E-06  0.0000000E+00  0.0000000E+00  0.0000000E+00  0.0000000E+00
  0.3156166E+02  0.1332971E-03 -0.1776066E-04 -0.9970059E-06  0.2501288E-06  0.0000000E+00  0.0000000E+00  0.0000000E+00  0.0000000E+00
  0.4366216E+02  0.9285414E-04 -0.1214808E-04 -0.5032903E-06  0.1283856E-06  0.0000000E+00  0.0000000E+00  0.0000000E+00  0.0000000E+00
  0.6417630E+02  0.6147785E-04 -0.7824616E-05 -0.2207902E-06  0.5867889E-07  0.0000000E+00  0.0000000E+00  0.0000000E+00  0.0000000E+00
  0.1031786E+03  0.3736366E-04 -0.4584813E-05 -0.7973304E-07  0.2270529E-07  0.0000000E+00  0.0000000E+00  0.0000000E+00  0.0000000E+00
  0.1919559E+03  0.1966184E-04 -0.2304332E-05 -0.2106987E-07  0.6482256E-08  0.0000000E+00  0.0000000E+00  0.0000000E+00  0.0000000E+00
  0.4723127E+03  0.7786101E-05 -0.8548837E-06 -0.3097045E-08  0.1075499E-08  0.0000000E+00  0.0000000E+00  0.0000000E+00  0.0000000E+00
  0.2485589E+04  0.1319162E-05 -0.1339384E-06 -0.9843611E-10  0.3899875E-10  0.0000000E+00  0.0000000E+00  0.0000000E+00  0.0000000E+00
  0.1476368E-03  0.0000000E+00  0.0000000E+00  0.0000000E+00  0.0000000E+00  0.0000000E+00  0.0000000E+00  0.0000000E+00  0.0000000E+00
  0.7785206E-03  0.0000000E+00  0.0000000E+00  0.0000000E+00  0.0000000E+00  0.0000000E+00  0.0000000E+00  0.0000000E+00  0.0000000E+00
  0.1916108E-02  0.0000000E+00  0.0000000E+00  0.0000000E+00  0.0000000E+00  0.0000000E+00  0.0000000E+00  0.0000000E+00  0.0000000E+00
  0.3565090E-02  0.0000000E+00  0.0000000E+00  0.0000000E+00  0.0000000E+00  0.0000000E+00  0.0000000E+00  0.0000000E+00  0.0000000E+00
  0.5731950E-02  0.0000000E+00  0.0000000E+00  0.0000000E+00  0.0000000E+00  0.0000000E+00  0.0000000E+00  0.0000000E+00  0.0000000E+00
  0.8425210E-02  0.0000000E+00  0.0000000E+00  0.0000000E+00  0.0000000E+00  0.0000000E+00  0.0000000E+00  0.0000000E+00  0.0000000E+00
  0.1165551E-01  0.0000000E+00  0.0000000E+00  0.0000000E+00  0.0000000E+00  0.0000000E+00  0.0000000E+00  0.0000000E+00  0.0000000E+00
  0.1543569E-01  0.0000000E+00  0.0000000E+00  0.0000000E+00  0.0000000E+00  0.0000000E+00  0.0000000E+00  0.0000000E+00  0.0000000E+00
  0.1978089E-01  0.0000000E+00  0.0000000E+00  0.0000000E+00  0.0000000E+00  0.0000000E+00  0.0000000E+00  0.0000000E+00  0.0000000E+00
  0.2470864E-01  0.0000000E+00  0.0000000E+00  0.0000000E+00  0.0000000E+00  0.0000000E+00  0.0000000E+00  0.0000000E+00  0.0000000E+00
  0.3023904E-01  0.0000000E+00  0.0000000E+00  0.0000000E+00  0.0000000E+00  0.0000000E+00  0.0000000E+00  0.0000000E+00  0.0000000E+00
  0.3639486E-01  0.0000000E+00  0.0000000E+00  0.0000000E+00  0.0000000E+00  0.0000000E+00  0.0000000E+00  0.0000000E+00  0.0000000E+00
  0.4320175E-01  0.0000000E+00  0.0000000E+00  0.0000000E+00  0.0000000E+00  0.0000000E+00  0.0000000E+00  0.0000000E+00  0.0000000E+00
  0.5068846E-01  0.0000000E+00  0.0000000E+00  0.0000000E+00  0.0000000E+00  0.0000000E+00  0.0000000E+00  0.0000000E+00  0.0000000E+00
  0.5888703E-01  0.0000000E+00  0.0000000E+00  0.0000000E+00  0.0000000E+00  0.0000000E+00  0.0000000E+00  0.0000000E+00  0.0000000E+00
  0.6783309E-01  0.0000000E+00  0.0000000E+00  0.0000000E+00  0.0000000E+00  0.0000000E+00  0.0000000E+00  0.0000000E+00  0.0000000E+00
  0.7756614E-01  0.0000000E+00  0.0000000E+00  0.0000000E+00  0.0000000E+00  0.0000000E+00  0.0000000E+00  0.0000000E+00  0.0000000E+00
  0.8812992E-01  0.0000000E+00  0.0000000E+00  0.0000000E+00  0.0000000E+00  0.0000000E+00  0.0000000E+00  0.0000000E+00  0.0000000E+00
  0.9957279E-01  0.0000000E+00  0.0000000E+00  0.0000000E+00  0.0000000E+00  0.0000000E+00  0.0000000E+00  0.0000000E+00  0.0000000E+00
  0.1119482E+00  0.0000000E+00  0.0000000E+00  0.0000000E+00  0.0000000E+00  0.0000000E+00  0.0000000E+00  0.0000000E+00  0.0000000E+00
  0.1253150E+00  0.0000000E+00  0.0000000E+00  0.0000000E+00  0.0000000E+00  0.0000000E+00  0.0000000E+00  0.0000000E+00  0.0000000E+00
  0.1397386E+00  0.0000000E+00  0.0000000E+00  0.0000000E+00  0.0000000E+00  0.0000000E+00  0.0000000E+00  0.0000000E+00  0.0000000E+00
  0.1552906E+00  0.0000000E+00  0.0000000E+00  0.0000000E+00  0.0000000E+00  0.0000000E+00  0.0000000E+00  0.0000000E+00  0.0000000E+00
  0.1720507E+00  0.0000000E+00  0.0000000E+00  0.0000000E+00  0.0000000E+00  0.0000000E+00  0.0000000E+00  0.0000000E+00  0.0000000E+00
  0.1901068E+00  0.0000000E+00  0.0000000E+00  0.0000000E+00  0.0000000E+00  0.0000000E+00  0.0000000E+00  0.0000000E+00  0.0000000E+00
  0.2095561E+00  0.0000000E+00  0.0000000E+00  0.0000000E+00  0.0000000E+00  0.0000000E+00  0.0000000E+00  0.0000000E+00  0.0000000E+00
  0.2305064E+00  0.0000000E+00  0.0000000E+00  0.0000000E+00  0.0000000E+00  0.0000000E+00  0.0000000E+00  0.0000000E+00  0.0000000E+00
  0.2530773E+00  0.0000000E+00  0.0000000E+00  0.0000000E+00  0.0000000E+00  0.0000000E+00  0.0000000E+00  0.0000000E+00  0.0000000E+00
  0.2774017E+00  0.0000000E+00  0.0000000E+00  0.0000000E+00  0.0000000E+00  0.0000000E+00  0.0000000E+00  0.0000000E+00  0.0000000E+00
  0.3036275E+00  0.0000000E+00  0.0000000E+00  0.0000000E+00  0.0000000E+00  0.0000000E+00  0.0000000E+00  0.0000000E+00  0.0000000E+00
  0.3319197E+00  0.0000000E+00  0.0000000E+00  0.0000000E+00  0.0000000E+00  0.0000000E+00  0.0000000E+00  0.0000000E+00  0.0000000E+00
  0.3624624E+00  0.0000000E+00  0.0000000E+00  0.0000000E+00  0.0000000E+00  0.0000000E+00  0.0000000E+00  0.0000000E+00  0.0000000E+00
  0.3954620E+00  0.0000000E+00  0.0000000E+00  0.0000000E+00  0.0000000E+00  0.0000000E+00  0.0000000E+00  0.0000000E+00  0.0000000E+00
  0.4311501E+00  0.0000000E+00  0.0000000E+00  0.0000000E+00  0.0000000E+00  0.0000000E+00  0.0000000E+00  0.0000000E+00  0.0000000E+00
  0.4697872E+00  0.0000000E+00  0.0000000E+00  0.0000000E+00  0.0000000E+00  0.0000000E+00  0.0000000E+00  0.0000000E+00  0.0000000E+00
  0.5116671E+00  0.0000000E+00  0.0000000E+00  0.0000000E+00  0.0000000E+00  0.0000000E+00  0.0000000E+00  0.0000000E+00  0.0000000E+00
  0.5571223E+00  0.0000000E+00  0.0000000E+00  0.0000000E+00  0.0000000E+00  0.0000000E+00  0.0000000E+00  0.0000000E+00  0.0000000E+00
  0.6065299E+00  0.0000000E+00  0.0000000E+00  0.0000000E+00  0.0000000E+00  0.0000000E+00  0.0000000E+00  0.0000000E+00  0.0000000E+00
  0.6603191E+00  0.0000000E+00  0.0000000E+00  0.0000000E+00  0.0000000E+00  0.0000000E+00  0.0000000E+00  0.0000000E+00  0.0000000E+00
  0.7189801E+00  0.0000000E+00  0.0000000E+00  0.0000000E+00  0.0000000E+00  0.0000000E+00  0.0000000E+00  0.0000000E+00  0.0000000E+00
  0.7830747E+00  0.0000000E+00  0.0000000E+00  0.0000000E+00  0.0000000E+00  0.0000000E+00  0.0000000E+00  0.0000000E+00  0.0000000E+00
  0.8532491E+00  0.0000000E+00  0.0000000E+00  0.0000000E+00  0.0000000E+00  0.0000000E+00  0.0000000E+00  0.0000000E+00  0.0000000E+00
  0.9302498E+00  0.0000000E+00  0.0000000E+00  0.0000000E+00  0.0000000E+00  0.0000000E+00  0.0000000E+00  0.0000000E+00  0.0000000E+00
  0.1014942E+01  0.0000000E+00  0.0000000E+00  0.0000000E+00  0.0000000E+00  0.0000000E+00  0.0000000E+00  0.0000000E+00  0.0000000E+00
  0.1108336E+01  0.0000000E+00  0.0000000E+00  0.0000000E+00  0.0000000E+00  0.0000000E+00  0.0000000E+00  0.0000000E+00  0.0000000E+00
  0.1211611E+01  0.0000000E+00  0.0000000E+00  0.0000000E+00  0.0000000E+00  0.0000000E+00  0.0000000E+00  0.0000000E+00  0.0000000E+00
  0.1326157E+01  0.0000000E+00  0.0000000E+00  0.0000000E+00  0.0000000E+00  0.0000000E+00  0.0000000E+00  0.0000000E+00  0.0000000E+00
  0.1453620E+01  0.0000000E+00  0.0000000E+00  0.0000000E+00  0.0000000E+00  0.0000000E+00  0.0000000E+00  0.0000000E+00  0.0000000E+00
  0.1595957E+01  0.0000000E+00  0.0000000E+00  0.0000000E+00  0.0000000E+00  0.0000000E+00  0.0000000E+00  0.0000000E+00  0.0000000E+00
  0.1755512E+01  0.0000000E+00  0.0000000E+00  0.0000000E+00  0.0000000E+00  0.0000000E+00  0.0000000E+00  0.0000000E+00  0.0000000E+00
  0.1935113E+01  0.0000000E+00  0.0000000E+00  0.0000000E+00  0.0000000E+00  0.0000000E+00  0.0000000E+00  0.0000000E+00  0.0000000E+00
  0.2138195E+01  0.0000000E+00  0.0000000E+00  0.0000000E+00  0.0000000E+00  0.0000000E+00  0.0000000E+00  0.0000000E+00  0.0000000E+00
  0.2368965E+01  0.0000000E+00  0.0000000E+00  0.0000000E+00  0.0000000E+00  0.0000000E+00  0.0000000E+00  0.0000000E+00  0.0000000E+00
  0.2632616E+01  0.0000000E+00  0.0000000E+00  0.0000000E+00  0.0000000E+00  0.0000000E+00  0.0000000E+00  0.0000000E+00  0.0000000E+00
  0.2935624E+01  0.0000000E+00  0.0000000E+00  0.0000000E+00  0.0000000E+00  0.0000000E+00  0.0000000E+00  0.0000000E+00  0.0000000E+00
  0.3286143E+01  0.0000000E+00  0.0000000E+00  0.0000000E+00  0.0000000E+00  0.0000000E+00  0.0000000E+00  0.0000000E+00  0.0000000E+00
  0.3694559E+01  0.0000000E+00  0.0000000E+00  0.0000000E+00  0.0000000E+00  0.0000000E+00  0.0000000E+00  0.0000000E+00  0.0000000E+00
  0.4174262E+01  0.0000000E+00  0.0000000E+00  0.0000000E+00  0.0000000E+00  0.0000000E+00  0.0000000E+00  0.0000000E+00  0.0000000E+00
  0.4742755E+01  0.0000000E+00  0.0000000E+00  0.0000000E+00  0.0000000E+00  0.0000000E+00  0.0000000E+00  0.0000000E+00  0.0000000E+00
  0.5423267E+01  0.0000000E+00  0.0000000E+00  0.0000000E+00  0.0000000E+00  0.0000000E+00  0.0000000E+00  0.0000000E+00  0.0000000E+00
  0.6247158E+01  0.0000000E+00  0.0000000E+00  0.0000000E+00  0.0000000E+00  0.0000000E+00  0.0000000E+00  0.0000000E+00  0.0000000E+00
  0.7257593E+01  0.0000000E+00  0.0000000E+00  0.0000000E+00  0.0000000E+00  0.0000000E+00  0.0000000E+00  0.0000000E+00  0.0000000E+00
  0.8515298E+01  0.0000000E+00  0.0000000E+00  0.0000000E+00  0.0000000E+00  0.0000000E+00  0.0000000E+00  0.0000000E+00  0.0000000E+00
  0.1010789E+02  0.0000000E+00  0.0000000E+00  0.0000000E+00  0.0000000E+00  0.0000000E+00  0.0000000E+00  0.0000000E+00  0.0000000E+00
  0.1216555E+02  0.0000000E+00  0.0000000E+00  0.0000000E+00  0.0000000E+00  0.0000000E+00  0.0000000E+00  0.0000000E+00  0.0000000E+00
  0.1488845E+02  0.0000000E+00  0.0000000E+00  0.0000000E+00  0.0000000E+00  0.0000000E+00  0.0000000E+00  0.0000000E+00  0.0000000E+00
  0.1859735E+02  0.0000000E+00  0.0000000E+00  0.0000000E+00  0.0000000E+00  0.0000000E+00  0.0000000E+00  0.0000000E+00  0.0000000E+00
  0.2383244E+02  0.0000000E+00  0.0000000E+00  0.0000000E+00  0.0000000E+00  0.0000000E+00  0.0000000E+00  0.0000000E+00  0.0000000E+00
  0.3156166E+02  0.0000000E+00  0.0000000E+00  0.0000000E+00  0.0000000E+00  0.0000000E+00  0.0000000E+00  0.0000000E+00  0.0000000E+00
  0.4366216E+02  0.0000000E+00  0.0000000E+00  0.0000000E+00  0.0000000E+00  0.0000000E+00  0.0000000E+00  0.0000000E+00  0.0000000E+00
  0.6417630E+02  0.0000000E+00  0.0000000E+00  0.0000000E+00  0.0000000E+00  0.0000000E+00  0.0000000E+00  0.0000000E+00  0.0000000E+00
  0.1031786E+03  0.0000000E+00  0.0000000E+00  0.0000000E+00  0.0000000E+00  0.0000000E+00  0.0000000E+00  0.0000000E+00  0.0000000E+00
  0.1919559E+03  0.0000000E+00  0.0000000E+00  0.0000000E+00  0.0000000E+00  0.0000000E+00  0.0000000E+00  0.0000000E+00  0.0000000E+00
  0.4723127E+03  0.0000000E+00  0.0000000E+00  0.0000000E+00  0.0000000E+00  0.0000000E+00  0.0000000E+00  0.0000000E+00  0.0000000E+00
  0.2485589E+04  0.0000000E+00  0.0000000E+00  0.0000000E+00  0.0000000E+00  0.0000000E+00  0.0000000E+00  0.0000000E+00  0.0000000E+00
  0.1476368E-03  0.9114274E-07  0.4923336E-09 -0.7681530E-07  0.2044106E-07  0.0000000E+00  0.0000000E+00  0.0000000E+00  0.0000000E+00
  0.7785206E-03  0.4802349E-06  0.2672506E-08 -0.4031617E-06  0.1077768E-06  0.0000000E+00  0.0000000E+00  0.0000000E+00  0.0000000E+00
  0.1916108E-02  0.1180279E-05  0.6899106E-08 -0.9884169E-06  0.2651917E-06  0.0000000E+00  0.0000000E+00  0.0000000E+00  0.0000000E+00
  0.3565090E-02  0.2191493E-05  0.1365160E-07 -0.1833149E-05  0.4931858E-06  0.0000000E+00  0.0000000E+00  0.0000000E+00  0.0000000E+00
  0.5731950E-02  0.3513984E-05  0.2355255E-07 -0.2938385E-05  0.7923781E-06  0.0000000E+00  0.0000000E+00  0.0000000E+00  0.0000000E+00
  0.8425210E-02  0.5147864E-05  0.3731504E-07 -0.4305515E-05  0.1163487E-05  0.0000000E+00  0.0000000E+00  0.0000000E+00  0.0000000E+00
  0.1165551E-01  0.7093258E-05  0.5568173E-07 -0.5936175E-05  0.1607274E-05  0.0000000E+00  0.0000000E+00  0.0000000E+00  0.0000000E+00
  0.1543569E-01  0.9350295E-05  0.7935564E-07 -0.7832027E-05  0.2124477E-05  0.0000000E+00  0.0000000E+00  0.0000000E+00  0.0000000E+00
  0.1978089E-01  0.1191909E-04  0.1089216E-06 -0.9994431E-05  0.2715731E-05  0.0000000E+00  0.0000000E+00  0.0000000E+00  0.0000000E+00
  0.2470864E-01  0.1479973E-04  0.1447574E-06 -0.1242411E-04  0.3381478E-05  0.0000000E+00  0.0000000E+00  0.0000000E+00  0.0000000E+00
  0.3023904E-01  0.1799225E-04  0.1869346E-06 -0.1512080E-04  0.4121867E-05  0.0000000E+00  0.0000000E+00  0.0000000E+00  0.0000000E+00
  0.3639486E-01  0.2149655E-04  0.2351088E-06 -0.1808285E-04  0.4936634E-05  0.0000000E+00  0.0000000E+00  0.0000000E+00  0.0000000E+00
  0.4320175E-01  0.2531239E-04  0.2884010E-06 -0.2130684E-04  0.5824977E-05  0.0000000E+00  0.0000000E+00  0.0000000E+00  0.0000000E+00
  0.5068846E-01  0.2943929E-04  0.3452705E-06 -0.2478712E-04  0.6785410E-05  0.0000000E+00  0.0000000E+00  0.0000000E+00  0.0000000E+00
  0.5888703E-01  0.3387640E-04  0.4033828E-06 -0.2851532E-04  0.7815611E-05  0.0000000E+00  0.0000000E+00  0.0000000E+00  0.0000000E+00
  0.6783309E-01  0.3862240E-04  0.4594748E-06 -0.3247980E-04  0.8912251E-05  0.0000000E+00  0.0000000E+00  0.0000000E+00  0.0000000E+00
  0.7756614E-01  0.4367528E-04  0.5092237E-06 -0.3666510E-04  0.1007082E-04  0.0000000E+00  0.0000000E+00  0.0000000E+00  0.0000000E+00
  0.8812992E-01  0.4903212E-04  0.5471241E-06 -0.4105136E-04  0.1128545E-04  0.0000000E+00  0.0000000E+00  0.0000000E+00  0.0000000E+00
  0.9957279E-01  0.5468880E-04  0.5663832E-06 -0.4561370E-04  0.1254871E-04  0.0000000E+00  0.0000000E+00  0.0000000E+00  0.0000000E+00
  0.1119482E+00  0.6063958E-04  0.5588424E-06 -0.5032166E-04  0.1385143E-04  0.0000000E+00  0.0000000E+00  0.0000000E+00  0.0000000E+00
  0.1253150E+00  0.6687668E-04  0.5149400E-06 -0.5513854E-04  0.1518256E-04  0.0000000E+00  0.0000000E+00  0.0000000E+00  0.0000000E+00
  0.1397386E+00  0.7338965E-04  0.4237272E-06 -0.6002092E-04  0.1652897E-04  0.0000000E+00  0.0000000E+00  0.0000000E+00  0.0000000E+00
  0.1552906E+00  0.8016467E-04  0.2729577E-06 -0.6491817E-04  0.1787533E-04  0.0000000E+00  0.0000000E+00  0.0000000E+00  0.0000000E+00
  0.1720507E+00  0.8718372E-04  0.4926651E-07 -0.6977212E-04  0.1920407E-04  0.0000000E+00  0.0000000E+00  0.0000000E+00  0.0000000E+00
  0.1901068E+00  0.9442355E-04 -0.2615385E-06 -0.7451690E-04  0.2049533E-04  0.0000000E+00  0.0000000E+00  0.0000000E+00  0.0000000E+00
  0.2095561E+00  0.1018545E-03 -0.6740504E-06 -0.7907893E-04  0.2172704E-04  0.0000000E+00  0.0000000E+00  0.0000000E+00  0.0000000E+00
  0.2305064E+00  0.1094390E-03 -0.1202685E-05 -0.8337737E-04  0.2287507E-04  0.0000000E+00  0.0000000E+00  0.0000000E+00  0.0000000E+00
  0.2530773E+00  0.1171306E-03 -0.1860927E-05 -0.8732472E-04  0.2391354E-04  0.0000000E+00  0.0000000E+00  0.0000000E+00  0.0000000E+00
  0.2774017E+00  0.1248714E-03 -0.2660392E-05 -0.9082803E-04  0.2481522E-04  0.0000000E+00  0.0000000E+00  0.0000000E+00  0.0000000E+00
  0.3036275E+00  0.1325911E-03 -0.3609703E-05 -0.9379053E-04  0.2555213E-04  0.0000000E+00  0.0000000E+00  0.0000000E+00  0.0000000E+00
  0.3319197E+00  0.1402047E-03 -0.4713185E-05 -0.9611392E-04  0.2609636E-04  0.0000000E+00  0.0000000E+00  0.0000000E+00  0.0000000E+00
  0.3624624E+00  0.1476110E-03 -0.5969418E-05 -0.9770125E-04  0.2642101E-04  0.0000000E+00  0.0000000E+00  0.0000000E+00  0.0000000E+00
  0.3954620E+00  0.1546909E-03 -0.7369708E-05 -0.9846062E-04  0.2650134E-04  0.0000000E+00  0.0000000E+00  0.0000000E+00  0.0000000E+00
  0.4311501E+00  0.1613063E-03 -0.8896565E-05 -0.9830946E-04  0.2631620E-04  0.0000000E+00  0.0000000E+00  0.0000000E+00  0.0000000E+00
  0.4697872E+00  0.1672996E-03 -0.1052233E-04 -0.9717962E-04  0.2584946E-04  0.0000000E+00  0.0000000E+00  0.0000000E+00  0.0000000E+00
  0.5116671E+00  0.1724944E-03 -0.1220811E-04 -0.9502290E-04  0.2509170E-04  0.0000000E+00  0.0000000E+00  0.0000000E+00  0.0000000E+00
  0.5571223E+00  0.1766972E-03 -0.1390332E-04 -0.9181698E-04  0.2404176E-04  0.0000000E+00  0.0000000E+00  0.0000000E+00  0.0000000E+00
  0.6065299E+00  0.1797017E-03 -0.1554596E-04 -0.8757127E-04  0.2270830E-04  0.0000000E+00  0.0000000E+00  0.0000000E+00  0.0000000E+00
  0.6603191E+00  0.1812943E-03 -0.1706403E-04 -0.8233228E-04  0.2111104E-04  0.0000000E+00  0.0000000E+00  0.0000000E+00  0.0000000E+00
  0.7189801E+00  0.1812642E-03 -0.1837836E-04 -0.7618785E-04  0.1928163E-04  0.0000000E+00  0.0000000E+00  0.0000000E+00  0.0000000E+00
  0.7830747E+00  0.1794157E-03 -0.1940696E-04 -0.6926940E-04  0.1726379E-04  0.0000000E+00  0.0000000E+00  0.0000000E+00  0.0000000E+00
  0.8532491E+00  0.1755847E-03 -0.2007108E-04 -0.6175147E-04  0.1511273E-04  0.0000000E+00  0.0000000E+00  0.0000000E+00  0.0000000E+00
  0.9302498E+00  0.1696594E-03 -0.2030280E-04 -0.5384756E-04  0.1289352E-04  0.0000000E+00  0.0000000E+00  0.0000000E+00  0.0000000E+00
  0.1014942E+01  0.1616035E-03 -0.2005367E-04 -0.4580172E-04  0.1067835E-04  0.0000000E+00  0.0000000E+00  0.0000000E+00  0.0000000E+00
  0.1108336E+01  0.1514811E-03 -0.1930349E-04 -0.3787546E-04  0.8542636E-05  0.0000000E+00  0.0000000E+00  0.0000000E+00  0.0000000E+00
  0.1211611E+01  0.1394801E-03 -0.1806796E-04 -0.3033039E-04  0.6560043E-05  0.0000000E+00  0.0000000E+00  0.0000000E+00  0.0000000E+00
  0.1326157E+01  0.1259268E-03 -0.1640317E-04 -0.2340779E-04  0.4796705E-05  0.0000000E+00  0.0000000E+00  0.0000000E+00  0.0000000E+00
  0.1453620E+01  0.1112874E-03 -0.1440525E-04 -0.1730717E-04  0.3304985E-05  0.0000000E+00  0.0000000E+00  0.0000000E+00  0.0000000E+00
  0.1595957E+01  0.9614448E-04 -0.1220331E-04 -0.1216699E-04  0.2117487E-05  0.0000000E+00  0.0000000E+00  0.0000000E+00  0.0000000E+00
  0.1755512E+01  0.8114369E-04 -0.9945143E-05 -0.8051129E-05  0.1242197E-05  0.0000000E+00  0.0000000E+00  0.0000000E+00  0.0000000E+00
  0.1935113E+01  0.6690855E-04 -0.7777195E-05 -0.4944306E-05  0.6599399E-06  0.0000000E+00  0.0000000E+00  0.0000000E+00  0.0000000E+00
  0.2138195E+01  0.5393648E-04 -0.5822422E-05 -0.2758450E-05  0.3254938E-06  0.0000000E+00  0.0000000E+00  0.0000000E+00  0.0000000E+00
  0.2368965E+01  0.4250494E-04 -0.4162153E-05 -0.1349510E-05  0.1735014E-06  0.0000000E+00  0.0000000E+00  0.0000000E+00  0.0000000E+00
  0.2632616E+01  0.3263122E-04 -0.2828073E-05 -0.5416486E-06  0.1294954E-06  0.0000000E+00  0.0000000E+00  0.0000000E+00  0.0000000E+00
  0.2935624E+01  0.2412456E-04 -0.1807644E-05 -0.1537160E-06  0.1245810E-06  0.0000000E+00  0.0000000E+00  0.0000000E+00  0.0000000E+00
  0.3286143E+01  0.1673372E-04 -0.1060511E-05 -0.2261127E-07  0.1100114E-06  0.0000000E+00  0.0000000E+00  0.0000000E+00  0.0000000E+00
  0.3694559E+01  0.1033077E-04 -0.5377593E-06 -0.1943404E-07  0.6620072E-07  0.0000000E+00  0.0000000E+00  0.0000000E+00  0.0000000E+00
  0.4174262E+01  0.5022064E-05 -0.1949085E-06 -0.5647009E-07  0.1494741E-08  0.0000000E+00  0.0000000E+00  0.0000000E+00  0.0000000E+00
  0.4742755E+01  0.1095731E-05  0.5020498E-08 -0.8518994E-07 -0.5972887E-07  0.0000000E+00  0.0000000E+00  0.0000000E+00  0.0000000E+00
  0.5423267E+01 -0.1180408E-05  0.9449300E-07 -0.8763948E-07 -0.9404987E-07  0.0000000E+00  0.0000000E+00  0.0000000E+00  0.0000000E+00
  0.6247158E+01 -0.1782759E-05  0.1044571E-06 -0.6550670E-07 -0.9211673E-07  0.0000000E+00  0.0000000E+00  0.0000000E+00  0.0000000E+00
  0.7257593E+01 -0.1040053E-05  0.6523632E-07 -0.3069115E-07 -0.6159547E-07  0.0000000E+00  0.0000000E+00  0.0000000E+00  0.0000000E+00
  0.8515298E+01  0.4150122E-06  0.5918202E-08  0.2064277E-08 -0.2060700E-07  0.0000000E+00  0.0000000E+00  0.0000000E+00  0.0000000E+00
  0.1010789E+02  0.1814339E-05 -0.4832795E-07  0.2163281E-07  0.1254014E-07  0.0000000E+00  0.0000000E+00  0.0000000E+00  0.0000000E+00
  0.1216555E+02  0.2507836E-05 -0.8063303E-07  0.2496646E-07  0.2752000E-07  0.0000000E+00  0.0000000E+00  0.0000000E+00  0.0000000E+00
  0.1488845E+02  0.2221496E-05 -0.8333101E-07  0.1671535E-07  0.2512553E-07  0.0000000E+00  0.0000000E+00  0.0000000E+00  0.0000000E+00
  0.1859735E+02  0.1249254E-05 -0.5879197E-07  0.5846102E-08  0.1400420E-07  0.0000000E+00  0.0000000E+00  0.0000000E+00  0.0000000E+00
  0.2383244E+02  0.2457690E-06 -0.2796781E-07 -0.2775688E-09  0.3230715E-08  0.0000000E+00  0.0000000E+00  0.0000000E+00  0.0000000E+00
  0.3156166E+02 -0.4617255E-06 -0.1701459E-08 -0.2353353E-08 -0.2672991E-08  0.0000000E+00  0.0000000E+00  0.0000000E+00  0.0000000E+00
  0.4366216E+02 -0.9004492E-06  0.3116653E-07 -0.3117503E-08 -0.3755277E-08  0.0000000E+00  0.0000000E+00  0.0000000E+00  0.0000000E+00
  0.6417630E+02 -0.9863477E-06  0.5190526E-07 -0.2450372E-08 -0.2320485E-08  0.0000000E+00  0.0000000E+00  0.0000000E+00  0.0000000E+00
  0.1031786E+03 -0.4604061E-06  0.3021333E-07 -0.7417963E-09 -0.5351351E-09  0.0000000E+00  0.0000000E+00  0.0000000E+00  0.0000000E+00
  0.1919559E+03  0.5127972E-06 -0.2253164E-07  0.3626281E-09  0.3397851E-09  0.0000000E+00  0.0000000E+00  0.0000000E+00  0.0000000E+00
  0.4723127E+03  0.4666608E-06 -0.2148921E-07  0.1279996E-09  0.1142439E-09  0.0000000E+00  0.0000000E+00  0.0000000E+00  0.0000000E+00
  0.2485589E+04 -0.4505823E-07  0.1850818E-08 -0.2310622E-11 -0.2238462E-11  0.0000000E+00  0.0000000E+00  0.0000000E+00  0.0000000E+00
  0.1476368E-03  0.0000000E+00  0.0000000E+00  0.0000000E+00  0.0000000E+00  0.0000000E+00  0.0000000E+00  0.0000000E+00  0.0000000E+00
  0.7785206E-03  0.0000000E+00  0.0000000E+00  0.0000000E+00  0.0000000E+00  0.0000000E+00  0.0000000E+00  0.0000000E+00  0.0000000E+00
  0.1916108E-02  0.0000000E+00  0.0000000E+00  0.0000000E+00  0.0000000E+00  0.0000000E+00  0.0000000E+00  0.0000000E+00  0.0000000E+00
  0.3565090E-02  0.0000000E+00  0.0000000E+00  0.0000000E+00  0.0000000E+00  0.0000000E+00  0.0000000E+00  0.0000000E+00  0.0000000E+00
  0.5731950E-02  0.0000000E+00  0.0000000E+00  0.0000000E+00  0.0000000E+00  0.0000000E+00  0.0000000E+00  0.0000000E+00  0.0000000E+00
  0.8425210E-02  0.0000000E+00  0.0000000E+00  0.0000000E+00  0.0000000E+00  0.0000000E+00  0.0000000E+00  0.0000000E+00  0.0000000E+00
  0.1165551E-01  0.0000000E+00  0.0000000E+00  0.0000000E+00  0.0000000E+00  0.0000000E+00  0.0000000E+00  0.0000000E+00  0.0000000E+00
  0.1543569E-01  0.0000000E+00  0.0000000E+00  0.0000000E+00  0.0000000E+00  0.0000000E+00  0.0000000E+00  0.0000000E+00  0.0000000E+00
  0.1978089E-01  0.0000000E+00  0.0000000E+00  0.0000000E+00  0.0000000E+00  0.0000000E+00  0.0000000E+00  0.0000000E+00  0.0000000E+00
  0.2470864E-01  0.0000000E+00  0.0000000E+00  0.0000000E+00  0.0000000E+00  0.0000000E+00  0.0000000E+00  0.0000000E+00  0.0000000E+00
  0.3023904E-01  0.0000000E+00  0.0000000E+00  0.0000000E+00  0.0000000E+00  0.0000000E+00  0.0000000E+00  0.0000000E+00  0.0000000E+00
  0.3639486E-01  0.0000000E+00  0.0000000E+00  0.0000000E+00  0.0000000E+00  0.0000000E+00  0.0000000E+00  0.0000000E+00  0.0000000E+00
  0.4320175E-01  0.0000000E+00  0.0000000E+00  0.0000000E+00  0.0000000E+00  0.0000000E+00  0.0000000E+00  0.0000000E+00  0.0000000E+00
  0.5068846E-01  0.0000000E+00  0.0000000E+00  0.0000000E+00  0.0000000E+00  0.0000000E+00  0.0000000E+00  0.0000000E+00  0.0000000E+00
  0.5888703E-01  0.0000000E+00  0.0000000E+00  0.0000000E+00  0.0000000E+00  0.0000000E+00  0.0000000E+00  0.0000000E+00  0.0000000E+00
  0.6783309E-01  0.0000000E+00  0.0000000E+00  0.0000000E+00  0.0000000E+00  0.0000000E+00  0.0000000E+00  0.0000000E+00  0.0000000E+00
  0.7756614E-01  0.0000000E+00  0.0000000E+00  0.0000000E+00  0.0000000E+00  0.0000000E+00  0.0000000E+00  0.0000000E+00  0.0000000E+00
  0.8812992E-01  0.0000000E+00  0.0000000E+00  0.0000000E+00  0.0000000E+00  0.0000000E+00  0.0000000E+00  0.0000000E+00  0.0000000E+00
  0.9957279E-01  0.0000000E+00  0.0000000E+00  0.0000000E+00  0.0000000E+00  0.0000000E+00  0.0000000E+00  0.0000000E+00  0.0000000E+00
  0.1119482E+00  0.0000000E+00  0.0000000E+00  0.0000000E+00  0.0000000E+00  0.0000000E+00  0.0000000E+00  0.0000000E+00  0.0000000E+00
  0.1253150E+00  0.0000000E+00  0.0000000E+00  0.0000000E+00  0.0000000E+00  0.0000000E+00  0.0000000E+00  0.0000000E+00  0.0000000E+00
  0.1397386E+00  0.0000000E+00  0.0000000E+00  0.0000000E+00  0.0000000E+00  0.0000000E+00  0.0000000E+00  0.0000000E+00  0.0000000E+00
  0.1552906E+00  0.0000000E+00  0.0000000E+00  0.0000000E+00  0.0000000E+00  0.0000000E+00  0.0000000E+00  0.0000000E+00  0.0000000E+00
  0.1720507E+00  0.0000000E+00  0.0000000E+00  0.0000000E+00  0.0000000E+00  0.0000000E+00  0.0000000E+00  0.0000000E+00  0.0000000E+00
  0.1901068E+00  0.0000000E+00  0.0000000E+00  0.0000000E+00  0.0000000E+00  0.0000000E+00  0.0000000E+00  0.0000000E+00  0.0000000E+00
  0.2095561E+00  0.0000000E+00  0.0000000E+00  0.0000000E+00  0.0000000E+00  0.0000000E+00  0.0000000E+00  0.0000000E+00  0.0000000E+00
  0.2305064E+00  0.0000000E+00  0.0000000E+00  0.0000000E+00  0.0000000E+00  0.0000000E+00  0.0000000E+00  0.0000000E+00  0.0000000E+00
  0.2530773E+00  0.0000000E+00  0.0000000E+00  0.0000000E+00  0.0000000E+00  0.0000000E+00  0.0000000E+00  0.0000000E+00  0.0000000E+00
  0.2774017E+00  0.0000000E+00  0.0000000E+00  0.0000000E+00  0.0000000E+00  0.0000000E+00  0.0000000E+00  0.0000000E+00  0.0000000E+00
  0.3036275E+00  0.0000000E+00  0.0000000E+00  0.0000000E+00  0.0000000E+00  0.0000000E+00  0.0000000E+00  0.0000000E+00  0.0000000E+00
  0.3319197E+00  0.0000000E+00  0.0000000E+00  0.0000000E+00  0.0000000E+00  0.0000000E+00  0.0000000E+00  0.0000000E+00  0.0000000E+00
  0.3624624E+00  0.0000000E+00  0.0000000E+00  0.0000000E+00  0.0000000E+00  0.0000000E+00  0.0000000E+00  0.0000000E+00  0.0000000E+00
  0.3954620E+00  0.0000000E+00  0.0000000E+00  0.0000000E+00  0.0000000E+00  0.0000000E+00  0.0000000E+00  0.0000000E+00  0.0000000E+00
  0.4311501E+00  0.0000000E+00  0.0000000E+00  0.0000000E+00  0.0000000E+00  0.0000000E+00  0.0000000E+00  0.0000000E+00  0.0000000E+00
  0.4697872E+00  0.0000000E+00  0.0000000E+00  0.0000000E+00  0.0000000E+00  0.0000000E+00  0.0000000E+00  0.0000000E+00  0.0000000E+00
  0.5116671E+00  0.0000000E+00  0.0000000E+00  0.0000000E+00  0.0000000E+00  0.0000000E+00  0.0000000E+00  0.0000000E+00  0.0000000E+00
  0.5571223E+00  0.0000000E+00  0.0000000E+00  0.0000000E+00  0.0000000E+00  0.0000000E+00  0.0000000E+00  0.0000000E+00  0.0000000E+00
  0.6065299E+00  0.0000000E+00  0.0000000E+00  0.0000000E+00  0.0000000E+00  0.0000000E+00  0.0000000E+00  0.0000000E+00  0.0000000E+00
  0.6603191E+00  0.0000000E+00  0.0000000E+00  0.0000000E+00  0.0000000E+00  0.0000000E+00  0.0000000E+00  0.0000000E+00  0.0000000E+00
  0.7189801E+00  0.0000000E+00  0.0000000E+00  0.0000000E+00  0.0000000E+00  0.0000000E+00  0.0000000E+00  0.0000000E+00  0.0000000E+00
  0.7830747E+00  0.0000000E+00  0.0000000E+00  0.0000000E+00  0.0000000E+00  0.0000000E+00  0.0000000E+00  0.0000000E+00  0.0000000E+00
  0.8532491E+00  0.0000000E+00  0.0000000E+00  0.0000000E+00  0.0000000E+00  0.0000000E+00  0.0000000E+00  0.0000000E+00  0.0000000E+00
  0.9302498E+00  0.0000000E+00  0.0000000E+00  0.0000000E+00  0.0000000E+00  0.0000000E+00  0.0000000E+00  0.0000000E+00  0.0000000E+00
  0.1014942E+01  0.0000000E+00  0.0000000E+00  0.0000000E+00  0.0000000E+00  0.0000000E+00  0.0000000E+00  0.0000000E+00  0.0000000E+00
  0.1108336E+01  0.0000000E+00  0.0000000E+00  0.0000000E+00  0.0000000E+00  0.0000000E+00  0.0000000E+00  0.0000000E+00  0.0000000E+00
  0.1211611E+01  0.0000000E+00  0.0000000E+00  0.0000000E+00  0.0000000E+00  0.0000000E+00  0.0000000E+00  0.0000000E+00  0.0000000E+00
  0.1326157E+01  0.0000000E+00  0.0000000E+00  0.0000000E+00  0.0000000E+00  0.0000000E+00  0.0000000E+00  0.0000000E+00  0.0000000E+00
  0.1453620E+01  0.0000000E+00  0.0000000E+00  0.0000000E+00  0.0000000E+00  0.0000000E+00  0.0000000E+00  0.0000000E+00  0.0000000E+00
  0.1595957E+01  0.0000000E+00  0.0000000E+00  0.0000000E+00  0.0000000E+00  0.0000000E+00  0.0000000E+00  0.0000000E+00  0.0000000E+00
  0.1755512E+01  0.0000000E+00  0.0000000E+00  0.0000000E+00  0.0000000E+00  0.0000000E+00  0.0000000E+00  0.0000000E+00  0.0000000E+00
  0.1935113E+01  0.0000000E+00  0.0000000E+00  0.0000000E+00  0.0000000E+00  0.0000000E+00  0.0000000E+00  0.0000000E+00  0.0000000E+00
  0.2138195E+01  0.0000000E+00  0.0000000E+00  0.0000000E+00  0.0000000E+00  0.0000000E+00  0.0000000E+00  0.0000000E+00  0.0000000E+00
  0.2368965E+01  0.0000000E+00  0.0000000E+00  0.0000000E+00  0.0000000E+00  0.0000000E+00  0.0000000E+00  0.0000000E+00  0.0000000E+00
  0.2632616E+01  0.0000000E+00  0.0000000E+00  0.0000000E+00  0.0000000E+00  0.0000000E+00  0.0000000E+00  0.0000000E+00  0.0000000E+00
  0.2935624E+01  0.0000000E+00  0.0000000E+00  0.0000000E+00  0.0000000E+00  0.0000000E+00  0.0000000E+00  0.0000000E+00  0.0000000E+00
  0.3286143E+01  0.0000000E+00  0.0000000E+00  0.0000000E+00  0.0000000E+00  0.0000000E+00  0.0000000E+00  0.0000000E+00  0.0000000E+00
  0.3694559E+01  0.0000000E+00  0.0000000E+00  0.0000000E+00  0.0000000E+00  0.0000000E+00  0.0000000E+00  0.0000000E+00  0.0000000E+00
  0.4174262E+01  0.0000000E+00  0.0000000E+00  0.0000000E+00  0.0000000E+00  0.0000000E+00  0.0000000E+00  0.0000000E+00  0.0000000E+00
  0.4742755E+01  0.0000000E+00  0.0000000E+00  0.0000000E+00  0.0000000E+00  0.0000000E+00  0.0000000E+00  0.0000000E+00  0.0000000E+00
  0.5423267E+01  0.0000000E+00  0.0000000E+00  0.0000000E+00  0.0000000E+00  0.0000000E+00  0.0000000E+00  0.0000000E+00  0.0000000E+00
  0.6247158E+01  0.0000000E+00  0.0000000E+00  0.0000000E+00  0.0000000E+00  0.0000000E+00  0.0000000E+00  0.0000000E+00  0.0000000E+00
  0.7257593E+01  0.0000000E+00  0.0000000E+00  0.0000000E+00  0.0000000E+00  0.0000000E+00  0.0000000E+00  0.0000000E+00  0.0000000E+00
  0.8515298E+01  0.0000000E+00  0.0000000E+00  0.0000000E+00  0.0000000E+00  0.0000000E+00  0.0000000E+00  0.0000000E+00  0.0000000E+00
  0.1010789E+02  0.0000000E+00  0.0000000E+00  0.0000000E+00  0.0000000E+00  0.0000000E+00  0.0000000E+00  0.0000000E+00  0.0000000E+00
  0.1216555E+02  0.0000000E+00  0.0000000E+00  0.0000000E+00  0.0000000E+00  0.0000000E+00  0.0000000E+00  0.0000000E+00  0.0000000E+00
  0.1488845E+02  0.0000000E+00  0.0000000E+00  0.0000000E+00  0.0000000E+00  0.0000000E+00  0.0000000E+00  0.0000000E+00  0.0000000E+00
  0.1859735E+02  0.0000000E+00  0.0000000E+00  0.0000000E+00  0.0000000E+00  0.0000000E+00  0.0000000E+00  0.0000000E+00  0.0000000E+00
  0.2383244E+02  0.0000000E+00  0.0000000E+00  0.0000000E+00  0.0000000E+00  0.0000000E+00  0.0000000E+00  0.0000000E+00  0.0000000E+00
  0.3156166E+02  0.0000000E+00  0.0000000E+00  0.0000000E+00  0.0000000E+00  0.0000000E+00  0.0000000E+00  0.0000000E+00  0.0000000E+00
  0.4366216E+02  0.0000000E+00  0.0000000E+00  0.0000000E+00  0.0000000E+00  0.0000000E+00  0.0000000E+00  0.0000000E+00  0.0000000E+00
  0.6417630E+02  0.0000000E+00  0.0000000E+00  0.0000000E+00  0.0000000E+00  0.0000000E+00  0.0000000E+00  0.0000000E+00  0.0000000E+00
  0.1031786E+03  0.0000000E+00  0.0000000E+00  0.0000000E+00  0.0000000E+00  0.0000000E+00  0.0000000E+00  0.0000000E+00  0.0000000E+00
  0.1919559E+03  0.0000000E+00  0.0000000E+00  0.0000000E+00  0.0000000E+00  0.0000000E+00  0.0000000E+00  0.0000000E+00  0.0000000E+00
  0.4723127E+03  0.0000000E+00  0.0000000E+00  0.0000000E+00  0.0000000E+00  0.0000000E+00  0.0000000E+00  0.0000000E+00  0.0000000E+00
  0.2485589E+04  0.0000000E+00  0.0000000E+00  0.0000000E+00  0.0000000E+00  0.0000000E+00  0.0000000E+00  0.0000000E+00  0.0000000E+00
