  0.8169366E+00  0.2055332E-02  0.1270516E+00           4          75
  0.1476368E-03  0.3685103E-01 -0.1027056E-01 -0.2537892E-01  0.3193955E-02  0.0000000E+00  0.0000000E+00  0.0000000E+00  0.0000000E+00
  0.7785206E-03  0.3681823E-01 -0.1026464E-01 -0.2532595E-01  0.3187149E-02  0.0000000E+00  0.0000000E+00  0.0000000E+00  0.0000000E+00
  0.1916108E-02  0.3675914E-01 -0.1025395E-01 -0.2523114E-01  0.3174911E-02  0.0000000E+00  0.0000000E+00  0.0000000E+00  0.0000000E+00
  0.3565090E-02  0.3667359E-01 -0.1023844E-01 -0.2509420E-01  0.3157248E-02  0.0000000E+00  0.0000000E+00  0.0000000E+00  0.0000000E+00
  0.5731950E-02  0.3656140E-01 -0.1021800E-01 -0.2491516E-01  0.3134179E-02  0.0000000E+00  0.0000000E+00  0.0000000E+00  0.0000000E+00
  0.8425210E-02  0.3642228E-01 -0.1019250E-01 -0.2469408E-01  0.3105726E-02  0.0000000E+00  0.0000000E+00  0.0000000E+00  0.0000000E+00
  0.1165551E-01  0.3625591E-01 -0.1016181E-01 -0.2443102E-01  0.3071918E-02  0.0000000E+00  0.0000000E+00  0.0000000E+00  0.0000000E+00
  0.1543569E-01  0.3606190E-01 -0.1012573E-01 -0.2412608E-01  0.3032794E-02  0.0000000E+00  0.0000000E+00  0.0000000E+00  0.0000000E+00
  0.1978089E-01  0.3583979E-01 -0.1008403E-01 -0.2377941E-01  0.2988400E-02  0.0000000E+00  0.0000000E+00  0.0000000E+00  0.0000000E+00
  0.2470864E-01  0.3558907E-01 -0.1003648E-01 -0.2339121E-01  0.2938793E-02  0.0000000E+00  0.0000000E+00  0.0000000E+00  0.0000000E+00
  0.3023904E-01  0.3530916E-01 -0.9982778E-02 -0.2296174E-01  0.2884043E-02  0.0000000E+00  0.0000000E+00  0.0000000E+00  0.0000000E+00
  0.3639486E-01  0.3499943E-01 -0.9922599E-02 -0.2249137E-01  0.2824234E-02  0.0000000E+00  0.0000000E+00  0.0000000E+00  0.0000000E+00
  0.4320175E-01  0.3465919E-01 -0.9855579E-02 -0.2198054E-01  0.2759463E-02  0.0000000E+00  0.0000000E+00  0.0000000E+00  0.0000000E+00
  0.5068846E-01  0.3428770E-01 -0.9781314E-02 -0.2142984E-01  0.2689850E-02  0.0000000E+00  0.0000000E+00  0.0000000E+00  0.0000000E+00
  0.5888703E-01  0.3388419E-01 -0.9699358E-02 -0.2084000E-01  0.2615530E-02  0.0000000E+00  0.0000000E+00  0.0000000E+00  0.0000000E+00
  0.6783309E-01  0.3344781E-01 -0.9609223E-02 -0.2021192E-01  0.2536665E-02  0.0000000E+00  0.0000000E+00  0.0000000E+00  0.0000000E+00
  0.7756614E-01  0.3297771E-01 -0.9510380E-02 -0.1954671E-01  0.2453442E-02  0.0000000E+00  0.0000000E+00  0.0000000E+00  0.0000000E+00
  0.8812992E-01  0.3247301E-01 -0.9402260E-02 -0.1884572E-01  0.2366075E-02  0.0000000E+00  0.0000000E+00  0.0000000E+00  0.0000000E+00
  0.9957279E-01  0.3193282E-01 -0.9284251E-02 -0.1811055E-01  0.2274809E-02  0.0000000E+00  0.0000000E+00  0.0000000E+00  0.0000000E+00
  0.1119482E+00  0.3135625E-01 -0.9155709E-02 -0.1734311E-01  0.2179925E-02  0.0000000E+00  0.0000000E+00  0.0000000E+00  0.0000000E+00
  0.1253150E+00  0.3074245E-01 -0.9015955E-02 -0.1654566E-01  0.2081738E-02  0.0000000E+00  0.0000000E+00  0.0000000E+00  0.0000000E+00
  0.1397386E+00  0.3009061E-01 -0.8864290E-02 -0.1572080E-01  0.1980602E-02  0.0000000E+00  0.0000000E+00  0.0000000E+00  0.0000000E+00
  0.1552906E+00  0.2940000E-01 -0.8699996E-02 -0.1487156E-01  0.1876910E-02  0.0000000E+00  0.0000000E+00  0.0000000E+00  0.0000000E+00
  0.1720507E+00  0.2867002E-01 -0.8522357E-02 -0.1400135E-01  0.1771098E-02  0.0000000E+00  0.0000000E+00  0.0000000E+00  0.0000000E+00
  0.1901068E+00  0.2790020E-01 -0.8330672E-02 -0.1311405E-01  0.1663641E-02  0.0000000E+00  0.0000000E+00  0.0000000E+00  0.0000000E+00
  0.2095561E+00  0.2709028E-01 -0.8124272E-02 -0.1221399E-01  0.1555057E-02  0.0000000E+00  0.0000000E+00  0.0000000E+00  0.0000000E+00
  0.2305064E+00  0.2624027E-01 -0.7902549E-02 -0.1130594E-01  0.1445903E-02  0.0000000E+00  0.0000000E+00  0.0000000E+00  0.0000000E+00
  0.2530773E+00  0.2535047E-01 -0.7664983E-02 -0.1039512E-01  0.1336773E-02  0.0000000E+00  0.0000000E+00  0.0000000E+00  0.0000000E+00
  0.2774017E+00  0.2442157E-01 -0.7411175E-02 -0.9487181E-02  0.1228296E-02  0.0000000E+00  0.0000000E+00  0.0000000E+00  0.0000000E+00
  0.3036275E+00  0.2345470E-01 -0.7140884E-02 -0.8588157E-02  0.1121128E-02  0.0000000E+00  0.0000000E+00  0.0000000E+00  0.0000000E+00
  0.3319197E+00  0.2245154E-01 -0.6854072E-02 -0.7704411E-02  0.1015945E-02  0.0000000E+00  0.0000000E+00  0.0000000E+00  0.0000000E+00
  0.3624624E+00  0.2141432E-01 -0.6550947E-02 -0.6842555E-02  0.9134361E-03  0.0000000E+00  0.0000000E+00  0.0000000E+00  0.0000000E+00
  0.3954620E+00  0.2034599E-01 -0.6232017E-02 -0.6009344E-02  0.8142879E-03  0.0000000E+00  0.0000000E+00  0.0000000E+00  0.0000000E+00
  0.4311501E+00  0.1925019E-01 -0.5898131E-02 -0.5211541E-02  0.7191748E-03  0.0000000E+00  0.0000000E+00  0.0000000E+00  0.0000000E+00
  0.4697872E+00  0.1813136E-01 -0.5550534E-02 -0.4455757E-02  0.6287417E-03  0.0000000E+00  0.0000000E+00  0.0000000E+00  0.0000000E+00
  0.5116671E+00  0.1699474E-01 -0.5190902E-02 -0.3748258E-02  0.5435869E-03  0.0000000E+00  0.0000000E+00  0.0000000E+00  0.0000000E+00
  0.5571223E+00  0.1584640E-01 -0.4821374E-02 -0.3094756E-02  0.4642447E-03  0.0000000E+00  0.0000000E+00  0.0000000E+00  0.0000000E+00
  0.6065299E+00  0.1469314E-01 -0.4444567E-02 -0.2500173E-02  0.3911663E-03  0.0000000E+00  0.0000000E+00  0.0000000E+00  0.0000000E+00
  0.6603191E+00  0.1354250E-01 -0.4063571E-02 -0.1968408E-02  0.3247025E-03  0.0000000E+00  0.0000000E+00  0.0000000E+00  0.0000000E+00
  0.7189801E+00  0.1240252E-01 -0.3681910E-02 -0.1502098E-02  0.2650881E-03  0.0000000E+00  0.0000000E+00  0.0000000E+00  0.0000000E+00
  0.7830747E+00  0.1128164E-01 -0.3303484E-02 -0.1102421E-02  0.2124289E-03  0.0000000E+00  0.0000000E+00  0.0000000E+00  0.0000000E+00
  0.8532491E+00  0.1018844E-01 -0.2932459E-02 -0.7689278E-03  0.1666946E-03  0.0000000E+00  0.0000000E+00  0.0000000E+00  0.0000000E+00
  0.9302498E+00  0.9131315E-02 -0.2573134E-02 -0.4994612E-03  0.1277169E-03  0.0000000E+00  0.0000000E+00  0.0000000E+00  0.0000000E+00
  0.1014942E+01  0.8118254E-02 -0.2229770E-02 -0.2901578E-03  0.9519417E-04  0.0000000E+00  0.0000000E+00  0.0000000E+00  0.0000000E+00
  0.1108336E+01  0.7156489E-02 -0.1906396E-02 -0.1355688E-03  0.6870396E-04  0.0000000E+00  0.0000000E+00  0.0000000E+00  0.0000000E+00
  0.1211611E+01  0.6252260E-02 -0.1606602E-02 -0.2890248E-04  0.4772120E-04  0.0000000E+00  0.0000000E+00  0.0000000E+00  0.0000000E+00
  0.1326157E+01  0.5410618E-02 -0.1333343E-02  0.3761266E-04  0.3164191E-04  0.0000000E+00  0.0000000E+00  0.0000000E+00  0.0000000E+00
  0.1453620E+01  0.4635330E-02 -0.1088772E-02  0.7226595E-04  0.1980975E-04  0.0000000E+00  0.0000000E+00  0.0000000E+00  0.0000000E+00
  0.1595957E+01  0.3928879E-02 -0.8741174E-03  0.8334202E-04  0.1154325E-04  0.0000000E+00  0.0000000E+00  0.0000000E+00  0.0000000E+00
  0.1755512E+01  0.3292549E-02 -0.6896288E-03  0.7859431E-04  0.6161557E-05  0.0000000E+00  0.0000000E+00  0.0000000E+00  0.0000000E+00
  0.1935113E+01  0.2726553E-02 -0.5345895E-03  0.6477961E-04  0.3007614E-05  0.0000000E+00  0.0000000E+00  0.0000000E+00  0.0000000E+00
  0.2138195E+01  0.2230137E-02 -0.4073977E-03  0.4731594E-04  0.1468911E-05  0.0000000E+00  0.0000000E+00  0.0000000E+00  0.0000000E+00
  0.2368965E+01  0.1801622E-02 -0.3057009E-03  0.3010939E-04  0.9968451E-06  0.0000000E+00  0.0000000E+00  0.0000000E+00  0.0000000E+00
  0.2632616E+01  0.1438338E-02 -0.2265705E-03  0.1556684E-04  0.1125592E-05  0.0000000E+00  0.0000000E+00  0.0000000E+00  0.0000000E+00
  0.2935624E+01  0.1136505E-02 -0.1667020E-03  0.4777730E-05  0.1489528E-05  0.0000000E+00  0.0000000E+00  0.0000000E+00  0.0000000E+00
  0.3286143E+01  0.8911213E-03 -0.1226306E-03 -0.2182318E-05  0.1835494E-05  0.0000000E+00  0.0000000E+00  0.0000000E+00  0.0000000E+00
  0.3694559E+01  0.6959925E-03 -0.9095318E-04 -0.5890358E-05  0.2024198E-05  0.0000000E+00  0.0000000E+00  0.0000000E+00  0.0000000E+00
  0.4174262E+01  0.5439566E-03 -0.6853952E-04 -0.7224889E-05  0.2016161E-05  0.0000000E+00  0.0000000E+00  0.0000000E+00  0.0000000E+00
  0.4742755E+01  0.4273284E-03 -0.5270811E-04 -0.7080923E-05  0.1842743E-05  0.0000000E+00  0.0000000E+00  0.0000000E+00  0.0000000E+00
  0.5423267E+01  0.3384879E-03 -0.4133588E-04 -0.6187709E-05  0.1569622E-05  0.0000000E+00  0.0000000E+00  0.0000000E+00  0.0000000E+00
  0.6247158E+01  0.2704877E-03 -0.3288198E-04 -0.5037963E-05  0.1264016E-05  0.0000000E+00  0.0000000E+00  0.0000000E+00  0.0000000E+00
  0.7257593E+01  0.2175369E-03 -0.2632692E-04 -0.3906890E-05  0.9746859E-06  0.0000000E+00  0.0000000E+00  0.0000000E+00  0.0000000E+00
  0.8515298E+01  0.1752414E-03 -0.2105326E-04 -0.2917133E-05  0.7266664E-06  0.0000000E+00  0.0000000E+00  0.0000000E+00  0.0000000E+00
  0.1010789E+02  0.1405599E-03 -0.1670936E-04 -0.2105592E-05  0.5262423E-06  0.0000000E+00  0.0000000E+00  0.0000000E+00  0.0000000E+00
  0.1216555E+02  0.1115658E-03 -0.1309538E-04 -0.1468421E-05  0.3693456E-06  0.0000000E+00  0.0000000E+00  0.0000000E+00  0.0000000E+00
  0.1488845E+02  0.8709038E-04 -0.1008805E-04 -0.9859504E-06  0.2493330E-06  0.0000000E+00  0.0000000E+00  0.0000000E+00  0.0000000E+00
  0.1859735E+02  0.6643971E-04 -0.7603437E-05 -0.6340227E-06  0.1608341E-06  0.0000000E+00  0.0000000E+00  0.0000000E+00  0.0000000E+00
  0.2383244E+02  0.4933830E-04 -0.5580931E-05 -0.3859496E-06  0.9833264E-07  0.0000000E+00  0.0000000E+00  0.0000000E+00  0.0000000E+00
  0.3156166E+02  0.3560161E-04 -0.3967213E-05 -0.2175382E-06  0.5592349E-07  0.0000000E+00  0.0000000E+00  0.0000000E+00  0.0000000E+00
  0.4366216E+02  0.2481569E-04 -0.2706831E-05 -0.1102527E-06  0.2884403E-07  0.0000000E+00  0.0000000E+00  0.0000000E+00  0.0000000E+00
  0.6417630E+02  0.1643997E-04 -0.1740017E-05 -0.4852309E-07  0.1326533E-07  0.0000000E+00  0.0000000E+00  0.0000000E+00  0.0000000E+00
  0.1031786E+03  0.9996931E-05 -0.1017928E-05 -0.1756823E-07  0.5177882E-08  0.0000000E+00  0.0000000E+00  0.0000000E+00  0.0000000E+00
  0.1919559E+03  0.5263167E-05 -0.5109881E-06 -0.4651686E-08  0.1490730E-08  0.0000000E+00  0.0000000E+00  0.0000000E+00  0.0000000E+00
  0.4723127E+03  0.2084723E-05 -0.1893926E-06 -0.6847750E-09  0.2504245E-09  0.0000000E+00  0.0000000E+00  0.0000000E+00  0.0000000E+00
  0.2485589E+04  0.3532236E-06 -0.2965418E-07 -0.2178598E-10  0.9235213E-11  0.0000000E+00  0.0000000E+00  0.0000000E+00  0.0000000E+00
  0.1476368E-03  0.2422205E-03 -0.4009560E-05  0.5846721E+00  0.5043447E-04  0.0000000E+00  0.0000000E+00  0.0000000E+00  0.0000000E+00
  0.7785206E-03  0.5558460E-03 -0.9376957E-05  0.2533380E+00  0.1155790E-03  0.0000000E+00  0.0000000E+00  0.0000000E+00  0.0000000E+00
  0.1916108E-02  0.8709607E-03 -0.1518910E-04  0.1600262E+00  0.1806573E-03  0.0000000E+00  0.0000000E+00  0.0000000E+00  0.0000000E+00
  0.3565090E-02  0.1185913E-02 -0.2165923E-04  0.1157795E+00  0.2451108E-03  0.0000000E+00  0.0000000E+00  0.0000000E+00  0.0000000E+00
  0.5731950E-02  0.1500215E-02 -0.2901993E-04  0.8972713E-01  0.3086237E-03  0.0000000E+00  0.0000000E+00  0.0000000E+00  0.0000000E+00
  0.8425210E-02  0.1813539E-02 -0.3750634E-04  0.7240281E-01  0.3709152E-03  0.0000000E+00  0.0000000E+00  0.0000000E+00  0.0000000E+00
  0.1165551E-01  0.2125582E-02 -0.4735351E-04  0.5993925E-01  0.4317115E-03  0.0000000E+00  0.0000000E+00  0.0000000E+00  0.0000000E+00
  0.1543569E-01  0.2436036E-02 -0.5879509E-04  0.5046329E-01  0.4907394E-03  0.0000000E+00  0.0000000E+00  0.0000000E+00  0.0000000E+00
  0.1978089E-01  0.2744563E-02 -0.7206205E-04  0.4295815E-01  0.5477240E-03  0.0000000E+00  0.0000000E+00  0.0000000E+00  0.0000000E+00
  0.2470864E-01  0.3050791E-02 -0.8738111E-04  0.3682483E-01  0.6023878E-03  0.0000000E+00  0.0000000E+00  0.0000000E+00  0.0000000E+00
  0.3023904E-01  0.3354305E-02 -0.1049728E-03  0.3168798E-01  0.6544504E-03  0.0000000E+00  0.0000000E+00  0.0000000E+00  0.0000000E+00
  0.3639486E-01  0.3654635E-02 -0.1250490E-03  0.2730090E-01  0.7036291E-03  0.0000000E+00  0.0000000E+00  0.0000000E+00  0.0000000E+00
  0.4320175E-01  0.3951250E-02 -0.1478097E-03  0.2349513E-01  0.7496391E-03  0.0000000E+00  0.0000000E+00  0.0000000E+00  0.0000000E+00
  0.5068846E-01  0.4243548E-02 -0.1734393E-03  0.2015206E-01  0.7921950E-03  0.0000000E+00  0.0000000E+00  0.0000000E+00  0.0000000E+00
  0.5888703E-01  0.4530845E-02 -0.2021020E-03  0.1718611E-01  0.8310117E-03  0.0000000E+00  0.0000000E+00  0.0000000E+00  0.0000000E+00
  0.6783309E-01  0.4812365E-02 -0.2339364E-03  0.1453426E-01  0.8658071E-03  0.0000000E+00  0.0000000E+00  0.0000000E+00  0.0000000E+00
  0.7756614E-01  0.5087228E-02 -0.2690486E-03  0.1214935E-01  0.8963039E-03  0.0000000E+00  0.0000000E+00  0.0000000E+00  0.0000000E+00
  0.8812992E-01  0.5354436E-02 -0.3075050E-03  0.9995644E-02  0.9222331E-03  0.0000000E+00  0.0000000E+00  0.0000000E+00  0.0000000E+00
  0.9957279E-01  0.5612864E-02 -0.3493233E-03  0.8045807E-02  0.9433381E-03  0.0000000E+00  0.0000000E+00  0.0000000E+00  0.0000000E+00
  0.1119482E+00  0.5861244E-02 -0.3944627E-03  0.6278750E-02  0.9593786E-03  0.0000000E+00  0.0000000E+00  0.0000000E+00  0.0000000E+00
  0.1253150E+00  0.6098152E-02 -0.4428132E-03  0.4678120E-02  0.9701363E-03  0.0000000E+00  0.0000000E+00  0.0000000E+00  0.0000000E+00
  0.1397386E+00  0.6322002E-02 -0.4941840E-03  0.3231180E-02  0.9754211E-03  0.0000000E+00  0.0000000E+00  0.0000000E+00  0.0000000E+00
  0.1552906E+00  0.6531030E-02 -0.5482916E-03  0.1927952E-02  0.9750767E-03  0.0000000E+00  0.0000000E+00  0.0000000E+00  0.0000000E+00
  0.1720507E+00  0.6723289E-02 -0.6047479E-03  0.7605696E-03  0.9689889E-03  0.0000000E+00  0.0000000E+00  0.0000000E+00  0.0000000E+00
  0.1901068E+00  0.6896648E-02 -0.6630489E-03 -0.2772455E-03  0.9570924E-03  0.0000000E+00  0.0000000E+00  0.0000000E+00  0.0000000E+00
  0.2095561E+00  0.7048795E-02 -0.7225643E-03 -0.1190605E-02  0.9393792E-03  0.0000000E+00  0.0000000E+00  0.0000000E+00  0.0000000E+00
  0.2305064E+00  0.7177242E-02 -0.7825292E-03 -0.1983809E-02  0.9159069E-03  0.0000000E+00  0.0000000E+00  0.0000000E+00  0.0000000E+00
  0.2530773E+00  0.7279355E-02 -0.8420390E-03 -0.2660650E-02  0.8868072E-03  0.0000000E+00  0.0000000E+00  0.0000000E+00  0.0000000E+00
  0.2774017E+00  0.7352377E-02 -0.9000474E-03 -0.3224678E-02  0.8522936E-03  0.0000000E+00  0.0000000E+00  0.0000000E+00  0.0000000E+00
  0.3036275E+00  0.7393483E-02 -0.9553716E-03 -0.3679452E-02  0.8126695E-03  0.0000000E+00  0.0000000E+00  0.0000000E+00  0.0000000E+00
  0.3319197E+00  0.7399840E-02 -0.1006703E-02 -0.4028747E-02  0.7683341E-03  0.0000000E+00  0.0000000E+00  0.0000000E+00  0.0000000E+00
  0.3624624E+00  0.7368699E-02 -0.1052627E-02 -0.4276763E-02  0.7197868E-03  0.0000000E+00  0.0000000E+00  0.0000000E+00  0.0000000E+00
  0.3954620E+00  0.7297499E-02 -0.1091656E-02 -0.4428301E-02  0.6676294E-03  0.0000000E+00  0.0000000E+00  0.0000000E+00  0.0000000E+00
  0.4311501E+00  0.7184001E-02 -0.1122270E-02 -0.4488915E-02  0.6125643E-03  0.0000000E+00  0.0000000E+00  0.0000000E+00  0.0000000E+00
  0.4697872E+00  0.7026445E-02 -0.1142976E-02 -0.4465042E-02  0.5553887E-03  0.0000000E+00  0.0000000E+00  0.0000000E+00  0.0000000E+00
  0.5116671E+00  0.6823726E-02 -0.1152379E-02 -0.4364079E-02  0.4969834E-03  0.0000000E+00  0.0000000E+00  0.0000000E+00  0.0000000E+00
  0.5571223E+00  0.6575582E-02 -0.1149262E-02 -0.4194433E-02  0.4382958E-03  0.0000000E+00  0.0000000E+00  0.0000000E+00  0.0000000E+00
  0.6065299E+00  0.6282794E-02 -0.1132686E-02 -0.3965492E-02  0.3803160E-03  0.0000000E+00  0.0000000E+00  0.0000000E+00  0.0000000E+00
  0.6603191E+00  0.5947371E-02 -0.1102086E-02 -0.3687547E-02  0.3240468E-03  0.0000000E+00  0.0000000E+00  0.0000000E+00  0.0000000E+00
  0.7189801E+00  0.5572709E-02 -0.1057376E-02 -0.3371630E-02  0.2704667E-03  0.0000000E+00  0.0000000E+00  0.0000000E+00  0.0000000E+00
  0.7830747E+00  0.5163696E-02 -0.9990345E-03 -0.3029272E-02  0.2204879E-03  0.0000000E+00  0.0000000E+00  0.0000000E+00  0.0000000E+00
  0.8532491E+00  0.4726737E-02 -0.9281699E-03 -0.2672189E-02  0.1749120E-03  0.0000000E+00  0.0000000E+00  0.0000000E+00  0.0000000E+00
  0.9302498E+00  0.4269677E-02 -0.8465509E-03 -0.2311894E-02  0.1343850E-03  0.0000000E+00  0.0000000E+00  0.0000000E+00  0.0000000E+00
  0.1014942E+01  0.3801584E-02 -0.7565815E-03 -0.1959262E-02  0.9935670E-04  0.0000000E+00  0.0000000E+00  0.0000000E+00  0.0000000E+00
  0.1108336E+01  0.3332400E-02 -0.6612140E-03 -0.1624076E-02  0.7004921E-04  0.0000000E+00  0.0000000E+00  0.0000000E+00  0.0000000E+00
  0.1211611E+01  0.2872443E-02 -0.5637910E-03 -0.1314590E-02  0.4643957E-04  0.0000000E+00  0.0000000E+00  0.0000000E+00  0.0000000E+00
  0.1326157E+01  0.2431802E-02 -0.4678225E-03 -0.1037154E-02  0.2826039E-04  0.0000000E+00  0.0000000E+00  0.0000000E+00  0.0000000E+00
  0.1453620E+01  0.2019674E-02 -0.3767115E-03 -0.7959594E-03  0.1502176E-04  0.0000000E+00  0.0000000E+00  0.0000000E+00  0.0000000E+00
  0.1595957E+01  0.1643714E-02 -0.2934597E-03 -0.5929283E-03  0.6054371E-05  0.0000000E+00  0.0000000E+00  0.0000000E+00  0.0000000E+00
  0.1755512E+01  0.1309511E-02 -0.2203949E-03 -0.4277832E-03  0.5706106E-06  0.0000000E+00  0.0000000E+00  0.0000000E+00  0.0000000E+00
  0.1935113E+01  0.1020258E-02 -0.1589663E-03 -0.2982973E-03 -0.2263198E-05  0.0000000E+00  0.0000000E+00  0.0000000E+00  0.0000000E+00
  0.2138195E+01  0.7766890E-03 -0.1096504E-03 -0.2007005E-03 -0.3252828E-05  0.0000000E+00  0.0000000E+00  0.0000000E+00  0.0000000E+00
  0.2368965E+01  0.5772913E-03 -0.7198837E-04 -0.1301936E-03 -0.3111062E-05  0.0000000E+00  0.0000000E+00  0.0000000E+00  0.0000000E+00
  0.2632616E+01  0.4187341E-03 -0.4475188E-04 -0.8150641E-04 -0.2410702E-05  0.0000000E+00  0.0000000E+00  0.0000000E+00  0.0000000E+00
  0.2935624E+01  0.2964245E-03 -0.2620125E-04 -0.4942985E-04 -0.1561522E-05  0.0000000E+00  0.0000000E+00  0.0000000E+00  0.0000000E+00
  0.3286143E+01  0.2050667E-03 -0.1438046E-04 -0.2925846E-04 -0.8122536E-06  0.0000000E+00  0.0000000E+00  0.0000000E+00  0.0000000E+00
  0.3694559E+01  0.1391393E-03 -0.7388868E-05 -0.1709354E-04 -0.2740560E-06  0.0000000E+00  0.0000000E+00  0.0000000E+00  0.0000000E+00
  0.4174262E+01  0.9325737E-04 -0.3583379E-05 -0.9979461E-05  0.4172091E-07  0.0000000E+00  0.0000000E+00  0.0000000E+00  0.0000000E+00
  0.4742755E+01  0.6244031E-04 -0.1689426E-05 -0.5874684E-05  0.1807885E-06  0.0000000E+00  0.0000000E+00  0.0000000E+00  0.0000000E+00
  0.5423267E+01  0.4232829E-04 -0.8232201E-06 -0.3494433E-05  0.2077285E-06  0.0000000E+00  0.0000000E+00  0.0000000E+00  0.0000000E+00
  0.6247158E+01  0.2935799E-04 -0.4447253E-06 -0.2092047E-05  0.1797522E-06  0.0000000E+00  0.0000000E+00  0.0000000E+00  0.0000000E+00
  0.7257593E+01  0.2086479E-04 -0.2699528E-06 -0.1252349E-05  0.1350964E-06  0.0000000E+00  0.0000000E+00  0.0000000E+00  0.0000000E+00
  0.8515298E+01  0.1506159E-04 -0.1741443E-06 -0.7438031E-06  0.9322194E-07  0.0000000E+00  0.0000000E+00  0.0000000E+00  0.0000000E+00
  0.1010789E+02  0.1088582E-04 -0.1124660E-06 -0.4338704E-06  0.6076993E-07  0.0000000E+00  0.0000000E+00  0.0000000E+00  0.0000000E+00
  0.1216555E+02  0.7770408E-05 -0.7086000E-07 -0.2455312E-06  0.3790710E-07  0.0000000E+00  0.0000000E+00  0.0000000E+00  0.0000000E+00
  0.1488845E+02  0.5420956E-05 -0.4355156E-07 -0.1329495E-06  0.2264064E-07  0.0000000E+00  0.0000000E+00  0.0000000E+00  0.0000000E+00
  0.1859735E+02  0.3664578E-05 -0.2621969E-07 -0.6770669E-07  0.1286468E-07  0.0000000E+00  0.0000000E+00  0.0000000E+00  0.0000000E+00
  0.2383244E+02  0.2382192E-05 -0.1561519E-07 -0.3197157E-07  0.6867476E-08  0.0000000E+00  0.0000000E+00  0.0000000E+00  0.0000000E+00
  0.3156166E+02  0.1477556E-05 -0.9161758E-08 -0.1393824E-07  0.3367687E-08  0.0000000E+00  0.0000000E+00  0.0000000E+00  0.0000000E+00
  0.4366216E+02  0.8637374E-06 -0.4864031E-08 -0.5583638E-08  0.1467701E-08  0.0000000E+00  0.0000000E+00  0.0000000E+00  0.0000000E+00
  0.6417630E+02  0.4637134E-06 -0.2237402E-08 -0.1974039E-08  0.5474969E-09  0.0000000E+00  0.0000000E+00  0.0000000E+00  0.0000000E+00
  0.1031786E+03  0.2162281E-06 -0.8651669E-09 -0.5607549E-09  0.1619261E-09  0.0000000E+00  0.0000000E+00  0.0000000E+00  0.0000000E+00
  0.1919559E+03  0.7896983E-07 -0.2557550E-09 -0.1106169E-09  0.3163399E-10  0.0000000E+00  0.0000000E+00  0.0000000E+00  0.0000000E+00
  0.4723127E+03  0.1872248E-07 -0.5278182E-10 -0.1053937E-10  0.3109451E-11  0.0000000E+00  0.0000000E+00  0.0000000E+00  0.0000000E+00
  0.2485589E+04  0.1384992E-08 -0.4269566E-11 -0.1166436E-12  0.5020405E-13  0.0000000E+00  0.0000000E+00  0.0000000E+00  0.0000000E+00
  0.1476368E-03  0.5938693E-06  0.2888387E-06 -0.1095588E-05  0.2855713E-06  0.0000000E+00  0.0000000E+00  0.0000000E+00  0.0000000E+00
  0.7785206E-03  0.3132339E-05  0.1519412E-05 -0.5770473E-05  0.1503007E-05  0.0000000E+00  0.0000000E+00  0.0000000E+00  0.0000000E+00
  0.1916108E-02  0.7712620E-05  0.3723213E-05 -0.1417226E-04  0.3686566E-05  0.0000000E+00  0.0000000E+00  0.0000000E+00  0.0000000E+00
  0.3565090E-02  0.1435870E-04  0.6883249E-05 -0.2628791E-04  0.6825254E-05  0.0000000E+00  0.0000000E+00  0.0000000E+00  0.0000000E+00
  0.5731950E-02  0.2310401E-04  0.1097391E-04 -0.4209536E-04  0.1090244E-04  0.0000000E+00  0.0000000E+00  0.0000000E+00  0.0000000E+00
  0.8425210E-02  0.3399225E-04  0.1596094E-04 -0.6156372E-04  0.1589603E-04  0.0000000E+00  0.0000000E+00  0.0000000E+00  0.0000000E+00
  0.1165551E-01  0.4707762E-04  0.2180089E-04 -0.8465205E-04  0.2177829E-04  0.0000000E+00  0.0000000E+00  0.0000000E+00  0.0000000E+00
  0.1543569E-01  0.6242484E-04  0.2844046E-04 -0.1113075E-03  0.2851552E-04  0.0000000E+00  0.0000000E+00  0.0000000E+00  0.0000000E+00
  0.1978089E-01  0.8010914E-04  0.3581574E-04 -0.1414632E-03  0.3606765E-04  0.0000000E+00  0.0000000E+00  0.0000000E+00  0.0000000E+00
  0.2470864E-01  0.1002161E-03  0.4385136E-04 -0.1750353E-03  0.4438788E-04  0.0000000E+00  0.0000000E+00  0.0000000E+00  0.0000000E+00
  0.3023904E-01  0.1228415E-03  0.5245951E-04 -0.2119201E-03  0.5342216E-04  0.0000000E+00  0.0000000E+00  0.0000000E+00  0.0000000E+00
  0.3639486E-01  0.1480904E-03  0.6153901E-04 -0.2519904E-03  0.6310872E-04  0.0000000E+00  0.0000000E+00  0.0000000E+00  0.0000000E+00
  0.4320175E-01  0.1760767E-03  0.7097426E-04 -0.2950906E-03  0.7337749E-04  0.0000000E+00  0.0000000E+00  0.0000000E+00  0.0000000E+00
  0.5068846E-01  0.2069215E-03  0.8063435E-04 -0.3410326E-03  0.8414956E-04  0.0000000E+00  0.0000000E+00  0.0000000E+00  0.0000000E+00
  0.5888703E-01  0.2407513E-03  0.9037210E-04 -0.3895898E-03  0.9533666E-04  0.0000000E+00  0.0000000E+00  0.0000000E+00  0.0000000E+00
  0.6783309E-01  0.2776956E-03  0.1000234E-03 -0.4404913E-03  0.1068406E-03  0.0000000E+00  0.0000000E+00  0.0000000E+00  0.0000000E+00
  0.7756614E-01  0.3178830E-03  0.1094067E-03 -0.4934146E-03  0.1185528E-03  0.0000000E+00  0.0000000E+00  0.0000000E+00  0.0000000E+00
  0.8812992E-01  0.3614371E-03  0.1183231E-03 -0.5479786E-03  0.1303541E-03  0.0000000E+00  0.0000000E+00  0.0000000E+00  0.0000000E+00
  0.9957279E-01  0.4084707E-03  0.1265567E-03 -0.6037359E-03  0.1421146E-03  0.0000000E+00  0.0000000E+00  0.0000000E+00  0.0000000E+00
  0.1119482E+00  0.4590784E-03  0.1338760E-03 -0.6601660E-03  0.1536937E-03  0.0000000E+00  0.0000000E+00  0.0000000E+00  0.0000000E+00
  0.1253150E+00  0.5133277E-03  0.1400360E-03 -0.7166700E-03  0.1649406E-03  0.0000000E+00  0.0000000E+00  0.0000000E+00  0.0000000E+00
  0.1397386E+00  0.5712486E-03  0.1447820E-03 -0.7725677E-03  0.1756955E-03  0.0000000E+00  0.0000000E+00  0.0000000E+00  0.0000000E+00
  0.1552906E+00  0.6328202E-03  0.1478538E-03 -0.8270977E-03  0.1857907E-03  0.0000000E+00  0.0000000E+00  0.0000000E+00  0.0000000E+00
  0.1720507E+00  0.6979560E-03  0.1489922E-03 -0.8794220E-03  0.1950525E-03  0.0000000E+00  0.0000000E+00  0.0000000E+00  0.0000000E+00
  0.1901068E+00  0.7664866E-03  0.1479470E-03 -0.9286328E-03  0.2033038E-03  0.0000000E+00  0.0000000E+00  0.0000000E+00  0.0000000E+00
  0.2095561E+00  0.8381399E-03  0.1444857E-03 -0.9737652E-03  0.2103669E-03  0.0000000E+00  0.0000000E+00  0.0000000E+00  0.0000000E+00
  0.2305064E+00  0.9125203E-03  0.1384050E-03 -0.1013812E-02  0.2160676E-03  0.0000000E+00  0.0000000E+00  0.0000000E+00  0.0000000E+00
  0.2530773E+00  0.9890856E-03  0.1295433E-03 -0.1047743E-02  0.2202390E-03  0.0000000E+00  0.0000000E+00  0.0000000E+00  0.0000000E+00
  0.2774017E+00  0.1067124E-02  0.1177948E-03 -0.1074531E-02  0.2227270E-03  0.0000000E+00  0.0000000E+00  0.0000000E+00  0.0000000E+00
  0.3036275E+00  0.1145733E-02  0.1031249E-03 -0.1093177E-02  0.2233958E-03  0.0000000E+00  0.0000000E+00  0.0000000E+00  0.0000000E+00
  0.3319197E+00  0.1223797E-02  0.8558590E-04 -0.1102752E-02  0.2221345E-03  0.0000000E+00  0.0000000E+00  0.0000000E+00  0.0000000E+00
  0.3624624E+00  0.1299977E-02  0.6533353E-04 -0.1102432E-02  0.2188640E-03  0.0000000E+00  0.0000000E+00  0.0000000E+00  0.0000000E+00
  0.3954620E+00  0.1372698E-02  0.4264103E-04 -0.1091546E-02  0.2135444E-03  0.0000000E+00  0.0000000E+00  0.0000000E+00  0.0000000E+00
  0.4311501E+00  0.1440163E-02  0.1791140E-04 -0.1069627E-02  0.2061824E-03  0.0000000E+00  0.0000000E+00  0.0000000E+00  0.0000000E+00
  0.4697872E+00  0.1500365E-02 -0.8315416E-05 -0.1036466E-02  0.1968376E-03  0.0000000E+00  0.0000000E+00  0.0000000E+00  0.0000000E+00
  0.5116671E+00  0.1551135E-02 -0.3536216E-04 -0.9921633E-03  0.1856291E-03  0.0000000E+00  0.0000000E+00  0.0000000E+00  0.0000000E+00
  0.5571223E+00  0.1590207E-02 -0.6242316E-04 -0.9371797E-03  0.1727388E-03  0.0000000E+00  0.0000000E+00  0.0000000E+00  0.0000000E+00
  0.6065299E+00  0.1615310E-02 -0.8858511E-04 -0.8723724E-03  0.1584132E-03  0.0000000E+00  0.0000000E+00  0.0000000E+00  0.0000000E+00
  0.6603191E+00  0.1624291E-02 -0.1128617E-03 -0.7990198E-03  0.1429610E-03  0.0000000E+00  0.0000000E+00  0.0000000E+00  0.0000000E+00
  0.7189801E+00  0.1615273E-02 -0.1342432E-03 -0.7188198E-03  0.1267470E-03  0.0000000E+00  0.0000000E+00  0.0000000E+00  0.0000000E+00
  0.7830747E+00  0.1586824E-02 -0.1517613E-03 -0.6338584E-03  0.1101801E-03  0.0000000E+00  0.0000000E+00  0.0000000E+00  0.0000000E+00
  0.8532491E+00  0.1538148E-02 -0.1645656E-03 -0.5465415E-03  0.9369679E-04  0.0000000E+00  0.0000000E+00  0.0000000E+00  0.0000000E+00
  0.9302498E+00  0.1469261E-02 -0.1720075E-03 -0.4594856E-03  0.7773905E-04  0.0000000E+00  0.0000000E+00  0.0000000E+00  0.0000000E+00
  0.1014942E+01  0.1381148E-02 -0.1737227E-03 -0.3753694E-03  0.6272851E-04  0.0000000E+00  0.0000000E+00  0.0000000E+00  0.0000000E+00
  0.1108336E+01  0.1275850E-02 -0.1696996E-03 -0.2967529E-03  0.4903817E-04  0.0000000E+00  0.0000000E+00  0.0000000E+00  0.0000000E+00
  0.1211611E+01  0.1156466E-02 -0.1603212E-03 -0.2258781E-03  0.3696493E-04  0.0000000E+00  0.0000000E+00  0.0000000E+00  0.0000000E+00
  0.1326157E+01  0.1027038E-02 -0.1463655E-03 -0.1644756E-03  0.2670645E-04  0.0000000E+00  0.0000000E+00  0.0000000E+00  0.0000000E+00
  0.1453620E+01  0.8923068E-03 -0.1289553E-03 -0.1136048E-03  0.1834595E-04  0.0000000E+00  0.0000000E+00  0.0000000E+00  0.0000000E+00
  0.1595957E+01  0.7573460E-03 -0.1094537E-03 -0.7355891E-04  0.1184850E-04  0.0000000E+00  0.0000000E+00  0.0000000E+00  0.0000000E+00
  0.1755512E+01  0.6271108E-03 -0.8931441E-04 -0.4386034E-04  0.7070496E-05  0.0000000E+00  0.0000000E+00  0.0000000E+00  0.0000000E+00
  0.1935113E+01  0.5059682E-03 -0.6990857E-04 -0.2335881E-04  0.3781964E-05  0.0000000E+00  0.0000000E+00  0.0000000E+00  0.0000000E+00
  0.2138195E+01  0.3972920E-03 -0.5236086E-04 -0.1042289E-04  0.1698575E-05  0.0000000E+00  0.0000000E+00  0.0000000E+00  0.0000000E+00
  0.2368965E+01  0.3032073E-03 -0.3742992E-04 -0.3192916E-05  0.5180415E-06  0.0000000E+00  0.0000000E+00  0.0000000E+00  0.0000000E+00
  0.2632616E+01  0.2245401E-03 -0.2546138E-04  0.1556029E-06 -0.4550958E-07  0.0000000E+00  0.0000000E+00  0.0000000E+00  0.0000000E+00
  0.2935624E+01  0.1609745E-03 -0.1642103E-04  0.1192959E-05 -0.2348622E-06  0.0000000E+00  0.0000000E+00  0.0000000E+00  0.0000000E+00
  0.3286143E+01  0.1113546E-03 -0.9991421E-05  0.1102341E-05 -0.2341701E-06  0.0000000E+00  0.0000000E+00  0.0000000E+00  0.0000000E+00
  0.3694559E+01  0.7402669E-04 -0.5696471E-05  0.6474251E-06 -0.1652687E-06  0.0000000E+00  0.0000000E+00  0.0000000E+00  0.0000000E+00
  0.4174262E+01  0.4711731E-04 -0.3016086E-05  0.2254833E-06 -0.9430052E-07  0.0000000E+00  0.0000000E+00  0.0000000E+00  0.0000000E+00
  0.4742755E+01  0.2869785E-04 -0.1467442E-05 -0.2851744E-07 -0.4565062E-07  0.0000000E+00  0.0000000E+00  0.0000000E+00  0.0000000E+00
  0.5423267E+01  0.1686603E-04 -0.6497921E-06 -0.1260953E-06 -0.1911995E-07  0.0000000E+00  0.0000000E+00  0.0000000E+00  0.0000000E+00
  0.6247158E+01  0.9817210E-05 -0.2617823E-06 -0.1299758E-06 -0.5603823E-08  0.0000000E+00  0.0000000E+00  0.0000000E+00  0.0000000E+00
  0.7257593E+01  0.5946842E-05 -0.9977309E-07 -0.9730027E-07  0.2717772E-08  0.0000000E+00  0.0000000E+00  0.0000000E+00  0.0000000E+00
  0.8515298E+01  0.3954502E-05 -0.4200171E-07 -0.6093000E-07  0.8912073E-08  0.0000000E+00  0.0000000E+00  0.0000000E+00  0.0000000E+00
  0.1010789E+02  0.2896600E-05 -0.2476188E-07 -0.3352925E-07  0.1257776E-07  0.0000000E+00  0.0000000E+00  0.0000000E+00  0.0000000E+00
  0.1216555E+02  0.2179115E-05 -0.1921328E-07 -0.1696019E-07  0.1266963E-07  0.0000000E+00  0.0000000E+00  0.0000000E+00  0.0000000E+00
  0.1488845E+02  0.1513134E-05 -0.1419104E-07 -0.8748105E-08  0.9573628E-08  0.0000000E+00  0.0000000E+00  0.0000000E+00  0.0000000E+00
  0.1859735E+02  0.8686469E-06 -0.6893730E-08 -0.5170301E-08  0.5223729E-08  0.0000000E+00  0.0000000E+00  0.0000000E+00  0.0000000E+00
  0.2383244E+02  0.3596621E-06 -0.4971946E-09 -0.3160525E-08  0.1616050E-08  0.0000000E+00  0.0000000E+00  0.0000000E+00  0.0000000E+00
  0.3156166E+02  0.2919540E-07  0.3765666E-08 -0.1852060E-08 -0.3437297E-09  0.0000000E+00  0.0000000E+00  0.0000000E+00  0.0000000E+00
  0.4366216E+02 -0.1661846E-06  0.9353557E-08 -0.1179856E-08 -0.8363318E-09  0.0000000E+00  0.0000000E+00  0.0000000E+00  0.0000000E+00
  0.6417630E+02 -0.2303825E-06  0.1268775E-07 -0.6886187E-09 -0.5569686E-09  0.0000000E+00  0.0000000E+00  0.0000000E+00  0.0000000E+00
  0.1031786E+03 -0.1102557E-06  0.7105450E-08 -0.1967054E-09 -0.1282492E-09  0.0000000E+00  0.0000000E+00  0.0000000E+00  0.0000000E+00
  0.1919559E+03  0.1412449E-06 -0.4945455E-08  0.7588948E-10  0.8944281E-10  0.0000000E+00  0.0000000E+00  0.0000000E+00  0.0000000E+00
  0.4723127E+03  0.1256500E-06 -0.4762044E-08  0.2809111E-10  0.2977914E-10  0.0000000E+00  0.0000000E+00  0.0000000E+00  0.0000000E+00
  0.2485589E+04 -0.1204637E-07  0.4104620E-09 -0.5131605E-12 -0.5826188E-12  0.0000000E+00  0.0000000E+00  0.0000000E+00  0.0000000E+00
  0.1476368E-03 -0.1064821E-09  0.3077882E-08  0.5849307E+00  0.1106603E-08  0.0000000E+00  0.0000000E+00  0.0000000E+00  0.0000000E+00
  0.7785206E-03 -0.1270393E-08  0.3723775E-07  0.2539307E+00  0.1338181E-07  0.0000000E+00  0.0000000E+00  0.0000000E+00  0.0000000E+00
  0.1916108E-02 -0.4771988E-08  0.1435256E-06  0.1609532E+00  0.5154188E-07  0.0000000E+00  0.0000000E+00  0.0000000E+00  0.0000000E+00
  0.3565090E-02 -0.1161538E-07  0.3632370E-06  0.1170384E+00  0.1303335E-06  0.0000000E+00  0.0000000E+00  0.0000000E+00  0.0000000E+00
  0.5731950E-02 -0.2233417E-07  0.7376607E-06  0.9131406E-01  0.2644300E-06  0.0000000E+00  0.0000000E+00  0.0000000E+00  0.0000000E+00
  0.8425210E-02 -0.3676937E-07  0.1307974E-05  0.7431281E-01  0.4683906E-06  0.0000000E+00  0.0000000E+00  0.0000000E+00  0.0000000E+00
  0.1165551E-01 -0.5379991E-07  0.2115085E-05  0.6216617E-01  0.7566063E-06  0.0000000E+00  0.0000000E+00  0.0000000E+00  0.0000000E+00
  0.1543569E-01 -0.7101292E-07  0.3199422E-05  0.5299978E-01  0.1143232E-05  0.0000000E+00  0.0000000E+00  0.0000000E+00  0.0000000E+00
  0.1978089E-01 -0.8430113E-07  0.4600650E-05  0.4579564E-01  0.1642102E-05  0.0000000E+00  0.0000000E+00  0.0000000E+00  0.0000000E+00
  0.2470864E-01 -0.8737507E-07  0.6357308E-05  0.3995348E-01  0.2266616E-05  0.0000000E+00  0.0000000E+00  0.0000000E+00  0.0000000E+00
  0.3023904E-01 -0.7117850E-07  0.8506361E-05  0.3509662E-01  0.3029612E-05  0.0000000E+00  0.0000000E+00  0.0000000E+00  0.0000000E+00
  0.3639486E-01 -0.2319740E-07  0.1108263E-04  0.3097696E-01  0.3943191E-05  0.0000000E+00  0.0000000E+00  0.0000000E+00  0.0000000E+00
  0.4320175E-01  0.7334508E-07  0.1411812E-04  0.2742459E-01  0.5018518E-05  0.0000000E+00  0.0000000E+00  0.0000000E+00  0.0000000E+00
  0.5068846E-01  0.2404112E-06  0.1764118E-04  0.2431939E-01  0.6265569E-05  0.0000000E+00  0.0000000E+00  0.0000000E+00  0.0000000E+00
  0.5888703E-01  0.5061866E-06  0.2167551E-04  0.2157419E-01  0.7692834E-05  0.0000000E+00  0.0000000E+00  0.0000000E+00  0.0000000E+00
  0.6783309E-01  0.9062249E-06  0.2623903E-04  0.1912433E-01  0.9306945E-05  0.0000000E+00  0.0000000E+00  0.0000000E+00  0.0000000E+00
  0.7756614E-01  0.1484677E-05  0.3134249E-04  0.1692097E-01  0.1111226E-04  0.0000000E+00  0.0000000E+00  0.0000000E+00  0.0000000E+00
  0.8812992E-01  0.2295576E-05  0.3698789E-04  0.1492665E-01  0.1311033E-04  0.0000000E+00  0.0000000E+00  0.0000000E+00  0.0000000E+00
  0.9957279E-01  0.3404118E-05  0.4316673E-04  0.1311228E-01  0.1529935E-04  0.0000000E+00  0.0000000E+00  0.0000000E+00  0.0000000E+00
  0.1119482E+00  0.4887878E-05  0.4985804E-04  0.1145504E-01  0.1767354E-04  0.0000000E+00  0.0000000E+00  0.0000000E+00  0.0000000E+00
  0.1253150E+00  0.6837855E-05  0.5702634E-04  0.9936880E-02  0.2022241E-04  0.0000000E+00  0.0000000E+00  0.0000000E+00  0.0000000E+00
  0.1397386E+00  0.9359208E-05  0.6461953E-04  0.8543445E-02  0.2293015E-04  0.0000000E+00  0.0000000E+00  0.0000000E+00  0.0000000E+00
  0.1552906E+00  0.1257153E-04  0.7256695E-04  0.7263276E-02  0.2577497E-04  0.0000000E+00  0.0000000E+00  0.0000000E+00  0.0000000E+00
  0.1720507E+00  0.1660846E-04  0.8077756E-04  0.6087204E-02  0.2872855E-04  0.0000000E+00  0.0000000E+00  0.0000000E+00  0.0000000E+00
  0.1901068E+00  0.2161631E-04  0.8913860E-04  0.5007893E-02  0.3175561E-04  0.0000000E+00  0.0000000E+00  0.0000000E+00  0.0000000E+00
  0.2095561E+00  0.2775156E-04  0.9751468E-04  0.4019473E-02  0.3481357E-04  0.0000000E+00  0.0000000E+00  0.0000000E+00  0.0000000E+00
  0.2305064E+00  0.3517673E-04  0.1057476E-03  0.3117258E-02  0.3785246E-04  0.0000000E+00  0.0000000E+00  0.0000000E+00  0.0000000E+00
  0.2530773E+00  0.4405441E-04  0.1136571E-03  0.2297503E-02  0.4081502E-04  0.0000000E+00  0.0000000E+00  0.0000000E+00  0.0000000E+00
  0.2774017E+00  0.5453895E-04  0.1210425E-03  0.1557209E-02  0.4363710E-04  0.0000000E+00  0.0000000E+00  0.0000000E+00  0.0000000E+00
  0.3036275E+00  0.6676570E-04  0.1276863E-03  0.8939456E-03  0.4624841E-04  0.0000000E+00  0.0000000E+00  0.0000000E+00  0.0000000E+00
  0.3319197E+00  0.8083738E-04  0.1333588E-03  0.3056955E-03  0.4857375E-04  0.0000000E+00  0.0000000E+00  0.0000000E+00  0.0000000E+00
  0.3624624E+00  0.9680759E-04  0.1378253E-03 -0.2092875E-03  0.5053475E-04  0.0000000E+00  0.0000000E+00  0.0000000E+00  0.0000000E+00
  0.3954620E+00  0.1146617E-03  0.1408548E-03 -0.6526174E-03  0.5205230E-04  0.0000000E+00  0.0000000E+00  0.0000000E+00  0.0000000E+00
  0.4311501E+00  0.1342957E-03  0.1422317E-03 -0.1025910E-02  0.5304953E-04  0.0000000E+00  0.0000000E+00  0.0000000E+00  0.0000000E+00
  0.4697872E+00  0.1554939E-03  0.1417694E-03 -0.1330916E-02  0.5345566E-04  0.0000000E+00  0.0000000E+00  0.0000000E+00  0.0000000E+00
  0.5116671E+00  0.1779076E-03  0.1393253E-03 -0.1569653E-02  0.5321041E-04  0.0000000E+00  0.0000000E+00  0.0000000E+00  0.0000000E+00
  0.5571223E+00  0.2010371E-03  0.1348176E-03 -0.1744533E-02  0.5226897E-04  0.0000000E+00  0.0000000E+00  0.0000000E+00  0.0000000E+00
  0.6065299E+00  0.2242200E-03  0.1282413E-03 -0.1858495E-02  0.5060734E-04  0.0000000E+00  0.0000000E+00  0.0000000E+00  0.0000000E+00
  0.6603191E+00  0.2466306E-03  0.1196838E-03 -0.1915112E-02  0.4822758E-04  0.0000000E+00  0.0000000E+00  0.0000000E+00  0.0000000E+00
  0.7189801E+00  0.2672946E-03  0.1093350E-03 -0.1918695E-02  0.4516242E-04  0.0000000E+00  0.0000000E+00  0.0000000E+00  0.0000000E+00
  0.7830747E+00  0.2851242E-03  0.9749264E-04 -0.1874362E-02  0.4147872E-04  0.0000000E+00  0.0000000E+00  0.0000000E+00  0.0000000E+00
  0.8532491E+00  0.2989762E-03  0.8455784E-04 -0.1788065E-02  0.3727877E-04  0.0000000E+00  0.0000000E+00  0.0000000E+00  0.0000000E+00
  0.9302498E+00  0.3077367E-03  0.7102002E-04 -0.1666570E-02  0.3269876E-04  0.0000000E+00  0.0000000E+00  0.0000000E+00  0.0000000E+00
  0.1014942E+01  0.3104288E-03  0.5742888E-04 -0.1517365E-02  0.2790371E-04  0.0000000E+00  0.0000000E+00  0.0000000E+00  0.0000000E+00
  0.1108336E+01  0.3063367E-03  0.4435415E-04 -0.1348482E-02  0.2307829E-04  0.0000000E+00  0.0000000E+00  0.0000000E+00  0.0000000E+00
  0.1211611E+01  0.2951324E-03  0.3233566E-04 -0.1168242E-02  0.1841376E-04  0.0000000E+00  0.0000000E+00  0.0000000E+00  0.0000000E+00
  0.1326157E+01  0.2769844E-03  0.2182913E-04 -0.9849123E-03  0.1409182E-04  0.0000000E+00  0.0000000E+00  0.0000000E+00  0.0000000E+00
  0.1453620E+01  0.2526228E-03  0.1315594E-04 -0.8062925E-03  0.1026710E-04  0.0000000E+00  0.0000000E+00  0.0000000E+00  0.0000000E+00
  0.1595957E+01  0.2233350E-03  0.6466955E-05 -0.6392726E-03  0.7050836E-05  0.0000000E+00  0.0000000E+00  0.0000000E+00  0.0000000E+00
  0.1755512E+01  0.1908734E-03  0.1729599E-05 -0.4894024E-03  0.4498856E-05  0.0000000E+00  0.0000000E+00  0.0000000E+00  0.0000000E+00
  0.1935113E+01  0.1572710E-03 -0.1255848E-05 -0.3605396E-03  0.2606776E-05  0.0000000E+00  0.0000000E+00  0.0000000E+00  0.0000000E+00
  0.2138195E+01  0.1245878E-03 -0.2811829E-05 -0.2546416E-03  0.1314348E-05  0.0000000E+00  0.0000000E+00  0.0000000E+00  0.0000000E+00
  0.2368965E+01  0.9463336E-04 -0.3320247E-05 -0.1717550E-03  0.5188812E-06  0.0000000E+00  0.0000000E+00  0.0000000E+00  0.0000000E+00
  0.2632616E+01  0.6873121E-04 -0.3156389E-05 -0.1102261E-03  0.9525943E-07  0.0000000E+00  0.0000000E+00  0.0000000E+00  0.0000000E+00
  0.2935624E+01  0.4758731E-04 -0.2637372E-05 -0.6711337E-04 -0.8203050E-07  0.0000000E+00  0.0000000E+00  0.0000000E+00  0.0000000E+00
  0.3286143E+01  0.3129411E-04 -0.1996339E-05 -0.3873715E-04 -0.1202428E-06  0.0000000E+00  0.0000000E+00  0.0000000E+00  0.0000000E+00
  0.3694559E+01  0.1945537E-04 -0.1382310E-05 -0.2126296E-04 -0.9734817E-07  0.0000000E+00  0.0000000E+00  0.0000000E+00  0.0000000E+00
  0.4174262E+01  0.1137288E-04 -0.8755015E-06 -0.1120704E-04 -0.6016500E-07  0.0000000E+00  0.0000000E+00  0.0000000E+00  0.0000000E+00
  0.4742755E+01  0.6225534E-05 -0.5056830E-06 -0.5772246E-05 -0.2996761E-07  0.0000000E+00  0.0000000E+00  0.0000000E+00  0.0000000E+00
  0.5423267E+01  0.3200296E-05 -0.2673093E-06 -0.2971214E-05 -0.1173021E-07  0.0000000E+00  0.0000000E+00  0.0000000E+00  0.0000000E+00
  0.6247158E+01  0.1576725E-05 -0.1327750E-06 -0.1556724E-05 -0.2964185E-08  0.0000000E+00  0.0000000E+00  0.0000000E+00  0.0000000E+00
  0.7257593E+01  0.7821000E-06 -0.6632392E-07 -0.8342807E-06  0.3676530E-09  0.0000000E+00  0.0000000E+00  0.0000000E+00  0.0000000E+00
  0.8515298E+01  0.4179108E-06 -0.3655032E-07 -0.4530066E-06  0.1249412E-08  0.0000000E+00  0.0000000E+00  0.0000000E+00  0.0000000E+00
  0.1010789E+02  0.2477739E-06 -0.2290996E-07 -0.2444713E-06  0.1234971E-08  0.0000000E+00  0.0000000E+00  0.0000000E+00  0.0000000E+00
  0.1216555E+02  0.1545764E-06 -0.1523928E-07 -0.1279090E-06  0.9409191E-09  0.0000000E+00  0.0000000E+00  0.0000000E+00  0.0000000E+00
  0.1488845E+02  0.9180698E-07 -0.9870667E-08 -0.6292505E-07  0.5864672E-09  0.0000000E+00  0.0000000E+00  0.0000000E+00  0.0000000E+00
  0.1859735E+02  0.4724091E-07 -0.5930964E-08 -0.2796105E-07  0.2829110E-09  0.0000000E+00  0.0000000E+00  0.0000000E+00  0.0000000E+00
  0.2383244E+02  0.1944787E-07 -0.3163199E-08 -0.1091380E-07  0.8888408E-10  0.0000000E+00  0.0000000E+00  0.0000000E+00  0.0000000E+00
  0.3156166E+02  0.4948488E-08 -0.1486571E-08 -0.3795157E-08  0.2083501E-11  0.0000000E+00  0.0000000E+00  0.0000000E+00  0.0000000E+00
  0.4366216E+02 -0.1492774E-08 -0.7301147E-09 -0.1241873E-08 -0.1722572E-10  0.0000000E+00  0.0000000E+00  0.0000000E+00  0.0000000E+00
  0.6417630E+02 -0.3024639E-08 -0.3772154E-09 -0.3930345E-09 -0.1050489E-10  0.0000000E+00  0.0000000E+00  0.0000000E+00  0.0000000E+00
  0.1031786E+03 -0.1190161E-08 -0.1329752E-09 -0.1214497E-09 -0.1895625E-11  0.0000000E+00  0.0000000E+00  0.0000000E+00  0.0000000E+00
  0.1919559E+03  0.1290107E-08 -0.7160914E-11 -0.3770210E-10  0.9874972E-12  0.0000000E+00  0.0000000E+00  0.0000000E+00  0.0000000E+00
  0.4723127E+03  0.7089184E-09  0.1103702E-11 -0.4818973E-11  0.2000572E-12  0.0000000E+00  0.0000000E+00  0.0000000E+00  0.0000000E+00
  0.2485589E+04 -0.2823130E-10  0.1818533E-12 -0.9076166E-14 -0.1590937E-14  0.0000000E+00  0.0000000E+00  0.0000000E+00  0.0000000E+00
