  0.2914345E+01  0.8194856E-02  0.2709589E+00           4          75
  0.1476368E-03  0.1692238E+00 -0.2588570E-01  0.7779208E-03  0.5819960E-03  0.0000000E+00  0.0000000E+00  0.0000000E+00  0.0000000E+00
  0.7785206E-03  0.1691611E+00 -0.2587415E-01  0.7757356E-03  0.5821810E-03  0.0000000E+00  0.0000000E+00  0.0000000E+00  0.0000000E+00
  0.1916108E-02  0.1690480E+00 -0.2585333E-01  0.7714975E-03  0.5825133E-03  0.0000000E+00  0.0000000E+00  0.0000000E+00  0.0000000E+00
  0.3565090E-02  0.1688839E+00 -0.2582313E-01  0.7653602E-03  0.5829922E-03  0.0000000E+00  0.0000000E+00  0.0000000E+00  0.0000000E+00
  0.5731950E-02  0.1686683E+00 -0.2578343E-01  0.7572913E-03  0.5836163E-03  0.0000000E+00  0.0000000E+00  0.0000000E+00  0.0000000E+00
  0.8425210E-02  0.1684001E+00 -0.2573408E-01  0.7472508E-03  0.5843838E-03  0.0000000E+00  0.0000000E+00  0.0000000E+00  0.0000000E+00
  0.1165551E-01  0.1680783E+00 -0.2567485E-01  0.7351908E-03  0.5852921E-03  0.0000000E+00  0.0000000E+00  0.0000000E+00  0.0000000E+00
  0.1543569E-01  0.1677014E+00 -0.2560552E-01  0.7210547E-03  0.5863381E-03  0.0000000E+00  0.0000000E+00  0.0000000E+00  0.0000000E+00
  0.1978089E-01  0.1672678E+00 -0.2552579E-01  0.7047774E-03  0.5875178E-03  0.0000000E+00  0.0000000E+00  0.0000000E+00  0.0000000E+00
  0.2470864E-01  0.1667757E+00 -0.2543532E-01  0.6862851E-03  0.5888258E-03  0.0000000E+00  0.0000000E+00  0.0000000E+00  0.0000000E+00
  0.3023904E-01  0.1662230E+00 -0.2533376E-01  0.6654959E-03  0.5902558E-03  0.0000000E+00  0.0000000E+00  0.0000000E+00  0.0000000E+00
  0.3639486E-01  0.1656073E+00 -0.2522067E-01  0.6423195E-03  0.5917996E-03  0.0000000E+00  0.0000000E+00  0.0000000E+00  0.0000000E+00
  0.4320175E-01  0.1649259E+00 -0.2509560E-01  0.6166582E-03  0.5934474E-03  0.0000000E+00  0.0000000E+00  0.0000000E+00  0.0000000E+00
  0.5068846E-01  0.1641759E+00 -0.2495803E-01  0.5884075E-03  0.5951870E-03  0.0000000E+00  0.0000000E+00  0.0000000E+00  0.0000000E+00
  0.5888703E-01  0.1633541E+00 -0.2480740E-01  0.5574566E-03  0.5970035E-03  0.0000000E+00  0.0000000E+00  0.0000000E+00  0.0000000E+00
  0.6783309E-01  0.1624569E+00 -0.2464310E-01  0.5236898E-03  0.5988789E-03  0.0000000E+00  0.0000000E+00  0.0000000E+00  0.0000000E+00
  0.7756614E-01  0.1614804E+00 -0.2446447E-01  0.4869881E-03  0.6007916E-03  0.0000000E+00  0.0000000E+00  0.0000000E+00  0.0000000E+00
  0.8812992E-01  0.1604205E+00 -0.2427080E-01  0.4472307E-03  0.6027153E-03  0.0000000E+00  0.0000000E+00  0.0000000E+00  0.0000000E+00
  0.9957279E-01  0.1592726E+00 -0.2406133E-01  0.4042978E-03  0.6046189E-03  0.0000000E+00  0.0000000E+00  0.0000000E+00  0.0000000E+00
  0.1119482E+00  0.1580318E+00 -0.2383526E-01  0.3580734E-03  0.6064654E-03  0.0000000E+00  0.0000000E+00  0.0000000E+00  0.0000000E+00
  0.1253150E+00  0.1566927E+00 -0.2359171E-01  0.3084491E-03  0.6082106E-03  0.0000000E+00  0.0000000E+00  0.0000000E+00  0.0000000E+00
  0.1397386E+00  0.1552497E+00 -0.2332979E-01  0.2553287E-03  0.6098027E-03  0.0000000E+00  0.0000000E+00  0.0000000E+00  0.0000000E+00
  0.1552906E+00  0.1536969E+00 -0.2304854E-01  0.1986337E-03  0.6111807E-03  0.0000000E+00  0.0000000E+00  0.0000000E+00  0.0000000E+00
  0.1720507E+00  0.1520276E+00 -0.2274698E-01  0.1383104E-03  0.6122733E-03  0.0000000E+00  0.0000000E+00  0.0000000E+00  0.0000000E+00
  0.1901068E+00  0.1502351E+00 -0.2242408E-01  0.7433761E-04  0.6129975E-03  0.0000000E+00  0.0000000E+00  0.0000000E+00  0.0000000E+00
  0.2095561E+00  0.1483122E+00 -0.2207879E-01  0.6736547E-05  0.6132576E-03  0.0000000E+00  0.0000000E+00  0.0000000E+00  0.0000000E+00
  0.2305064E+00  0.1462513E+00 -0.2171004E-01 -0.6441827E-04  0.6129431E-03  0.0000000E+00  0.0000000E+00  0.0000000E+00  0.0000000E+00
  0.2530773E+00  0.1440444E+00 -0.2131677E-01 -0.1389860E-03  0.6119281E-03  0.0000000E+00  0.0000000E+00  0.0000000E+00  0.0000000E+00
  0.2774017E+00  0.1416833E+00 -0.2089792E-01 -0.2167447E-03  0.6100697E-03  0.0000000E+00  0.0000000E+00  0.0000000E+00  0.0000000E+00
  0.3036275E+00  0.1391594E+00 -0.2045244E-01 -0.2973745E-03  0.6072072E-03  0.0000000E+00  0.0000000E+00  0.0000000E+00  0.0000000E+00
  0.3319197E+00  0.1364640E+00 -0.1997935E-01 -0.3804391E-03  0.6031616E-03  0.0000000E+00  0.0000000E+00  0.0000000E+00  0.0000000E+00
  0.3624624E+00  0.1335882E+00 -0.1947774E-01 -0.4653661E-03  0.5977356E-03  0.0000000E+00  0.0000000E+00  0.0000000E+00  0.0000000E+00
  0.3954620E+00  0.1305228E+00 -0.1894677E-01 -0.5514261E-03  0.5907153E-03  0.0000000E+00  0.0000000E+00  0.0000000E+00  0.0000000E+00
  0.4311501E+00  0.1272591E+00 -0.1838577E-01 -0.6377119E-03  0.5818716E-03  0.0000000E+00  0.0000000E+00  0.0000000E+00  0.0000000E+00
  0.4697872E+00  0.1237883E+00 -0.1779419E-01 -0.7231199E-03  0.5709652E-03  0.0000000E+00  0.0000000E+00  0.0000000E+00  0.0000000E+00
  0.5116671E+00  0.1201019E+00 -0.1717168E-01 -0.8063348E-03  0.5577528E-03  0.0000000E+00  0.0000000E+00  0.0000000E+00  0.0000000E+00
  0.5571223E+00  0.1161921E+00 -0.1651812E-01 -0.8858214E-03  0.5419960E-03  0.0000000E+00  0.0000000E+00  0.0000000E+00  0.0000000E+00
  0.6065299E+00  0.1120519E+00 -0.1583366E-01 -0.9598260E-03  0.5234740E-03  0.0000000E+00  0.0000000E+00  0.0000000E+00  0.0000000E+00
  0.6603191E+00  0.1076756E+00 -0.1511874E-01 -0.1026393E-02  0.5020000E-03  0.0000000E+00  0.0000000E+00  0.0000000E+00  0.0000000E+00
  0.7189801E+00  0.1030588E+00 -0.1437413E-01 -0.1083401E-02  0.4774417E-03  0.0000000E+00  0.0000000E+00  0.0000000E+00  0.0000000E+00
  0.7830747E+00  0.9819946E-01 -0.1360099E-01 -0.1128629E-02  0.4497460E-03  0.0000000E+00  0.0000000E+00  0.0000000E+00  0.0000000E+00
  0.8532491E+00  0.9309843E-01 -0.1280090E-01 -0.1159845E-02  0.4189667E-03  0.0000000E+00  0.0000000E+00  0.0000000E+00  0.0000000E+00
  0.9302498E+00  0.8776030E-01 -0.1197592E-01 -0.1174944E-02  0.3852946E-03  0.0000000E+00  0.0000000E+00  0.0000000E+00  0.0000000E+00
  0.1014942E+01  0.8219468E-01 -0.1112868E-01 -0.1172118E-02  0.3490860E-03  0.0000000E+00  0.0000000E+00  0.0000000E+00  0.0000000E+00
  0.1108336E+01  0.7641775E-01 -0.1026249E-01 -0.1150057E-02  0.3108864E-03  0.0000000E+00  0.0000000E+00  0.0000000E+00  0.0000000E+00
  0.1211611E+01  0.7045407E-01 -0.9381523E-02 -0.1108182E-02  0.2714417E-03  0.0000000E+00  0.0000000E+00  0.0000000E+00  0.0000000E+00
  0.1326157E+01  0.6433877E-01 -0.8491001E-02 -0.1046873E-02  0.2316910E-03  0.0000000E+00  0.0000000E+00  0.0000000E+00  0.0000000E+00
  0.1453620E+01  0.5811978E-01 -0.7597490E-02 -0.9676629E-03  0.1927317E-03  0.0000000E+00  0.0000000E+00  0.0000000E+00  0.0000000E+00
  0.1595957E+01  0.5185978E-01 -0.6709176E-02 -0.8733457E-03  0.1557507E-03  0.0000000E+00  0.0000000E+00  0.0000000E+00  0.0000000E+00
  0.1755512E+01  0.4563734E-01 -0.5836112E-02 -0.7679517E-03  0.1219195E-03  0.0000000E+00  0.0000000E+00  0.0000000E+00  0.0000000E+00
  0.1935113E+01  0.3954625E-01 -0.4990292E-02 -0.6565306E-03  0.9226065E-04  0.0000000E+00  0.0000000E+00  0.0000000E+00  0.0000000E+00
  0.2138195E+01  0.3369226E-01 -0.4185402E-02 -0.5447252E-03  0.6750329E-04  0.0000000E+00  0.0000000E+00  0.0000000E+00  0.0000000E+00
  0.2368965E+01  0.2818648E-01 -0.3436097E-02 -0.4381578E-03  0.4795978E-04  0.0000000E+00  0.0000000E+00  0.0000000E+00  0.0000000E+00
  0.2632616E+01  0.2313534E-01 -0.2756700E-02 -0.3417202E-03  0.3346351E-04  0.0000000E+00  0.0000000E+00  0.0000000E+00  0.0000000E+00
  0.2935624E+01  0.1862866E-01 -0.2159419E-02 -0.2589235E-03  0.2340078E-04  0.0000000E+00  0.0000000E+00  0.0000000E+00  0.0000000E+00
  0.3286143E+01  0.1472802E-01 -0.1652406E-02 -0.1914827E-03  0.1684553E-04  0.0000000E+00  0.0000000E+00  0.0000000E+00  0.0000000E+00
  0.3694559E+01  0.1145878E-01 -0.1238204E-02 -0.1392678E-03  0.1276479E-04  0.0000000E+00  0.0000000E+00  0.0000000E+00  0.0000000E+00
  0.4174262E+01  0.8807950E-02 -0.9131340E-03 -0.1006354E-03  0.1022538E-04  0.0000000E+00  0.0000000E+00  0.0000000E+00  0.0000000E+00
  0.4742755E+01  0.6727947E-02 -0.6678982E-03 -0.7301896E-04  0.8527464E-05  0.0000000E+00  0.0000000E+00  0.0000000E+00  0.0000000E+00
  0.5423267E+01  0.5144335E-02 -0.4892570E-03 -0.5358407E-04  0.7230736E-05  0.0000000E+00  0.0000000E+00  0.0000000E+00  0.0000000E+00
  0.6247158E+01  0.3965702E-02 -0.3622621E-03 -0.3977241E-04  0.6101562E-05  0.0000000E+00  0.0000000E+00  0.0000000E+00  0.0000000E+00
  0.7257593E+01  0.3095177E-02 -0.2725020E-03 -0.2963231E-04  0.5041845E-05  0.0000000E+00  0.0000000E+00  0.0000000E+00  0.0000000E+00
  0.8515298E+01  0.2443038E-02 -0.2078908E-03 -0.2190037E-04  0.4035397E-05  0.0000000E+00  0.0000000E+00  0.0000000E+00  0.0000000E+00
  0.1010789E+02  0.1937462E-02 -0.1596239E-03 -0.1587421E-04  0.3107999E-05  0.0000000E+00  0.0000000E+00  0.0000000E+00  0.0000000E+00
  0.1216555E+02  0.1529624E-02 -0.1221406E-03 -0.1118477E-04  0.2290697E-05  0.0000000E+00  0.0000000E+00  0.0000000E+00  0.0000000E+00
  0.1488845E+02  0.1191099E-02 -0.9231247E-04 -0.7605976E-05  0.1605495E-05  0.0000000E+00  0.0000000E+00  0.0000000E+00  0.0000000E+00
  0.1859735E+02  0.9074987E-03 -0.6845467E-04 -0.4957406E-05  0.1068030E-05  0.0000000E+00  0.0000000E+00  0.0000000E+00  0.0000000E+00
  0.2383244E+02  0.6736646E-03 -0.4957546E-04 -0.3058509E-05  0.6719344E-06  0.0000000E+00  0.0000000E+00  0.0000000E+00  0.0000000E+00
  0.3156166E+02  0.4863885E-03 -0.3487529E-04 -0.1747028E-05  0.3922043E-06  0.0000000E+00  0.0000000E+00  0.0000000E+00  0.0000000E+00
  0.4366216E+02  0.3394496E-03 -0.2360220E-04 -0.8972959E-06  0.2069883E-06  0.0000000E+00  0.0000000E+00  0.0000000E+00  0.0000000E+00
  0.6417630E+02  0.2252451E-03 -0.1507192E-04 -0.3998212E-06  0.9820193E-07  0.0000000E+00  0.0000000E+00  0.0000000E+00  0.0000000E+00
  0.1031786E+03  0.1372586E-03 -0.8768936E-05 -0.1462640E-06  0.4005835E-07  0.0000000E+00  0.0000000E+00  0.0000000E+00  0.0000000E+00
  0.1919559E+03  0.7244113E-04 -0.4383044E-05 -0.3904093E-07  0.1203624E-07  0.0000000E+00  0.0000000E+00  0.0000000E+00  0.0000000E+00
  0.4723127E+03  0.2872319E-04 -0.1617673E-05 -0.5786406E-08  0.2140165E-08  0.0000000E+00  0.0000000E+00  0.0000000E+00  0.0000000E+00
  0.2485589E+04  0.4866082E-05 -0.2523617E-06 -0.1850164E-09  0.8470660E-10  0.0000000E+00  0.0000000E+00  0.0000000E+00  0.0000000E+00
  0.1476368E-03  0.0000000E+00  0.0000000E+00  0.0000000E+00  0.0000000E+00  0.0000000E+00  0.0000000E+00  0.0000000E+00  0.0000000E+00
  0.7785206E-03  0.0000000E+00  0.0000000E+00  0.0000000E+00  0.0000000E+00  0.0000000E+00  0.0000000E+00  0.0000000E+00  0.0000000E+00
  0.1916108E-02  0.0000000E+00  0.0000000E+00  0.0000000E+00  0.0000000E+00  0.0000000E+00  0.0000000E+00  0.0000000E+00  0.0000000E+00
  0.3565090E-02  0.0000000E+00  0.0000000E+00  0.0000000E+00  0.0000000E+00  0.0000000E+00  0.0000000E+00  0.0000000E+00  0.0000000E+00
  0.5731950E-02  0.0000000E+00  0.0000000E+00  0.0000000E+00  0.0000000E+00  0.0000000E+00  0.0000000E+00  0.0000000E+00  0.0000000E+00
  0.8425210E-02  0.0000000E+00  0.0000000E+00  0.0000000E+00  0.0000000E+00  0.0000000E+00  0.0000000E+00  0.0000000E+00  0.0000000E+00
  0.1165551E-01  0.0000000E+00  0.0000000E+00  0.0000000E+00  0.0000000E+00  0.0000000E+00  0.0000000E+00  0.0000000E+00  0.0000000E+00
  0.1543569E-01  0.0000000E+00  0.0000000E+00  0.0000000E+00  0.0000000E+00  0.0000000E+00  0.0000000E+00  0.0000000E+00  0.0000000E+00
  0.1978089E-01  0.0000000E+00  0.0000000E+00  0.0000000E+00  0.0000000E+00  0.0000000E+00  0.0000000E+00  0.0000000E+00  0.0000000E+00
  0.2470864E-01  0.0000000E+00  0.0000000E+00  0.0000000E+00  0.0000000E+00  0.0000000E+00  0.0000000E+00  0.0000000E+00  0.0000000E+00
  0.3023904E-01  0.0000000E+00  0.0000000E+00  0.0000000E+00  0.0000000E+00  0.0000000E+00  0.0000000E+00  0.0000000E+00  0.0000000E+00
  0.3639486E-01  0.0000000E+00  0.0000000E+00  0.0000000E+00  0.0000000E+00  0.0000000E+00  0.0000000E+00  0.0000000E+00  0.0000000E+00
  0.4320175E-01  0.0000000E+00  0.0000000E+00  0.0000000E+00  0.0000000E+00  0.0000000E+00  0.0000000E+00  0.0000000E+00  0.0000000E+00
  0.5068846E-01  0.0000000E+00  0.0000000E+00  0.0000000E+00  0.0000000E+00  0.0000000E+00  0.0000000E+00  0.0000000E+00  0.0000000E+00
  0.5888703E-01  0.0000000E+00  0.0000000E+00  0.0000000E+00  0.0000000E+00  0.0000000E+00  0.0000000E+00  0.0000000E+00  0.0000000E+00
  0.6783309E-01  0.0000000E+00  0.0000000E+00  0.0000000E+00  0.0000000E+00  0.0000000E+00  0.0000000E+00  0.0000000E+00  0.0000000E+00
  0.7756614E-01  0.0000000E+00  0.0000000E+00  0.0000000E+00  0.0000000E+00  0.0000000E+00  0.0000000E+00  0.0000000E+00  0.0000000E+00
  0.8812992E-01  0.0000000E+00  0.0000000E+00  0.0000000E+00  0.0000000E+00  0.0000000E+00  0.0000000E+00  0.0000000E+00  0.0000000E+00
  0.9957279E-01  0.0000000E+00  0.0000000E+00  0.0000000E+00  0.0000000E+00  0.0000000E+00  0.0000000E+00  0.0000000E+00  0.0000000E+00
  0.1119482E+00  0.0000000E+00  0.0000000E+00  0.0000000E+00  0.0000000E+00  0.0000000E+00  0.0000000E+00  0.0000000E+00  0.0000000E+00
  0.1253150E+00  0.0000000E+00  0.0000000E+00  0.0000000E+00  0.0000000E+00  0.0000000E+00  0.0000000E+00  0.0000000E+00  0.0000000E+00
  0.1397386E+00  0.0000000E+00  0.0000000E+00  0.0000000E+00  0.0000000E+00  0.0000000E+00  0.0000000E+00  0.0000000E+00  0.0000000E+00
  0.1552906E+00  0.0000000E+00  0.0000000E+00  0.0000000E+00  0.0000000E+00  0.0000000E+00  0.0000000E+00  0.0000000E+00  0.0000000E+00
  0.1720507E+00  0.0000000E+00  0.0000000E+00  0.0000000E+00  0.0000000E+00  0.0000000E+00  0.0000000E+00  0.0000000E+00  0.0000000E+00
  0.1901068E+00  0.0000000E+00  0.0000000E+00  0.0000000E+00  0.0000000E+00  0.0000000E+00  0.0000000E+00  0.0000000E+00  0.0000000E+00
  0.2095561E+00  0.0000000E+00  0.0000000E+00  0.0000000E+00  0.0000000E+00  0.0000000E+00  0.0000000E+00  0.0000000E+00  0.0000000E+00
  0.2305064E+00  0.0000000E+00  0.0000000E+00  0.0000000E+00  0.0000000E+00  0.0000000E+00  0.0000000E+00  0.0000000E+00  0.0000000E+00
  0.2530773E+00  0.0000000E+00  0.0000000E+00  0.0000000E+00  0.0000000E+00  0.0000000E+00  0.0000000E+00  0.0000000E+00  0.0000000E+00
  0.2774017E+00  0.0000000E+00  0.0000000E+00  0.0000000E+00  0.0000000E+00  0.0000000E+00  0.0000000E+00  0.0000000E+00  0.0000000E+00
  0.3036275E+00  0.0000000E+00  0.0000000E+00  0.0000000E+00  0.0000000E+00  0.0000000E+00  0.0000000E+00  0.0000000E+00  0.0000000E+00
  0.3319197E+00  0.0000000E+00  0.0000000E+00  0.0000000E+00  0.0000000E+00  0.0000000E+00  0.0000000E+00  0.0000000E+00  0.0000000E+00
  0.3624624E+00  0.0000000E+00  0.0000000E+00  0.0000000E+00  0.0000000E+00  0.0000000E+00  0.0000000E+00  0.0000000E+00  0.0000000E+00
  0.3954620E+00  0.0000000E+00  0.0000000E+00  0.0000000E+00  0.0000000E+00  0.0000000E+00  0.0000000E+00  0.0000000E+00  0.0000000E+00
  0.4311501E+00  0.0000000E+00  0.0000000E+00  0.0000000E+00  0.0000000E+00  0.0000000E+00  0.0000000E+00  0.0000000E+00  0.0000000E+00
  0.4697872E+00  0.0000000E+00  0.0000000E+00  0.0000000E+00  0.0000000E+00  0.0000000E+00  0.0000000E+00  0.0000000E+00  0.0000000E+00
  0.5116671E+00  0.0000000E+00  0.0000000E+00  0.0000000E+00  0.0000000E+00  0.0000000E+00  0.0000000E+00  0.0000000E+00  0.0000000E+00
  0.5571223E+00  0.0000000E+00  0.0000000E+00  0.0000000E+00  0.0000000E+00  0.0000000E+00  0.0000000E+00  0.0000000E+00  0.0000000E+00
  0.6065299E+00  0.0000000E+00  0.0000000E+00  0.0000000E+00  0.0000000E+00  0.0000000E+00  0.0000000E+00  0.0000000E+00  0.0000000E+00
  0.6603191E+00  0.0000000E+00  0.0000000E+00  0.0000000E+00  0.0000000E+00  0.0000000E+00  0.0000000E+00  0.0000000E+00  0.0000000E+00
  0.7189801E+00  0.0000000E+00  0.0000000E+00  0.0000000E+00  0.0000000E+00  0.0000000E+00  0.0000000E+00  0.0000000E+00  0.0000000E+00
  0.7830747E+00  0.0000000E+00  0.0000000E+00  0.0000000E+00  0.0000000E+00  0.0000000E+00  0.0000000E+00  0.0000000E+00  0.0000000E+00
  0.8532491E+00  0.0000000E+00  0.0000000E+00  0.0000000E+00  0.0000000E+00  0.0000000E+00  0.0000000E+00  0.0000000E+00  0.0000000E+00
  0.9302498E+00  0.0000000E+00  0.0000000E+00  0.0000000E+00  0.0000000E+00  0.0000000E+00  0.0000000E+00  0.0000000E+00  0.0000000E+00
  0.1014942E+01  0.0000000E+00  0.0000000E+00  0.0000000E+00  0.0000000E+00  0.0000000E+00  0.0000000E+00  0.0000000E+00  0.0000000E+00
  0.1108336E+01  0.0000000E+00  0.0000000E+00  0.0000000E+00  0.0000000E+00  0.0000000E+00  0.0000000E+00  0.0000000E+00  0.0000000E+00
  0.1211611E+01  0.0000000E+00  0.0000000E+00  0.0000000E+00  0.0000000E+00  0.0000000E+00  0.0000000E+00  0.0000000E+00  0.0000000E+00
  0.1326157E+01  0.0000000E+00  0.0000000E+00  0.0000000E+00  0.0000000E+00  0.0000000E+00  0.0000000E+00  0.0000000E+00  0.0000000E+00
  0.1453620E+01  0.0000000E+00  0.0000000E+00  0.0000000E+00  0.0000000E+00  0.0000000E+00  0.0000000E+00  0.0000000E+00  0.0000000E+00
  0.1595957E+01  0.0000000E+00  0.0000000E+00  0.0000000E+00  0.0000000E+00  0.0000000E+00  0.0000000E+00  0.0000000E+00  0.0000000E+00
  0.1755512E+01  0.0000000E+00  0.0000000E+00  0.0000000E+00  0.0000000E+00  0.0000000E+00  0.0000000E+00  0.0000000E+00  0.0000000E+00
  0.1935113E+01  0.0000000E+00  0.0000000E+00  0.0000000E+00  0.0000000E+00  0.0000000E+00  0.0000000E+00  0.0000000E+00  0.0000000E+00
  0.2138195E+01  0.0000000E+00  0.0000000E+00  0.0000000E+00  0.0000000E+00  0.0000000E+00  0.0000000E+00  0.0000000E+00  0.0000000E+00
  0.2368965E+01  0.0000000E+00  0.0000000E+00  0.0000000E+00  0.0000000E+00  0.0000000E+00  0.0000000E+00  0.0000000E+00  0.0000000E+00
  0.2632616E+01  0.0000000E+00  0.0000000E+00  0.0000000E+00  0.0000000E+00  0.0000000E+00  0.0000000E+00  0.0000000E+00  0.0000000E+00
  0.2935624E+01  0.0000000E+00  0.0000000E+00  0.0000000E+00  0.0000000E+00  0.0000000E+00  0.0000000E+00  0.0000000E+00  0.0000000E+00
  0.3286143E+01  0.0000000E+00  0.0000000E+00  0.0000000E+00  0.0000000E+00  0.0000000E+00  0.0000000E+00  0.0000000E+00  0.0000000E+00
  0.3694559E+01  0.0000000E+00  0.0000000E+00  0.0000000E+00  0.0000000E+00  0.0000000E+00  0.0000000E+00  0.0000000E+00  0.0000000E+00
  0.4174262E+01  0.0000000E+00  0.0000000E+00  0.0000000E+00  0.0000000E+00  0.0000000E+00  0.0000000E+00  0.0000000E+00  0.0000000E+00
  0.4742755E+01  0.0000000E+00  0.0000000E+00  0.0000000E+00  0.0000000E+00  0.0000000E+00  0.0000000E+00  0.0000000E+00  0.0000000E+00
  0.5423267E+01  0.0000000E+00  0.0000000E+00  0.0000000E+00  0.0000000E+00  0.0000000E+00  0.0000000E+00  0.0000000E+00  0.0000000E+00
  0.6247158E+01  0.0000000E+00  0.0000000E+00  0.0000000E+00  0.0000000E+00  0.0000000E+00  0.0000000E+00  0.0000000E+00  0.0000000E+00
  0.7257593E+01  0.0000000E+00  0.0000000E+00  0.0000000E+00  0.0000000E+00  0.0000000E+00  0.0000000E+00  0.0000000E+00  0.0000000E+00
  0.8515298E+01  0.0000000E+00  0.0000000E+00  0.0000000E+00  0.0000000E+00  0.0000000E+00  0.0000000E+00  0.0000000E+00  0.0000000E+00
  0.1010789E+02  0.0000000E+00  0.0000000E+00  0.0000000E+00  0.0000000E+00  0.0000000E+00  0.0000000E+00  0.0000000E+00  0.0000000E+00
  0.1216555E+02  0.0000000E+00  0.0000000E+00  0.0000000E+00  0.0000000E+00  0.0000000E+00  0.0000000E+00  0.0000000E+00  0.0000000E+00
  0.1488845E+02  0.0000000E+00  0.0000000E+00  0.0000000E+00  0.0000000E+00  0.0000000E+00  0.0000000E+00  0.0000000E+00  0.0000000E+00
  0.1859735E+02  0.0000000E+00  0.0000000E+00  0.0000000E+00  0.0000000E+00  0.0000000E+00  0.0000000E+00  0.0000000E+00  0.0000000E+00
  0.2383244E+02  0.0000000E+00  0.0000000E+00  0.0000000E+00  0.0000000E+00  0.0000000E+00  0.0000000E+00  0.0000000E+00  0.0000000E+00
  0.3156166E+02  0.0000000E+00  0.0000000E+00  0.0000000E+00  0.0000000E+00  0.0000000E+00  0.0000000E+00  0.0000000E+00  0.0000000E+00
  0.4366216E+02  0.0000000E+00  0.0000000E+00  0.0000000E+00  0.0000000E+00  0.0000000E+00  0.0000000E+00  0.0000000E+00  0.0000000E+00
  0.6417630E+02  0.0000000E+00  0.0000000E+00  0.0000000E+00  0.0000000E+00  0.0000000E+00  0.0000000E+00  0.0000000E+00  0.0000000E+00
  0.1031786E+03  0.0000000E+00  0.0000000E+00  0.0000000E+00  0.0000000E+00  0.0000000E+00  0.0000000E+00  0.0000000E+00  0.0000000E+00
  0.1919559E+03  0.0000000E+00  0.0000000E+00  0.0000000E+00  0.0000000E+00  0.0000000E+00  0.0000000E+00  0.0000000E+00  0.0000000E+00
  0.4723127E+03  0.0000000E+00  0.0000000E+00  0.0000000E+00  0.0000000E+00  0.0000000E+00  0.0000000E+00  0.0000000E+00  0.0000000E+00
  0.2485589E+04  0.0000000E+00  0.0000000E+00  0.0000000E+00  0.0000000E+00  0.0000000E+00  0.0000000E+00  0.0000000E+00  0.0000000E+00
  0.1476368E-03 -0.9824257E-06  0.1218886E-06  0.7712244E-07 -0.5692466E-07  0.0000000E+00  0.0000000E+00  0.0000000E+00  0.0000000E+00
  0.7785206E-03 -0.5163936E-05  0.6395503E-06  0.4080925E-06 -0.3000272E-06  0.0000000E+00  0.0000000E+00  0.0000000E+00  0.0000000E+00
  0.1916108E-02 -0.1263606E-04  0.1559934E-05  0.1010525E-05 -0.7377698E-06  0.0000000E+00  0.0000000E+00  0.0000000E+00  0.0000000E+00
  0.3565090E-02 -0.2331306E-04  0.2864441E-05  0.1896193E-05 -0.1370890E-05  0.0000000E+00  0.0000000E+00  0.0000000E+00  0.0000000E+00
  0.5731950E-02 -0.3706786E-04  0.4525770E-05  0.3081875E-05 -0.2200291E-05  0.0000000E+00  0.0000000E+00  0.0000000E+00  0.0000000E+00
  0.8425210E-02 -0.5373222E-04  0.6507922E-05  0.4589516E-05 -0.3227075E-05  0.0000000E+00  0.0000000E+00  0.0000000E+00  0.0000000E+00
  0.1165551E-01 -0.7309548E-04  0.8766012E-05  0.6446243E-05 -0.4452498E-05  0.0000000E+00  0.0000000E+00  0.0000000E+00  0.0000000E+00
  0.1543569E-01 -0.9490278E-04  0.1124604E-04  0.8684379E-05 -0.5877897E-05  0.0000000E+00  0.0000000E+00  0.0000000E+00  0.0000000E+00
  0.1978089E-01 -0.1188531E-03  0.1388466E-04  0.1134145E-04 -0.7504597E-05  0.0000000E+00  0.0000000E+00  0.0000000E+00  0.0000000E+00
  0.2470864E-01 -0.1445969E-03  0.1660889E-04  0.1446017E-04 -0.9333806E-05  0.0000000E+00  0.0000000E+00  0.0000000E+00  0.0000000E+00
  0.3023904E-01 -0.1717337E-03  0.1933588E-04  0.1808838E-04 -0.1136647E-04  0.0000000E+00  0.0000000E+00  0.0000000E+00  0.0000000E+00
  0.3639486E-01 -0.1998094E-03  0.2197267E-04  0.2227893E-04 -0.1360310E-04  0.0000000E+00  0.0000000E+00  0.0000000E+00  0.0000000E+00
  0.4320175E-01 -0.2283134E-03  0.2441604E-04  0.2708951E-04 -0.1604360E-04  0.0000000E+00  0.0000000E+00  0.0000000E+00  0.0000000E+00
  0.5068846E-01 -0.2566759E-03  0.2655236E-04  0.3258231E-04 -0.1868702E-04  0.0000000E+00  0.0000000E+00  0.0000000E+00  0.0000000E+00
  0.5888703E-01 -0.2842650E-03  0.2825758E-04  0.3882364E-04 -0.2153125E-04  0.0000000E+00  0.0000000E+00  0.0000000E+00  0.0000000E+00
  0.6783309E-01 -0.3103841E-03  0.2939737E-04  0.4588335E-04 -0.2457276E-04  0.0000000E+00  0.0000000E+00  0.0000000E+00  0.0000000E+00
  0.7756614E-01 -0.3342696E-03  0.2982739E-04  0.5383403E-04 -0.2780618E-04  0.0000000E+00  0.0000000E+00  0.0000000E+00  0.0000000E+00
  0.8812992E-01 -0.3550892E-03  0.2939390E-04  0.6274993E-04 -0.3122389E-04  0.0000000E+00  0.0000000E+00  0.0000000E+00  0.0000000E+00
  0.9957279E-01 -0.3719403E-03  0.2793467E-04  0.7270561E-04 -0.3481551E-04  0.0000000E+00  0.0000000E+00  0.0000000E+00  0.0000000E+00
  0.1119482E+00 -0.3838500E-03  0.2528019E-04  0.8377410E-04 -0.3856731E-04  0.0000000E+00  0.0000000E+00  0.0000000E+00  0.0000000E+00
  0.1253150E+00 -0.3897754E-03  0.2125547E-04  0.9602469E-04 -0.4246161E-04  0.0000000E+00  0.0000000E+00  0.0000000E+00  0.0000000E+00
  0.1397386E+00 -0.3886060E-03  0.1568236E-04  0.1095201E-03 -0.4647599E-04  0.0000000E+00  0.0000000E+00  0.0000000E+00  0.0000000E+00
  0.1552906E+00 -0.3791672E-03  0.8382520E-05  0.1243132E-03 -0.5058252E-04  0.0000000E+00  0.0000000E+00  0.0000000E+00  0.0000000E+00
  0.1720507E+00 -0.3602260E-03 -0.8188302E-06  0.1404426E-03 -0.5474685E-04  0.0000000E+00  0.0000000E+00  0.0000000E+00  0.0000000E+00
  0.1901068E+00 -0.3304991E-03 -0.1208840E-04  0.1579278E-03 -0.5892732E-04  0.0000000E+00  0.0000000E+00  0.0000000E+00  0.0000000E+00
  0.2095561E+00 -0.2886631E-03 -0.2557944E-04  0.1767633E-03 -0.6307392E-04  0.0000000E+00  0.0000000E+00  0.0000000E+00  0.0000000E+00
  0.2305064E+00 -0.2333679E-03 -0.4142538E-04  0.1969119E-03 -0.6712735E-04  0.0000000E+00  0.0000000E+00  0.0000000E+00  0.0000000E+00
  0.2530773E+00 -0.1632532E-03 -0.5973250E-04  0.2182967E-03 -0.7101809E-04  0.0000000E+00  0.0000000E+00  0.0000000E+00  0.0000000E+00
  0.2774017E+00 -0.7696787E-04 -0.8057173E-04  0.2407923E-03 -0.7466557E-04  0.0000000E+00  0.0000000E+00  0.0000000E+00  0.0000000E+00
  0.3036275E+00  0.2680741E-04 -0.1039696E-03  0.2642146E-03 -0.7797757E-04  0.0000000E+00  0.0000000E+00  0.0000000E+00  0.0000000E+00
  0.3319197E+00  0.1493345E-03 -0.1298985E-03  0.2883106E-03 -0.8084995E-04  0.0000000E+00  0.0000000E+00  0.0000000E+00  0.0000000E+00
  0.3624624E+00  0.2917897E-03 -0.1582675E-03  0.3127469E-03 -0.8316698E-04  0.0000000E+00  0.0000000E+00  0.0000000E+00  0.0000000E+00
  0.3954620E+00  0.4552331E-03 -0.1889123E-03  0.3370992E-03 -0.8480229E-04  0.0000000E+00  0.0000000E+00  0.0000000E+00  0.0000000E+00
  0.4311501E+00  0.6405767E-03 -0.2215879E-03  0.3608420E-03 -0.8562091E-04  0.0000000E+00  0.0000000E+00  0.0000000E+00  0.0000000E+00
  0.4697872E+00  0.8485514E-03 -0.2559627E-03  0.3833416E-03 -0.8548270E-04  0.0000000E+00  0.0000000E+00  0.0000000E+00  0.0000000E+00
  0.5116671E+00  0.1079672E-02 -0.2916174E-03  0.4038526E-03 -0.8424744E-04  0.0000000E+00  0.0000000E+00  0.0000000E+00  0.0000000E+00
  0.5571223E+00  0.1334201E-02 -0.3280484E-03  0.4215210E-03 -0.8178208E-04  0.0000000E+00  0.0000000E+00  0.0000000E+00  0.0000000E+00
  0.6065299E+00  0.1612108E-02 -0.3646790E-03  0.4353968E-03 -0.7797032E-04  0.0000000E+00  0.0000000E+00  0.0000000E+00  0.0000000E+00
  0.6603191E+00  0.1913014E-02 -0.4008779E-03  0.4444587E-03 -0.7272495E-04  0.0000000E+00  0.0000000E+00  0.0000000E+00  0.0000000E+00
  0.7189801E+00  0.2236121E-02 -0.4359871E-03  0.4476549E-03 -0.6600270E-04  0.0000000E+00  0.0000000E+00  0.0000000E+00  0.0000000E+00
  0.7830747E+00  0.2580103E-02 -0.4693573E-03  0.4439634E-03 -0.5782151E-04  0.0000000E+00  0.0000000E+00  0.0000000E+00  0.0000000E+00
  0.8532491E+00  0.2942935E-02 -0.5003886E-03  0.4324752E-03 -0.4827889E-04  0.0000000E+00  0.0000000E+00  0.0000000E+00  0.0000000E+00
  0.9302498E+00  0.3321638E-02 -0.5285713E-03  0.4125003E-03 -0.3756994E-04  0.0000000E+00  0.0000000E+00  0.0000000E+00  0.0000000E+00
  0.1014942E+01  0.3711900E-02 -0.5535160E-03  0.3836949E-03 -0.2600186E-04  0.0000000E+00  0.0000000E+00  0.0000000E+00  0.0000000E+00
  0.1108336E+01  0.4107542E-02 -0.5749609E-03  0.3462008E-03 -0.1400115E-04  0.0000000E+00  0.0000000E+00  0.0000000E+00  0.0000000E+00
  0.1211611E+01  0.4499826E-02 -0.5927397E-03  0.3007823E-03 -0.2108389E-05  0.0000000E+00  0.0000000E+00  0.0000000E+00  0.0000000E+00
  0.1326157E+01  0.4876626E-02 -0.6066948E-03  0.2489356E-03  0.9045086E-05  0.0000000E+00  0.0000000E+00  0.0000000E+00  0.0000000E+00
  0.1453620E+01  0.5221582E-02 -0.6165300E-03  0.1929358E-03  0.1878320E-04  0.0000000E+00  0.0000000E+00  0.0000000E+00  0.0000000E+00
  0.1595957E+01  0.5513487E-02 -0.6216140E-03  0.1357804E-03  0.2645608E-04  0.0000000E+00  0.0000000E+00  0.0000000E+00  0.0000000E+00
  0.1755512E+01  0.5726301E-02 -0.6207803E-03  0.8098994E-04  0.3153249E-04  0.0000000E+00  0.0000000E+00  0.0000000E+00  0.0000000E+00
  0.1935113E+01  0.5830362E-02 -0.6122061E-03  0.3224163E-04  0.3370215E-04  0.0000000E+00  0.0000000E+00  0.0000000E+00  0.0000000E+00
  0.2138195E+01  0.5795435E-02 -0.5934960E-03 -0.7152172E-05  0.3296644E-04  0.0000000E+00  0.0000000E+00  0.0000000E+00  0.0000000E+00
  0.2368965E+01  0.5596020E-02 -0.5620942E-03 -0.3484904E-04  0.2968812E-04  0.0000000E+00  0.0000000E+00  0.0000000E+00  0.0000000E+00
  0.2632616E+01  0.5218703E-02 -0.5160840E-03 -0.5002459E-04  0.2456981E-04  0.0000000E+00  0.0000000E+00  0.0000000E+00  0.0000000E+00
  0.2935624E+01  0.4670192E-02 -0.4552611E-03 -0.5367077E-04  0.1854455E-04  0.0000000E+00  0.0000000E+00  0.0000000E+00  0.0000000E+00
  0.3286143E+01  0.3983181E-02 -0.3821145E-03 -0.4846221E-04  0.1259000E-04  0.0000000E+00  0.0000000E+00  0.0000000E+00  0.0000000E+00
  0.3694559E+01  0.3216304E-02 -0.3021520E-03 -0.3812302E-04  0.7514959E-05  0.0000000E+00  0.0000000E+00  0.0000000E+00  0.0000000E+00
  0.4174262E+01  0.2445265E-02 -0.2230670E-03 -0.2643817E-04  0.3791466E-05  0.0000000E+00  0.0000000E+00  0.0000000E+00  0.0000000E+00
  0.4742755E+01  0.1745713E-02 -0.1527389E-03 -0.1626931E-04  0.1496915E-05  0.0000000E+00  0.0000000E+00  0.0000000E+00  0.0000000E+00
  0.5423267E+01  0.1173523E-02 -0.9682641E-04 -0.8997654E-05  0.3843913E-06  0.0000000E+00  0.0000000E+00  0.0000000E+00  0.0000000E+00
  0.6247158E+01  0.7514292E-03 -0.5719414E-04 -0.4617516E-05  0.4145216E-07  0.0000000E+00  0.0000000E+00  0.0000000E+00  0.0000000E+00
  0.7257593E+01  0.4686821E-03 -0.3203879E-04 -0.2332137E-05  0.6342832E-07  0.0000000E+00  0.0000000E+00  0.0000000E+00  0.0000000E+00
  0.8515298E+01  0.2929773E-03 -0.1748138E-04 -0.1232452E-05  0.1701552E-06  0.0000000E+00  0.0000000E+00  0.0000000E+00  0.0000000E+00
  0.1010789E+02  0.1869143E-03 -0.9495348E-05 -0.6907330E-06  0.2314221E-06  0.0000000E+00  0.0000000E+00  0.0000000E+00  0.0000000E+00
  0.1216555E+02  0.1203887E-03 -0.5109717E-05 -0.3989162E-06  0.2220103E-06  0.0000000E+00  0.0000000E+00  0.0000000E+00  0.0000000E+00
  0.1488845E+02  0.7500850E-04 -0.2611249E-05 -0.2339247E-06  0.1649592E-06  0.0000000E+00  0.0000000E+00  0.0000000E+00  0.0000000E+00
  0.1859735E+02  0.4272059E-04 -0.1174231E-05 -0.1392839E-06  0.9541602E-07  0.0000000E+00  0.0000000E+00  0.0000000E+00  0.0000000E+00
  0.2383244E+02  0.2132865E-04 -0.4191968E-06 -0.7988302E-07  0.3934969E-07  0.0000000E+00  0.0000000E+00  0.0000000E+00  0.0000000E+00
  0.3156166E+02  0.8730691E-05 -0.8461329E-07 -0.4180831E-07  0.6678151E-08  0.0000000E+00  0.0000000E+00  0.0000000E+00  0.0000000E+00
  0.4366216E+02  0.1873360E-05  0.5883275E-07 -0.2050809E-07 -0.5217981E-08  0.0000000E+00  0.0000000E+00  0.0000000E+00  0.0000000E+00
  0.6417630E+02 -0.1158549E-05  0.1083633E-06 -0.9109177E-08 -0.4956265E-08  0.0000000E+00  0.0000000E+00  0.0000000E+00  0.0000000E+00
  0.1031786E+03 -0.6595659E-06  0.5963572E-07 -0.2427293E-08 -0.1085691E-08  0.0000000E+00  0.0000000E+00  0.0000000E+00  0.0000000E+00
  0.1919559E+03  0.2239248E-05 -0.4722726E-07  0.5358446E-09  0.1157695E-08  0.0000000E+00  0.0000000E+00  0.0000000E+00  0.0000000E+00
  0.4723127E+03  0.1790198E-05 -0.4213736E-07  0.2326250E-09  0.3735900E-09  0.0000000E+00  0.0000000E+00  0.0000000E+00  0.0000000E+00
  0.2485589E+04 -0.1643878E-06  0.3514203E-08 -0.4412393E-11 -0.7247484E-11  0.0000000E+00  0.0000000E+00  0.0000000E+00  0.0000000E+00
  0.1476368E-03  0.0000000E+00  0.0000000E+00  0.0000000E+00  0.0000000E+00  0.0000000E+00  0.0000000E+00  0.0000000E+00  0.0000000E+00
  0.7785206E-03  0.0000000E+00  0.0000000E+00  0.0000000E+00  0.0000000E+00  0.0000000E+00  0.0000000E+00  0.0000000E+00  0.0000000E+00
  0.1916108E-02  0.0000000E+00  0.0000000E+00  0.0000000E+00  0.0000000E+00  0.0000000E+00  0.0000000E+00  0.0000000E+00  0.0000000E+00
  0.3565090E-02  0.0000000E+00  0.0000000E+00  0.0000000E+00  0.0000000E+00  0.0000000E+00  0.0000000E+00  0.0000000E+00  0.0000000E+00
  0.5731950E-02  0.0000000E+00  0.0000000E+00  0.0000000E+00  0.0000000E+00  0.0000000E+00  0.0000000E+00  0.0000000E+00  0.0000000E+00
  0.8425210E-02  0.0000000E+00  0.0000000E+00  0.0000000E+00  0.0000000E+00  0.0000000E+00  0.0000000E+00  0.0000000E+00  0.0000000E+00
  0.1165551E-01  0.0000000E+00  0.0000000E+00  0.0000000E+00  0.0000000E+00  0.0000000E+00  0.0000000E+00  0.0000000E+00  0.0000000E+00
  0.1543569E-01  0.0000000E+00  0.0000000E+00  0.0000000E+00  0.0000000E+00  0.0000000E+00  0.0000000E+00  0.0000000E+00  0.0000000E+00
  0.1978089E-01  0.0000000E+00  0.0000000E+00  0.0000000E+00  0.0000000E+00  0.0000000E+00  0.0000000E+00  0.0000000E+00  0.0000000E+00
  0.2470864E-01  0.0000000E+00  0.0000000E+00  0.0000000E+00  0.0000000E+00  0.0000000E+00  0.0000000E+00  0.0000000E+00  0.0000000E+00
  0.3023904E-01  0.0000000E+00  0.0000000E+00  0.0000000E+00  0.0000000E+00  0.0000000E+00  0.0000000E+00  0.0000000E+00  0.0000000E+00
  0.3639486E-01  0.0000000E+00  0.0000000E+00  0.0000000E+00  0.0000000E+00  0.0000000E+00  0.0000000E+00  0.0000000E+00  0.0000000E+00
  0.4320175E-01  0.0000000E+00  0.0000000E+00  0.0000000E+00  0.0000000E+00  0.0000000E+00  0.0000000E+00  0.0000000E+00  0.0000000E+00
  0.5068846E-01  0.0000000E+00  0.0000000E+00  0.0000000E+00  0.0000000E+00  0.0000000E+00  0.0000000E+00  0.0000000E+00  0.0000000E+00
  0.5888703E-01  0.0000000E+00  0.0000000E+00  0.0000000E+00  0.0000000E+00  0.0000000E+00  0.0000000E+00  0.0000000E+00  0.0000000E+00
  0.6783309E-01  0.0000000E+00  0.0000000E+00  0.0000000E+00  0.0000000E+00  0.0000000E+00  0.0000000E+00  0.0000000E+00  0.0000000E+00
  0.7756614E-01  0.0000000E+00  0.0000000E+00  0.0000000E+00  0.0000000E+00  0.0000000E+00  0.0000000E+00  0.0000000E+00  0.0000000E+00
  0.8812992E-01  0.0000000E+00  0.0000000E+00  0.0000000E+00  0.0000000E+00  0.0000000E+00  0.0000000E+00  0.0000000E+00  0.0000000E+00
  0.9957279E-01  0.0000000E+00  0.0000000E+00  0.0000000E+00  0.0000000E+00  0.0000000E+00  0.0000000E+00  0.0000000E+00  0.0000000E+00
  0.1119482E+00  0.0000000E+00  0.0000000E+00  0.0000000E+00  0.0000000E+00  0.0000000E+00  0.0000000E+00  0.0000000E+00  0.0000000E+00
  0.1253150E+00  0.0000000E+00  0.0000000E+00  0.0000000E+00  0.0000000E+00  0.0000000E+00  0.0000000E+00  0.0000000E+00  0.0000000E+00
  0.1397386E+00  0.0000000E+00  0.0000000E+00  0.0000000E+00  0.0000000E+00  0.0000000E+00  0.0000000E+00  0.0000000E+00  0.0000000E+00
  0.1552906E+00  0.0000000E+00  0.0000000E+00  0.0000000E+00  0.0000000E+00  0.0000000E+00  0.0000000E+00  0.0000000E+00  0.0000000E+00
  0.1720507E+00  0.0000000E+00  0.0000000E+00  0.0000000E+00  0.0000000E+00  0.0000000E+00  0.0000000E+00  0.0000000E+00  0.0000000E+00
  0.1901068E+00  0.0000000E+00  0.0000000E+00  0.0000000E+00  0.0000000E+00  0.0000000E+00  0.0000000E+00  0.0000000E+00  0.0000000E+00
  0.2095561E+00  0.0000000E+00  0.0000000E+00  0.0000000E+00  0.0000000E+00  0.0000000E+00  0.0000000E+00  0.0000000E+00  0.0000000E+00
  0.2305064E+00  0.0000000E+00  0.0000000E+00  0.0000000E+00  0.0000000E+00  0.0000000E+00  0.0000000E+00  0.0000000E+00  0.0000000E+00
  0.2530773E+00  0.0000000E+00  0.0000000E+00  0.0000000E+00  0.0000000E+00  0.0000000E+00  0.0000000E+00  0.0000000E+00  0.0000000E+00
  0.2774017E+00  0.0000000E+00  0.0000000E+00  0.0000000E+00  0.0000000E+00  0.0000000E+00  0.0000000E+00  0.0000000E+00  0.0000000E+00
  0.3036275E+00  0.0000000E+00  0.0000000E+00  0.0000000E+00  0.0000000E+00  0.0000000E+00  0.0000000E+00  0.0000000E+00  0.0000000E+00
  0.3319197E+00  0.0000000E+00  0.0000000E+00  0.0000000E+00  0.0000000E+00  0.0000000E+00  0.0000000E+00  0.0000000E+00  0.0000000E+00
  0.3624624E+00  0.0000000E+00  0.0000000E+00  0.0000000E+00  0.0000000E+00  0.0000000E+00  0.0000000E+00  0.0000000E+00  0.0000000E+00
  0.3954620E+00  0.0000000E+00  0.0000000E+00  0.0000000E+00  0.0000000E+00  0.0000000E+00  0.0000000E+00  0.0000000E+00  0.0000000E+00
  0.4311501E+00  0.0000000E+00  0.0000000E+00  0.0000000E+00  0.0000000E+00  0.0000000E+00  0.0000000E+00  0.0000000E+00  0.0000000E+00
  0.4697872E+00  0.0000000E+00  0.0000000E+00  0.0000000E+00  0.0000000E+00  0.0000000E+00  0.0000000E+00  0.0000000E+00  0.0000000E+00
  0.5116671E+00  0.0000000E+00  0.0000000E+00  0.0000000E+00  0.0000000E+00  0.0000000E+00  0.0000000E+00  0.0000000E+00  0.0000000E+00
  0.5571223E+00  0.0000000E+00  0.0000000E+00  0.0000000E+00  0.0000000E+00  0.0000000E+00  0.0000000E+00  0.0000000E+00  0.0000000E+00
  0.6065299E+00  0.0000000E+00  0.0000000E+00  0.0000000E+00  0.0000000E+00  0.0000000E+00  0.0000000E+00  0.0000000E+00  0.0000000E+00
  0.6603191E+00  0.0000000E+00  0.0000000E+00  0.0000000E+00  0.0000000E+00  0.0000000E+00  0.0000000E+00  0.0000000E+00  0.0000000E+00
  0.7189801E+00  0.0000000E+00  0.0000000E+00  0.0000000E+00  0.0000000E+00  0.0000000E+00  0.0000000E+00  0.0000000E+00  0.0000000E+00
  0.7830747E+00  0.0000000E+00  0.0000000E+00  0.0000000E+00  0.0000000E+00  0.0000000E+00  0.0000000E+00  0.0000000E+00  0.0000000E+00
  0.8532491E+00  0.0000000E+00  0.0000000E+00  0.0000000E+00  0.0000000E+00  0.0000000E+00  0.0000000E+00  0.0000000E+00  0.0000000E+00
  0.9302498E+00  0.0000000E+00  0.0000000E+00  0.0000000E+00  0.0000000E+00  0.0000000E+00  0.0000000E+00  0.0000000E+00  0.0000000E+00
  0.1014942E+01  0.0000000E+00  0.0000000E+00  0.0000000E+00  0.0000000E+00  0.0000000E+00  0.0000000E+00  0.0000000E+00  0.0000000E+00
  0.1108336E+01  0.0000000E+00  0.0000000E+00  0.0000000E+00  0.0000000E+00  0.0000000E+00  0.0000000E+00  0.0000000E+00  0.0000000E+00
  0.1211611E+01  0.0000000E+00  0.0000000E+00  0.0000000E+00  0.0000000E+00  0.0000000E+00  0.0000000E+00  0.0000000E+00  0.0000000E+00
  0.1326157E+01  0.0000000E+00  0.0000000E+00  0.0000000E+00  0.0000000E+00  0.0000000E+00  0.0000000E+00  0.0000000E+00  0.0000000E+00
  0.1453620E+01  0.0000000E+00  0.0000000E+00  0.0000000E+00  0.0000000E+00  0.0000000E+00  0.0000000E+00  0.0000000E+00  0.0000000E+00
  0.1595957E+01  0.0000000E+00  0.0000000E+00  0.0000000E+00  0.0000000E+00  0.0000000E+00  0.0000000E+00  0.0000000E+00  0.0000000E+00
  0.1755512E+01  0.0000000E+00  0.0000000E+00  0.0000000E+00  0.0000000E+00  0.0000000E+00  0.0000000E+00  0.0000000E+00  0.0000000E+00
  0.1935113E+01  0.0000000E+00  0.0000000E+00  0.0000000E+00  0.0000000E+00  0.0000000E+00  0.0000000E+00  0.0000000E+00  0.0000000E+00
  0.2138195E+01  0.0000000E+00  0.0000000E+00  0.0000000E+00  0.0000000E+00  0.0000000E+00  0.0000000E+00  0.0000000E+00  0.0000000E+00
  0.2368965E+01  0.0000000E+00  0.0000000E+00  0.0000000E+00  0.0000000E+00  0.0000000E+00  0.0000000E+00  0.0000000E+00  0.0000000E+00
  0.2632616E+01  0.0000000E+00  0.0000000E+00  0.0000000E+00  0.0000000E+00  0.0000000E+00  0.0000000E+00  0.0000000E+00  0.0000000E+00
  0.2935624E+01  0.0000000E+00  0.0000000E+00  0.0000000E+00  0.0000000E+00  0.0000000E+00  0.0000000E+00  0.0000000E+00  0.0000000E+00
  0.3286143E+01  0.0000000E+00  0.0000000E+00  0.0000000E+00  0.0000000E+00  0.0000000E+00  0.0000000E+00  0.0000000E+00  0.0000000E+00
  0.3694559E+01  0.0000000E+00  0.0000000E+00  0.0000000E+00  0.0000000E+00  0.0000000E+00  0.0000000E+00  0.0000000E+00  0.0000000E+00
  0.4174262E+01  0.0000000E+00  0.0000000E+00  0.0000000E+00  0.0000000E+00  0.0000000E+00  0.0000000E+00  0.0000000E+00  0.0000000E+00
  0.4742755E+01  0.0000000E+00  0.0000000E+00  0.0000000E+00  0.0000000E+00  0.0000000E+00  0.0000000E+00  0.0000000E+00  0.0000000E+00
  0.5423267E+01  0.0000000E+00  0.0000000E+00  0.0000000E+00  0.0000000E+00  0.0000000E+00  0.0000000E+00  0.0000000E+00  0.0000000E+00
  0.6247158E+01  0.0000000E+00  0.0000000E+00  0.0000000E+00  0.0000000E+00  0.0000000E+00  0.0000000E+00  0.0000000E+00  0.0000000E+00
  0.7257593E+01  0.0000000E+00  0.0000000E+00  0.0000000E+00  0.0000000E+00  0.0000000E+00  0.0000000E+00  0.0000000E+00  0.0000000E+00
  0.8515298E+01  0.0000000E+00  0.0000000E+00  0.0000000E+00  0.0000000E+00  0.0000000E+00  0.0000000E+00  0.0000000E+00  0.0000000E+00
  0.1010789E+02  0.0000000E+00  0.0000000E+00  0.0000000E+00  0.0000000E+00  0.0000000E+00  0.0000000E+00  0.0000000E+00  0.0000000E+00
  0.1216555E+02  0.0000000E+00  0.0000000E+00  0.0000000E+00  0.0000000E+00  0.0000000E+00  0.0000000E+00  0.0000000E+00  0.0000000E+00
  0.1488845E+02  0.0000000E+00  0.0000000E+00  0.0000000E+00  0.0000000E+00  0.0000000E+00  0.0000000E+00  0.0000000E+00  0.0000000E+00
  0.1859735E+02  0.0000000E+00  0.0000000E+00  0.0000000E+00  0.0000000E+00  0.0000000E+00  0.0000000E+00  0.0000000E+00  0.0000000E+00
  0.2383244E+02  0.0000000E+00  0.0000000E+00  0.0000000E+00  0.0000000E+00  0.0000000E+00  0.0000000E+00  0.0000000E+00  0.0000000E+00
  0.3156166E+02  0.0000000E+00  0.0000000E+00  0.0000000E+00  0.0000000E+00  0.0000000E+00  0.0000000E+00  0.0000000E+00  0.0000000E+00
  0.4366216E+02  0.0000000E+00  0.0000000E+00  0.0000000E+00  0.0000000E+00  0.0000000E+00  0.0000000E+00  0.0000000E+00  0.0000000E+00
  0.6417630E+02  0.0000000E+00  0.0000000E+00  0.0000000E+00  0.0000000E+00  0.0000000E+00  0.0000000E+00  0.0000000E+00  0.0000000E+00
  0.1031786E+03  0.0000000E+00  0.0000000E+00  0.0000000E+00  0.0000000E+00  0.0000000E+00  0.0000000E+00  0.0000000E+00  0.0000000E+00
  0.1919559E+03  0.0000000E+00  0.0000000E+00  0.0000000E+00  0.0000000E+00  0.0000000E+00  0.0000000E+00  0.0000000E+00  0.0000000E+00
  0.4723127E+03  0.0000000E+00  0.0000000E+00  0.0000000E+00  0.0000000E+00  0.0000000E+00  0.0000000E+00  0.0000000E+00  0.0000000E+00
  0.2485589E+04  0.0000000E+00  0.0000000E+00  0.0000000E+00  0.0000000E+00  0.0000000E+00  0.0000000E+00  0.0000000E+00  0.0000000E+00
