-1.434000e+01	0.000000e+00	-9.752170e-03	2.895433e-05	-7.900793e-03	1.493001e-05
-1.433931e+01	0.000000e+00	-9.766323e-03	2.892329e-05	-7.917528e-03	1.488549e-05
-1.433861e+01	0.000000e+00	-9.780599e-03	2.889176e-05	-7.934439e-03	1.484055e-05
-1.433791e+01	0.000000e+00	-9.794999e-03	2.885974e-05	-7.951528e-03	1.479520e-05
-1.433720e+01	0.000000e+00	-9.809526e-03	2.882725e-05	-7.968797e-03	1.474943e-05
-1.433649e+01	0.000000e+00	-9.824179e-03	2.879427e-05	-7.986248e-03	1.470325e-05
-1.433577e+01	0.000000e+00	-9.838961e-03	2.876080e-05	-8.003885e-03	1.465667e-05
-1.433505e+01	0.000000e+00	-9.853873e-03	2.872685e-05	-8.021710e-03	1.460969e-05
-1.433432e+01	0.000000e+00	-9.868915e-03	2.869240e-05	-8.039724e-03	1.456231e-05
-1.433359e+01	0.000000e+00	-9.884091e-03	2.865747e-05	-8.057931e-03	1.451455e-05
-1.433285e+01	0.000000e+00	-9.899401e-03	2.862205e-05	-8.076332e-03	1.446640e-05
-1.433211e+01	0.000000e+00	-9.914846e-03	2.858614e-05	-8.094931e-03	1.441788e-05
-1.433136e+01	0.000000e+00	-9.930428e-03	2.854975e-05	-8.113730e-03	1.436900e-05
-1.433060e+01	0.000000e+00	-9.946149e-03	2.851288e-05	-8.132732e-03	1.431975e-05
-1.432985e+01	0.000000e+00	-9.962011e-03	2.847552e-05	-8.151939e-03	1.427015e-05
-1.432908e+01	0.000000e+00	-9.978014e-03	2.843769e-05	-8.171354e-03	1.422021e-05
-1.432831e+01	0.000000e+00	-9.994160e-03	2.839938e-05	-8.190980e-03	1.416994e-05
-1.432754e+01	0.000000e+00	-1.001045e-02	2.836059e-05	-8.210819e-03	1.411935e-05
-1.432676e+01	0.000000e+00	-1.002689e-02	2.832134e-05	-8.230875e-03	1.406844e-05
-1.432598e+01	0.000000e+00	-1.004348e-02	2.828162e-05	-8.251149e-03	1.401724e-05
-1.432518e+01	0.000000e+00	-1.006021e-02	2.824144e-05	-8.271646e-03	1.396575e-05
-1.432439e+01	0.000000e+00	-1.007710e-02	2.820080e-05	-8.292367e-03	1.391399e-05
-1.432359e+01	0.000000e+00	-1.009414e-02	2.815971e-05	-8.313316e-03	1.386197e-05
-1.432278e+01	0.000000e+00	-1.011134e-02	2.811818e-05	-8.334496e-03	1.380970e-05
-1.432197e+01	0.000000e+00	-1.012869e-02	2.807621e-05	-8.355910e-03	1.375720e-05
-1.432115e+01	0.000000e+00	-1.014621e-02	2.803381e-05	-8.377560e-03	1.370450e-05
-1.432033e+01	0.000000e+00	-1.016388e-02	2.799099e-05	-8.399451e-03	1.365160e-05
-1.431950e+01	0.000000e+00	-1.018172e-02	2.794775e-05	-8.421585e-03	1.359852e-05
-1.431866e+01	0.000000e+00	-1.019972e-02	2.790411e-05	-8.443965e-03	1.354529e-05
-1.431782e+01	0.000000e+00	-1.021788e-02	2.786007e-05	-8.466594e-03	1.349192e-05
-1.431697e+01	0.000000e+00	-1.023622e-02	2.781565e-05	-8.489476e-03	1.343843e-05
-1.431612e+01	0.000000e+00	-1.025472e-02	2.777085e-05	-8.512613e-03	1.338485e-05
-1.431526e+01	0.000000e+00	-1.027340e-02	2.772569e-05	-8.536010e-03	1.333120e-05
-1.431440e+01	0.000000e+00	-1.029225e-02	2.768017e-05	-8.559669e-03	1.327750e-05
-1.431353e+01	0.000000e+00	-1.031128e-02	2.763432e-05	-8.583594e-03	1.322378e-05
-1.431265e+01	0.000000e+00	-1.033049e-02	2.758815e-05	-8.607791e-03	1.317008e-05
-1.431177e+01	0.000000e+00	-1.034987e-02	2.754166e-05	-8.632261e-03	1.311641e-05
-1.431088e+01	0.000000e+00	-1.036944e-02	2.749488e-05	-8.657008e-03	1.306281e-05
-1.430998e+01	0.000000e+00	-1.038920e-02	2.744783e-05	-8.682034e-03	1.300930e-05
-1.430908e+01	0.000000e+00	-1.040914e-02	2.740052e-05	-8.707343e-03	1.295591e-05
-1.430817e+01	0.000000e+00	-1.042927e-02	2.735298e-05	-8.732940e-03	1.290268e-05
-1.430726e+01	0.000000e+00	-1.044960e-02	2.730522e-05	-8.758827e-03	1.284964e-05
-1.430634e+01	0.000000e+00	-1.047011e-02	2.725725e-05	-8.785007e-03	1.279682e-05
-1.430541e+01	0.000000e+00	-1.049083e-02	2.720909e-05	-8.811486e-03	1.274427e-05
-1.430448e+01	0.000000e+00	-1.051174e-02	2.716078e-05	-8.838265e-03	1.269201e-05
-1.430354e+01	0.000000e+00	-1.053285e-02	2.711232e-05	-8.865350e-03	1.264010e-05
-1.430260e+01	0.000000e+00	-1.055416e-02	2.706374e-05	-8.892743e-03	1.258856e-05
-1.430164e+01	0.000000e+00	-1.057568e-02	2.701507e-05	-8.920448e-03	1.253745e-05
-1.430068e+01	0.000000e+00	-1.059741e-02	2.696633e-05	-8.948470e-03	1.248680e-05
-1.429972e+01	0.000000e+00	-1.061934e-02	2.691755e-05	-8.976812e-03	1.243666e-05
-1.429875e+01	0.000000e+00	-1.064149e-02	2.686875e-05	-9.005478e-03	1.238708e-05
-1.429777e+01	0.000000e+00	-1.066385e-02	2.681997e-05	-9.034472e-03	1.233811e-05
-1.429678e+01	0.000000e+00	-1.068643e-02	2.677123e-05	-9.063797e-03	1.228979e-05
-1.429579e+01	0.000000e+00	-1.070923e-02	2.672256e-05	-9.093458e-03	1.224219e-05
-1.429479e+01	0.000000e+00	-1.073225e-02	2.667400e-05	-9.123459e-03	1.219535e-05
-1.429378e+01	0.000000e+00	-1.075550e-02	2.662558e-05	-9.153803e-03	1.214933e-05
-1.429277e+01	0.000000e+00	-1.077897e-02	2.657733e-05	-9.184495e-03	1.210418e-05
-1.429175e+01	0.000000e+00	-1.080267e-02	2.652928e-05	-9.215539e-03	1.205997e-05
-1.429072e+01	0.000000e+00	-1.082660e-02	2.648148e-05	-9.246938e-03	1.201675e-05
-1.428969e+01	0.000000e+00	-1.085077e-02	2.643395e-05	-9.278696e-03	1.197459e-05
-1.428864e+01	0.000000e+00	-1.087518e-02	2.638674e-05	-9.310819e-03	1.193355e-05
-1.428759e+01	0.000000e+00	-1.089983e-02	2.633989e-05	-9.343309e-03	1.189370e-05
-1.428654e+01	0.000000e+00	-1.092472e-02	2.629344e-05	-9.376171e-03	1.185511e-05
-1.428547e+01	0.000000e+00	-1.094986e-02	2.624742e-05	-9.409410e-03	1.181783e-05
-1.428440e+01	0.000000e+00	-1.097525e-02	2.620189e-05	-9.443030e-03	1.178196e-05
-1.428332e+01	0.000000e+00	-1.100089e-02	2.615688e-05	-9.477035e-03	1.174755e-05
-1.428224e+01	0.000000e+00	-1.102678e-02	2.611245e-05	-9.511427e-03	1.171469e-05
-1.428115e+01	0.000000e+00	-1.105293e-02	2.606862e-05	-9.546213e-03	1.168344e-05
-1.428004e+01	0.000000e+00	-1.107935e-02	2.602547e-05	-9.581395e-03	1.165390e-05
-1.427894e+01	0.000000e+00	-1.110602e-02	2.598302e-05	-9.616978e-03	1.162614e-05
-1.427782e+01	0.000000e+00	-1.113296e-02	2.594133e-05	-9.652966e-03	1.160023e-05
-1.427669e+01	0.000000e+00	-1.116017e-02	2.590046e-05	-9.689363e-03	1.157628e-05
-1.427556e+01	0.000000e+00	-1.118765e-02	2.586045e-05	-9.726174e-03	1.155435e-05
-1.427442e+01	0.000000e+00	-1.121541e-02	2.582135e-05	-9.763403e-03	1.153455e-05
-1.427328e+01	0.000000e+00	-1.124344e-02	2.578322e-05	-9.801053e-03	1.151695e-05
-1.427212e+01	0.000000e+00	-1.127176e-02	2.574612e-05	-9.839129e-03	1.150165e-05
-1.427096e+01	0.000000e+00	-1.130036e-02	2.571009e-05	-9.877635e-03	1.148874e-05
-1.426978e+01	0.000000e+00	-1.132924e-02	2.567520e-05	-9.916576e-03	1.147831e-05
-1.426860e+01	0.000000e+00	-1.135842e-02	2.564150e-05	-9.955955e-03	1.147047e-05
-1.426742e+01	0.000000e+00	-1.138789e-02	2.560905e-05	-9.995778e-03	1.146529e-05
-1.426622e+01	0.000000e+00	-1.141766e-02	2.557790e-05	-1.003605e-02	1.146289e-05
-1.426502e+01	0.000000e+00	-1.144772e-02	2.554807e-05	-1.007677e-02	1.146336e-05
-1.426380e+01	0.000000e+00	-1.147812e-02	2.552035e-05	-1.011796e-02	1.146716e-05
-1.426258e+01	0.000000e+00	-1.150888e-02	2.549672e-05	-1.015965e-02	1.147572e-05
-1.426135e+01	0.000000e+00	-1.153996e-02	2.547562e-05	-1.020181e-02	1.148827e-05
-1.426011e+01	0.000000e+00	-1.157135e-02	2.545618e-05	-1.024444e-02	1.150417e-05
-1.425887e+01	0.000000e+00	-1.160307e-02	2.543843e-05	-1.028755e-02	1.152346e-05
-1.425761e+01	0.000000e+00	-1.163510e-02	2.542247e-05	-1.033115e-02	1.154630e-05
-1.425635e+01	0.000000e+00	-1.166746e-02	2.540838e-05	-1.037522e-02	1.157282e-05
-1.425507e+01	0.000000e+00	-1.170014e-02	2.539621e-05	-1.041978e-02	1.160311e-05
-1.425379e+01	0.000000e+00	-1.173316e-02	2.538603e-05	-1.046483e-02	1.163729e-05
-1.425250e+01	0.000000e+00	-1.176650e-02	2.537791e-05	-1.051037e-02	1.167545e-05
-1.425120e+01	0.000000e+00	-1.180018e-02	2.537191e-05	-1.055641e-02	1.171772e-05
-1.424989e+01	0.000000e+00	-1.183420e-02	2.536811e-05	-1.060295e-02	1.176422e-05
-1.424857e+01	0.000000e+00	-1.186856e-02	2.536656e-05	-1.065000e-02	1.181504e-05
-1.424725e+01	0.000000e+00	-1.190327e-02	2.536732e-05	-1.069756e-02	1.187031e-05
-1.424591e+01	0.000000e+00	-1.193833e-02	2.537046e-05	-1.074564e-02	1.193014e-05
-1.424457e+01	0.000000e+00	-1.197374e-02	2.537607e-05	-1.079423e-02	1.199465e-05
-1.424321e+01	0.000000e+00	-1.200950e-02	2.538419e-05	-1.084335e-02	1.206395e-05
-1.424185e+01	0.000000e+00	-1.204562e-02	2.539490e-05	-1.089299e-02	1.213814e-05
-1.424047e+01	0.000000e+00	-1.208211e-02	2.540826e-05	-1.094317e-02	1.221733e-05
-1.423909e+01	0.000000e+00	-1.211896e-02	2.542434e-05	-1.099388e-02	1.230164e-05
-1.423770e+01	0.000000e+00	-1.215618e-02	2.544320e-05	-1.104513e-02	1.239119e-05
-1.423630e+01	0.000000e+00	-1.219377e-02	2.546491e-05	-1.109692e-02	1.248607e-05
-1.423488e+01	0.000000e+00	-1.223173e-02	2.548952e-05	-1.114926e-02	1.258641e-05
-1.423346e+01	0.000000e+00	-1.227008e-02	2.551716e-05	-1.120215e-02	1.269231e-05
-1.423203e+01	0.000000e+00	-1.230881e-02	2.554800e-05	-1.125560e-02	1.280391e-05
-1.423059e+01	0.000000e+00	-1.234794e-02	2.558194e-05	-1.130961e-02	1.292128e-05
-1.422914e+01	0.000000e+00	-1.238745e-02	2.561904e-05	-1.136418e-02	1.304454e-05
-1.422768e+01	0.000000e+00	-1.242735e-02	2.565935e-05	-1.141932e-02	1.317377e-05
-1.422620e+01	0.000000e+00	-1.246765e-02	2.570292e-05	-1.147503e-02	1.330909e-05
-1.422472e+01	0.000000e+00	-1.250835e-02	2.574983e-05	-1.153132e-02	1.345059e-05
-1.422323e+01	0.000000e+00	-1.254940e-02	2.579981e-05	-1.158818e-02	1.359824e-05
-1.422173e+01	0.000000e+00	-1.259086e-02	2.585318e-05	-1.164562e-02	1.375225e-05
-1.422021e+01	0.000000e+00	-1.263273e-02	2.591004e-05	-1.170365e-02	1.391272e-05
-1.421869e+01	0.000000e+00	-1.267500e-02	2.597043e-05	-1.176228e-02	1.407975e-05
-1.421716e+01	0.000000e+00	-1.271770e-02	2.603440e-05	-1.182151e-02	1.425343e-05
-1.421561e+01	0.000000e+00	-1.276081e-02	2.610201e-05	-1.188134e-02	1.443384e-05
-1.421406e+01	0.000000e+00	-1.280435e-02	2.617330e-05	-1.194178e-02	1.462107e-05
-1.421249e+01	0.000000e+00	-1.284832e-02	2.624830e-05	-1.200283e-02	1.481520e-05
-1.421091e+01	0.000000e+00	-1.289272e-02	2.632708e-05	-1.206451e-02	1.501630e-05
-1.420933e+01	0.000000e+00	-1.293755e-02	2.640965e-05	-1.212680e-02	1.522446e-05
-1.420773e+01	0.000000e+00	-1.298282e-02	2.649607e-05	-1.218973e-02	1.543975e-05
-1.420612e+01	0.000000e+00	-1.302853e-02	2.658637e-05	-1.225329e-02	1.566223e-05
-1.420450e+01	0.000000e+00	-1.307468e-02	2.668059e-05	-1.231750e-02	1.589197e-05
-1.420286e+01	0.000000e+00	-1.312129e-02	2.677879e-05	-1.238234e-02	1.612902e-05
-1.420122e+01	0.000000e+00	-1.316835e-02	2.688096e-05	-1.244785e-02	1.637345e-05
-1.419956e+01	0.000000e+00	-1.321587e-02	2.698713e-05	-1.251401e-02	1.662531e-05
-1.419790e+01	0.000000e+00	-1.326385e-02	2.709732e-05	-1.258084e-02	1.688467e-05
-1.419622e+01	0.000000e+00	-1.331229e-02	2.721158e-05	-1.264834e-02	1.715158e-05
-1.419453e+01	0.000000e+00	-1.336121e-02	2.732991e-05	-1.271651e-02	1.742608e-05
-1.419283e+01	0.000000e+00	-1.341060e-02	2.745236e-05	-1.278537e-02	1.770822e-05
-1.419111e+01	0.000000e+00	-1.346047e-02	2.757894e-05	-1.285492e-02	1.799805e-05
-1.418939e+01	0.000000e+00	-1.351083e-02	2.770966e-05	-1.292517e-02	1.829560e-05
-1.418765e+01	0.000000e+00	-1.356167e-02	2.784451e-05	-1.299612e-02	1.860088e-05
-1.418590e+01	0.000000e+00	-1.361300e-02	2.798352e-05	-1.306778e-02	1.891394e-05
-1.418414e+01	0.000000e+00	-1.366483e-02	2.812670e-05	-1.314016e-02	1.923481e-05
-1.418237e+01	0.000000e+00	-1.371716e-02	2.827405e-05	-1.321326e-02	1.956351e-05
-1.418058e+01	0.000000e+00	-1.376999e-02	2.842558e-05	-1.328710e-02	1.990006e-05
-1.417878e+01	0.000000e+00	-1.382333e-02	2.858124e-05	-1.336168e-02	2.024448e-05
-1.417697e+01	0.000000e+00	-1.387718e-02	2.874106e-05	-1.343700e-02	2.059678e-05
-1.417515e+01	0.000000e+00	-1.393154e-02	2.890506e-05	-1.351309e-02	2.095698e-05
-1.417331e+01	0.000000e+00	-1.398643e-02	2.907323e-05	-1.358993e-02	2.132507e-05
-1.417147e+01	0.000000e+00	-1.404185e-02	2.924557e-05	-1.366755e-02	2.170106e-05
-1.416960e+01	0.000000e+00	-1.409779e-02	2.942207e-05	-1.374596e-02	2.208496e-05
-1.416773e+01	0.000000e+00	-1.415427e-02	2.960314e-05	-1.382513e-02	2.247696e-05
-1.416584e+01	0.000000e+00	-1.421129e-02	2.978861e-05	-1.390510e-02	2.287699e-05
-1.416394e+01	0.000000e+00	-1.426886e-02	2.997823e-05	-1.398588e-02	2.328493e-05
-1.416203e+01	0.000000e+00	-1.432698e-02	3.017198e-05	-1.406748e-02	2.370077e-05
-1.416010e+01	0.000000e+00	-1.438566e-02	3.036983e-05	-1.414991e-02	2.412450e-05
-1.415816e+01	0.000000e+00	-1.444491e-02	3.057177e-05	-1.423320e-02	2.455611e-05
-1.415621e+01	0.000000e+00	-1.450474e-02	3.077779e-05	-1.431734e-02	2.499559e-05
-1.415424e+01	0.000000e+00	-1.456514e-02	3.098787e-05	-1.440236e-02	2.544292e-05
-1.415226e+01	0.000000e+00	-1.462612e-02	3.120198e-05	-1.448827e-02	2.589808e-05
-1.415027e+01	0.000000e+00	-1.468769e-02	3.141998e-05	-1.457506e-02	2.636104e-05
-1.414826e+01	0.000000e+00	-1.474986e-02	3.164192e-05	-1.466276e-02	2.683181e-05
-1.414624e+01	0.000000e+00	-1.481263e-02	3.186783e-05	-1.475138e-02	2.731039e-05
-1.414420e+01	0.000000e+00	-1.487601e-02	3.209766e-05	-1.484094e-02	2.779673e-05
-1.414215e+01	0.000000e+00	-1.493999e-02	3.233137e-05	-1.493144e-02	2.829081e-05
-1.414008e+01	0.000000e+00	-1.500460e-02	3.256895e-05	-1.502289e-02	2.879261e-05
-1.413800e+01	0.000000e+00	-1.506982e-02	3.281034e-05	-1.511532e-02	2.930212e-05
-1.413591e+01	0.000000e+00	-1.513568e-02	3.305552e-05	-1.520874e-02	2.981931e-05
-1.413380e+01	0.000000e+00	-1.520217e-02	3.330447e-05	-1.530316e-02	3.034416e-05
-1.413168e+01	0.000000e+00	-1.526931e-02	3.355713e-05	-1.539860e-02	3.087665e-05
-1.412954e+01	0.000000e+00	-1.533710e-02	3.381348e-05	-1.549508e-02	3.141676e-05
-1.412739e+01	0.000000e+00	-1.540555e-02	3.407348e-05	-1.559260e-02	3.196446e-05
-1.412523e+01	0.000000e+00	-1.547466e-02	3.433709e-05	-1.569119e-02	3.251975e-05
-1.412304e+01	0.000000e+00	-1.554445e-02	3.460428e-05	-1.579087e-02	3.308260e-05
-1.412085e+01	0.000000e+00	-1.561492e-02	3.487501e-05	-1.589165e-02	3.365299e-05
-1.411863e+01	0.000000e+00	-1.568608e-02	3.514924e-05	-1.599355e-02	3.423091e-05
-1.411641e+01	0.000000e+00	-1.575793e-02	3.542693e-05	-1.609660e-02	3.481635e-05
-1.411416e+01	0.000000e+00	-1.583049e-02	3.570805e-05	-1.620080e-02	3.540929e-05
-1.411190e+01	0.000000e+00	-1.590378e-02	3.599246e-05	-1.630621e-02	3.600967e-05
-1.410963e+01	0.000000e+00	-1.597779e-02	3.628015e-05	-1.641283e-02	3.661749e-05
-1.410734e+01	0.000000e+00	-1.605254e-02	3.657113e-05	-1.652068e-02	3.723279e-05
-1.410503e+01	0.000000e+00	-1.612803e-02	3.686538e-05	-1.662976e-02	3.785558e-05
-1.410271e+01	0.000000e+00	-1.620427e-02	3.716286e-05	-1.674011e-02	3.848585e-05
-1.410037e+01	0.000000e+00	-1.628126e-02	3.746351e-05	-1.685175e-02	3.912360e-05
-1.409802e+01	0.000000e+00	-1.635902e-02	3.776679e-05	-1.696467e-02	3.976817e-05
-1.409565e+01	0.000000e+00	-1.643754e-02	3.807306e-05	-1.707892e-02	4.042010e-05
-1.409326e+01	0.000000e+00	-1.651686e-02	3.838239e-05	-1.719453e-02	4.107951e-05
-1.409086e+01	0.000000e+00	-1.659697e-02	3.869473e-05	-1.731151e-02	4.174644e-05
-1.408844e+01	0.000000e+00	-1.667789e-02	3.901004e-05	-1.742990e-02	4.242090e-05
-1.408600e+01	0.000000e+00	-1.675962e-02	3.932828e-05	-1.754972e-02	4.310291e-05
-1.408355e+01	0.000000e+00	-1.684218e-02	3.964942e-05	-1.767099e-02	4.379249e-05
-1.408108e+01	0.000000e+00	-1.692558e-02	3.997341e-05	-1.779375e-02	4.448967e-05
-1.407859e+01	0.000000e+00	-1.700982e-02	4.030021e-05	-1.791801e-02	4.519448e-05
-1.407608e+01	0.000000e+00	-1.709492e-02	4.062978e-05	-1.804381e-02	4.590696e-05
-1.407356e+01	0.000000e+00	-1.718090e-02	4.096209e-05	-1.817118e-02	4.662718e-05
-1.407102e+01	0.000000e+00	-1.726776e-02	4.129711e-05	-1.830015e-02	4.735519e-05
-1.406846e+01	0.000000e+00	-1.735551e-02	4.163479e-05	-1.843074e-02	4.809102e-05
-1.406589e+01	0.000000e+00	-1.744416e-02	4.197511e-05	-1.856299e-02	4.883476e-05
-1.406330e+01	0.000000e+00	-1.753374e-02	4.231801e-05	-1.869694e-02	4.958647e-05
-1.406069e+01	0.000000e+00	-1.762429e-02	4.266359e-05	-1.883265e-02	5.034646e-05
-1.405806e+01	0.000000e+00	-1.771580e-02	4.301155e-05	-1.897015e-02	5.111449e-05
-1.405541e+01	0.000000e+00	-1.780829e-02	4.336190e-05	-1.910946e-02	5.189070e-05
-1.405274e+01	0.000000e+00	-1.790174e-02	4.371471e-05	-1.925059e-02	5.267521e-05
-1.405006e+01	0.000000e+00	-1.799618e-02	4.406992e-05	-1.939359e-02	5.346814e-05
-1.404736e+01	0.000000e+00	-1.809162e-02	4.442754e-05	-1.953849e-02	5.426960e-05
-1.404463e+01	0.000000e+00	-1.818815e-02	4.478812e-05	-1.968539e-02	5.508016e-05
-1.404189e+01	0.000000e+00	-1.828571e-02	4.515102e-05	-1.983427e-02	5.589948e-05
-1.403913e+01	0.000000e+00	-1.838432e-02	4.551619e-05	-1.998517e-02	5.672762e-05
-1.403635e+01	0.000000e+00	-1.848400e-02	4.588308e-05	-2.013816e-02	5.756419e-05
-1.403356e+01	0.000000e+00	-1.858477e-02	4.625223e-05	-2.029326e-02	5.840994e-05
-1.403074e+01	0.000000e+00	-1.868662e-02	4.662354e-05	-2.045051e-02	5.926495e-05
-1.402790e+01	0.000000e+00	-1.878958e-02	4.699698e-05	-2.060996e-02	6.012941e-05
-1.402505e+01	0.000000e+00	-1.889366e-02	4.737251e-05	-2.077164e-02	6.100347e-05
-1.402217e+01	0.000000e+00	-1.899889e-02	4.775008e-05	-2.093563e-02	6.188731e-05
-1.401927e+01	0.000000e+00	-1.910528e-02	4.812864e-05	-2.110195e-02	6.278023e-05
-1.401636e+01	0.000000e+00	-1.921284e-02	4.850888e-05	-2.127066e-02	6.368302e-05
-1.401342e+01	0.000000e+00	-1.932160e-02	4.889102e-05	-2.144180e-02	6.459608e-05
-1.401046e+01	0.000000e+00	-1.943156e-02	4.927501e-05	-2.161543e-02	6.551962e-05
-1.400749e+01	0.000000e+00	-1.954275e-02	4.966080e-05	-2.179160e-02	6.645384e-05
-1.400449e+01	0.000000e+00	-1.965518e-02	5.004834e-05	-2.197037e-02	6.739896e-05
-1.400147e+01	0.000000e+00	-1.976889e-02	5.043745e-05	-2.215181e-02	6.835508e-05
-1.399843e+01	0.000000e+00	-1.988389e-02	5.082821e-05	-2.233596e-02	6.932257e-05
-1.399537e+01	0.000000e+00	-2.000018e-02	5.122057e-05	-2.252289e-02	7.030165e-05
-1.399229e+01	0.000000e+00	-2.011781e-02	5.161446e-05	-2.271264e-02	7.129259e-05
-1.398918e+01	0.000000e+00	-2.023677e-02	5.200984e-05	-2.290530e-02	7.229565e-05
-1.398606e+01	0.000000e+00	-2.035711e-02	5.240663e-05	-2.310092e-02	7.331109e-05
-1.398291e+01	0.000000e+00	-2.047883e-02	5.280477e-05	-2.329957e-02	7.433921e-05
-1.397974e+01	0.000000e+00	-2.060197e-02	5.320422e-05	-2.350133e-02	7.538035e-05
-1.397655e+01	0.000000e+00	-2.072653e-02	5.360355e-05	-2.370624e-02	7.643394e-05
-1.397334e+01	0.000000e+00	-2.085252e-02	5.400245e-05	-2.391437e-02	7.750009e-05
-1.397011e+01	0.000000e+00	-2.098000e-02	5.440203e-05	-2.412582e-02	7.857963e-05
-1.396685e+01	0.000000e+00	-2.110898e-02	5.480247e-05	-2.434066e-02	7.967327e-05
-1.396357e+01	0.000000e+00	-2.123949e-02	5.520370e-05	-2.455899e-02	8.078143e-05
-1.396027e+01	0.000000e+00	-2.137155e-02	5.560566e-05	-2.478087e-02	8.190445e-05
-1.395694e+01	0.000000e+00	-2.150520e-02	5.600825e-05	-2.500640e-02	8.304271e-05
-1.395359e+01	0.000000e+00	-2.164045e-02	5.641131e-05	-2.523567e-02	8.419657e-05
-1.395022e+01	0.000000e+00	-2.177734e-02	5.681473e-05	-2.546877e-02	8.536642e-05
-1.394683e+01	0.000000e+00	-2.191584e-02	5.721816e-05	-2.570579e-02	8.655265e-05
-1.394341e+01	0.000000e+00	-2.205595e-02	5.762131e-05	-2.594682e-02	8.775568e-05
-1.393997e+01	0.000000e+00	-2.219779e-02	5.802441e-05	-2.619200e-02	8.897603e-05
-1.393650e+01	0.000000e+00	-2.234137e-02	5.842729e-05	-2.644140e-02	9.021409e-05
-1.393301e+01	0.000000e+00	-2.248672e-02	5.882976e-05	-2.669513e-02	9.147027e-05
-1.392950e+01	0.000000e+00	-2.263389e-02	5.923168e-05	-2.695333e-02	9.274528e-05
-1.392596e+01	0.000000e+00	-2.278270e-02	5.958324e-05	-2.721714e-02	9.394817e-05
-1.392239e+01	0.000000e+00	-2.293312e-02	5.986992e-05	-2.748697e-02	9.505265e-05
-1.391881e+01	0.000000e+00	-2.308546e-02	6.015499e-05	-2.776171e-02	9.617604e-05
-1.391519e+01	0.000000e+00	-2.323978e-02	6.043868e-05	-2.804146e-02	9.731886e-05
-1.391155e+01	0.000000e+00	-2.339611e-02	6.072058e-05	-2.832638e-02	9.848102e-05
-1.390789e+01	0.000000e+00	-2.355447e-02	6.099804e-05	-2.861659e-02	9.966107e-05
-1.390420e+01	0.000000e+00	-2.371487e-02	6.127007e-05	-2.891223e-02	1.008586e-04
-1.390049e+01	0.000000e+00	-2.387738e-02	6.153902e-05	-2.921344e-02	1.020772e-04
-1.389675e+01	0.000000e+00	-2.404202e-02	6.180453e-05	-2.952039e-02	1.033172e-04
-1.389298e+01	0.000000e+00	-2.420885e-02	6.206623e-05	-2.983323e-02	1.045792e-04
-1.388919e+01	0.000000e+00	-2.437789e-02	6.232373e-05	-3.015213e-02	1.058636e-04
-1.388537e+01	0.000000e+00	-2.454923e-02	6.257668e-05	-3.047727e-02	1.071710e-04
-1.388153e+01	0.000000e+00	-2.472271e-02	6.282348e-05	-3.080831e-02	1.084980e-04
-1.387766e+01	0.000000e+00	-2.489868e-02	6.308050e-05	-3.114584e-02	1.098578e-04
-1.387376e+01	0.000000e+00	-2.507704e-02	6.333183e-05	-3.149012e-02	1.112422e-04
-1.386984e+01	0.000000e+00	-2.525783e-02	6.357681e-05	-3.184134e-02	1.126515e-04
-1.386588e+01	0.000000e+00	-2.544110e-02	6.381487e-05	-3.219972e-02	1.140864e-04
-1.386190e+01	0.000000e+00	-2.562715e-02	6.403856e-05	-3.256602e-02	1.155458e-04
-1.385790e+01	0.000000e+00	-2.581583e-02	6.425267e-05	-3.294004e-02	1.170315e-04
-1.385386e+01	0.000000e+00	-2.600715e-02	6.445773e-05	-3.332194e-02	1.185444e-04
-1.384980e+01	0.000000e+00	-2.620104e-02	6.465221e-05	-3.371190e-02	1.200842e-04
-1.384571e+01	0.000000e+00	-2.639756e-02	6.483531e-05	-3.411014e-02	1.216511e-04
-1.384159e+01	0.000000e+00	-2.659686e-02	6.500679e-05	-3.451697e-02	1.232465e-04
-1.383744e+01	0.000000e+00	-2.679902e-02	6.516570e-05	-3.493269e-02	1.248708e-04
-1.383326e+01	0.000000e+00	-2.700408e-02	6.531109e-05	-3.535760e-02	1.265246e-04
-1.382906e+01	0.000000e+00	-2.721213e-02	6.544191e-05	-3.579200e-02	1.282084e-04
-1.382482e+01	0.000000e+00	-2.742323e-02	6.555693e-05	-3.623621e-02	1.299225e-04
-1.382056e+01	0.000000e+00	-2.763741e-02	6.565496e-05	-3.669052e-02	1.316670e-04
-1.381627e+01	0.000000e+00	-2.785475e-02	6.573481e-05	-3.715529e-02	1.334429e-04
-1.381194e+01	0.000000e+00	-2.807541e-02	6.579920e-05	-3.763110e-02	1.352575e-04
-1.380759e+01	0.000000e+00	-2.829987e-02	6.586211e-05	-3.811925e-02	1.371384e-04
-1.380320e+01	0.000000e+00	-2.852771e-02	6.590270e-05	-3.861903e-02	1.390529e-04
-1.379879e+01	0.000000e+00	-2.875901e-02	6.591962e-05	-3.913090e-02	1.410021e-04
-1.379435e+01	0.000000e+00	-2.899383e-02	6.591042e-05	-3.965526e-02	1.429846e-04
-1.378987e+01	0.000000e+00	-2.923231e-02	6.587350e-05	-4.019257e-02	1.450005e-04
-1.378536e+01	0.000000e+00	-2.947447e-02	6.580704e-05	-4.074327e-02	1.470504e-04
-1.378083e+01	0.000000e+00	-2.972038e-02	6.570878e-05	-4.130785e-02	1.491343e-04
-1.377626e+01	0.000000e+00	-2.997015e-02	6.557643e-05	-4.188682e-02	1.512519e-04
-1.377166e+01	0.000000e+00	-3.022400e-02	6.541828e-05	-4.248117e-02	1.534316e-04
-1.376702e+01	0.000000e+00	-3.048266e-02	6.527001e-05	-4.309321e-02	1.557773e-04
-1.376236e+01	0.000000e+00	-3.074547e-02	6.507953e-05	-4.372161e-02	1.581595e-04
-1.375766e+01	0.000000e+00	-3.101250e-02	6.484387e-05	-4.436694e-02	1.605773e-04
-1.375293e+01	0.000000e+00	-3.128383e-02	6.455955e-05	-4.502989e-02	1.630300e-04
-1.374817e+01	0.000000e+00	-3.155961e-02	6.422291e-05	-4.571127e-02	1.655166e-04
-1.374337e+01	0.000000e+00	-3.183990e-02	6.383006e-05	-4.641175e-02	1.680354e-04
-1.373854e+01	0.000000e+00	-3.212481e-02	6.337695e-05	-4.713211e-02	1.705847e-04
-1.373368e+01	0.000000e+00	-3.241451e-02	6.285906e-05	-4.787335e-02	1.731631e-04
-1.372879e+01	0.000000e+00	-3.270902e-02	6.227171e-05	-4.863614e-02	1.757671e-04
-1.372386e+01	0.000000e+00	-3.300845e-02	6.160971e-05	-4.942142e-02	1.783936e-04
-1.371889e+01	0.000000e+00	-3.331291e-02	6.086777e-05	-5.023016e-02	1.810397e-04
-1.371389e+01	0.000000e+00	-3.362251e-02	6.003993e-05	-5.106333e-02	1.837006e-04
-1.370886e+01	0.000000e+00	-3.393737e-02	5.912008e-05	-5.192204e-02	1.863719e-04
-1.370379e+01	0.000000e+00	-3.425781e-02	5.810301e-05	-5.280769e-02	1.890512e-04
-1.369869e+01	0.000000e+00	-3.458386e-02	5.698016e-05	-5.372148e-02	1.917311e-04
-1.369355e+01	0.000000e+00	-3.491548e-02	5.574179e-05	-5.466421e-02	1.943918e-04
-1.368838e+01	0.000000e+00	-3.525279e-02	5.438656e-05	-5.563702e-02	1.970454e-04
-1.368317e+01	0.000000e+00	-3.559590e-02	5.290814e-05	-5.664128e-02	1.996898e-04
-1.367792e+01	0.000000e+00	-3.594501e-02	5.128891e-05	-5.767912e-02	2.022970e-04
-1.367264e+01	0.000000e+00	-3.630018e-02	4.951901e-05	-5.875181e-02	2.048538e-04
-1.366732e+01	0.000000e+00	-3.666151e-02	4.758744e-05	-5.986104e-02	2.073458e-04
-1.366196e+01	0.000000e+00	-3.702905e-02	4.548227e-05	-6.100853e-02	2.097561e-04
-1.365657e+01	0.000000e+00	-3.740291e-02	4.319086e-05	-6.219611e-02	2.120655e-04
-1.365114e+01	0.000000e+00	-3.778316e-02	4.070247e-05	-6.342529e-02	2.142571e-04
-1.364567e+01	0.000000e+00	-3.816987e-02	3.800430e-05	-6.469785e-02	2.163097e-04
-1.364017e+01	0.000000e+00	-3.856310e-02	3.507308e-05	-6.601606e-02	2.181765e-04
-1.363462e+01	0.000000e+00	-3.896301e-02	3.189571e-05	-6.738251e-02	2.198352e-04
-1.362904e+01	0.000000e+00	-3.936967e-02	2.845423e-05	-6.879954e-02	2.212492e-04
-1.362342e+01	0.000000e+00	-3.978312e-02	2.472935e-05	-7.026960e-02	2.223767e-04
-1.361776e+01	0.000000e+00	-4.020346e-02	2.070200e-05	-7.179529e-02	2.231727e-04
-1.361206e+01	0.000000e+00	-4.063062e-02	1.635107e-05	-7.337912e-02	2.235834e-04
-1.360632e+01	0.000000e+00	-4.106460e-02	1.165410e-05	-7.502385e-02	2.235491e-04
-1.360054e+01	0.000000e+00	-4.150540e-02	6.584162e-06	-7.673202e-02	2.229921e-04
-1.359472e+01	0.000000e+00	-4.195285e-02	1.117634e-06	-7.850657e-02	2.218395e-04
-1.358886e+01	0.000000e+00	-4.240679e-02	-4.770406e-06	-8.035016e-02	2.200081e-04
-1.358296e+01	0.000000e+00	-4.286711e-02	-1.110676e-05	-8.226572e-02	2.174040e-04
-1.357702e+01	0.000000e+00	-4.333355e-02	-1.791953e-05	-8.425586e-02	2.139199e-04
-1.357104e+01	0.000000e+00	-4.380544e-02	-2.524144e-05	-8.632085e-02	2.094228e-04
-1.356502e+01	0.000000e+00	-4.428261e-02	-3.310164e-05	-8.846434e-02	2.037873e-04
-1.355895e+01	0.000000e+00	-4.476462e-02	-4.152514e-05	-9.068848e-02	1.968786e-04
-1.355284e+01	0.000000e+00	-4.525087e-02	-5.054021e-05	-9.299462e-02	1.885419e-04
-1.354669e+01	0.000000e+00	-4.574077e-02	-6.017558e-05	-9.538375e-02	1.786138e-04
-1.354050e+01	0.000000e+00	-4.623355e-02	-7.045699e-05	-9.785529e-02	1.669198e-04
-1.353427e+01	0.000000e+00	-4.672809e-02	-8.140693e-05	-1.004075e-01	1.532823e-04
-1.352799e+01	0.000000e+00	-4.722325e-02	-9.304361e-05	-1.030372e-01	1.375273e-04
-1.352167e+01	0.000000e+00	-4.771766e-02	-1.053788e-04	-1.057391e-01	1.194937e-04
-1.351530e+01	0.000000e+00	-4.820979e-02	-1.184171e-04	-1.085056e-01	9.904509e-05
-1.350889e+01	0.000000e+00	-4.869783e-02	-1.321499e-04	-1.113254e-01	7.609830e-05
-1.350244e+01	0.000000e+00	-4.917960e-02	-1.465218e-04	-1.141811e-01	5.069719e-05
-1.349594e+01	0.000000e+00	-4.965261e-02	-1.615038e-04	-1.170526e-01	2.293547e-05
-1.348940e+01	0.000000e+00	-5.011408e-02	-1.770388e-04	-1.199129e-01	-6.918471e-06
-1.348281e+01	0.000000e+00	-5.056058e-02	-1.930236e-04	-1.227265e-01	-3.834372e-05
-1.347617e+01	0.000000e+00	-5.098943e-02	-2.093079e-04	-1.254520e-01	-7.042079e-05
-1.346949e+01	0.000000e+00	-5.139594e-02	-2.256827e-04	-1.280292e-01	-1.018211e-04
-1.346276e+01	0.000000e+00	-5.177507e-02	-2.418577e-04	-1.303841e-01	-1.305732e-04
-1.345599e+01	0.000000e+00	-5.212258e-02	-2.574600e-04	-1.324352e-01	-1.539788e-04
-1.344917e+01	0.000000e+00	-5.243212e-02	-2.719111e-04	-1.340684e-01	-1.680153e-04
-1.344230e+01	0.000000e+00	-5.269727e-02	-2.844178e-04	-1.351475e-01	-1.672442e-04
-1.343538e+01	0.000000e+00	-5.291119e-02	-2.938635e-04	-1.355104e-01	-1.444510e-04
-1.342842e+01	0.000000e+00	-5.306866e-02	-2.986270e-04	-1.349775e-01	-9.014217e-05
-1.342141e+01	0.000000e+00	-5.316834e-02	-2.962719e-04	-1.333625e-01	8.096307e-06
-1.341435e+01	0.000000e+00	-5.321870e-02	-2.829541e-04	-1.305012e-01	1.667458e-04
-1.340724e+01	0.000000e+00	-5.325825e-02	-2.523408e-04	-1.263727e-01	4.090439e-04
-1.340008e+01	0.000000e+00	-5.341607e-02	-1.936733e-04	-1.214703e-01	7.741921e-04
-1.339287e+01	0.000000e+00	-5.410615e-02	-8.981005e-05	-1.181154e-01	1.358967e-03
-1.338561e+01	0.000000e+00	-5.657208e-02	6.879605e-05	-1.260171e-01	2.563243e-03
-1.337830e+01	0.000000e+00	-6.275951e-02	1.383249e-04	-1.928591e-01	7.085371e-03
-1.337095e+01	0.000000e+00	-6.808911e-02	-2.923495e-04	-6.406779e-01	4.087044e-02
-1.336353e+01	0.000000e+00	-6.666638e-02	-7.596561e-04	-2.223511e+00	-5.341121e-02
-1.335607e+01	0.000000e+00	-6.353709e-02	-9.224691e-04	-1.209286e+00	-1.037583e-01
-1.334856e+01	0.000000e+00	-6.103954e-02	-9.565428e-04	-6.851494e-01	-4.660741e-02
-1.334099e+01	0.000000e+00	-5.916357e-02	-9.532632e-04	-4.892840e-01	-2.723246e-02
-1.333338e+01	0.000000e+00	-5.766701e-02	-9.388916e-04	-3.924579e-01	-1.880556e-02
-1.332571e+01	0.000000e+00	-5.638814e-02	-9.205161e-04	-3.343917e-01	-1.425368e-02
-1.331798e+01	0.000000e+00	-5.523517e-02	-8.999215e-04	-2.947890e-01	-1.140438e-02
-1.331020e+01	0.000000e+00	-5.415816e-02	-8.775055e-04	-2.653226e-01	-9.432579e-03
-1.330237e+01	0.000000e+00	-5.313109e-02	-8.533382e-04	-2.420649e-01	-7.970372e-03
-1.329449e+01	0.000000e+00	-5.214125e-02	-8.274597e-04	-2.229511e-01	-6.832518e-03
-1.328655e+01	0.000000e+00	-5.118383e-02	-8.000110e-04	-2.068175e-01	-5.917611e-03
-1.327855e+01	0.000000e+00	-5.025907e-02	-7.712041e-04	-1.929656e-01	-5.165442e-03
-1.327050e+01	0.000000e+00	-4.937019e-02	-7.413215e-04	-1.809510e-01	-4.537847e-03
-1.326239e+01	0.000000e+00	-4.852135e-02	-7.106601e-04	-1.704637e-01	-4.008469e-03
-1.325423e+01	0.000000e+00	-4.771750e-02	-6.795409e-04	-1.612848e-01	-3.558673e-03
-1.324601e+01	0.000000e+00	-4.696347e-02	-6.482749e-04	-1.532474e-01	-3.174448e-03
-1.323774e+01	0.000000e+00	-4.626360e-02	-6.171493e-04	-1.462190e-01	-2.844877e-03
-1.322940e+01	0.000000e+00	-4.562141e-02	-5.864176e-04	-1.400901e-01	-2.561241e-03
-1.322101e+01	0.000000e+00	-4.503975e-02	-5.562868e-04	-1.347681e-01	-2.316319e-03
-1.321256e+01	0.000000e+00	-4.452041e-02	-5.269269e-04	-1.301727e-01	-2.104216e-03
-1.320405e+01	0.000000e+00	-4.406437e-02	-4.984710e-04	-1.262346e-01	-1.920037e-03
-1.319549e+01	0.000000e+00	-4.367172e-02	-4.710158e-04	-1.228913e-01	-1.759642e-03
-1.318686e+01	0.000000e+00	-4.334186e-02	-4.446133e-04	-1.200884e-01	-1.619522e-03
-1.317817e+01	0.000000e+00	-4.307352e-02	-4.192855e-04	-1.177777e-01	-1.496709e-03
-1.316943e+01	0.000000e+00	-4.286486e-02	-3.950430e-04	-1.159160e-01	-1.388727e-03
-1.316062e+01	0.000000e+00	-4.271374e-02	-3.718656e-04	-1.144656e-01	-1.293463e-03
-1.315175e+01	0.000000e+00	-4.261807e-02	-3.497374e-04	-1.133966e-01	-1.209214e-03
-1.314282e+01	0.000000e+00	-4.257513e-02	-3.286188e-04	-1.126789e-01	-1.134448e-03
-1.313383e+01	0.000000e+00	-4.258189e-02	-3.084448e-04	-1.122853e-01	-1.067809e-03
-1.312478e+01	0.000000e+00	-4.263548e-02	-2.891759e-04	-1.121940e-01	-1.008234e-03
-1.311566e+01	0.000000e+00	-4.273307e-02	-2.707689e-04	-1.123865e-01	-9.548143e-04
-1.310648e+01	0.000000e+00	-4.287186e-02	-2.531709e-04	-1.128449e-01	-9.067276e-04
-1.309724e+01	0.000000e+00	-4.304989e-02	-2.363360e-04	-1.135591e-01	-8.633452e-04
-1.308793e+01	0.000000e+00	-4.326411e-02	-2.202202e-04	-1.145162e-01	-8.241059e-04
-1.307856e+01	0.000000e+00	-4.351181e-02	-2.047809e-04	-1.157058e-01	-7.885412e-04
-1.306912e+01	0.000000e+00	-4.379080e-02	-1.899815e-04	-1.171208e-01	-7.562567e-04
-1.305962e+01	0.000000e+00	-4.409887e-02	-1.757821e-04	-1.187557e-01	-7.268932e-04
-1.305005e+01	0.000000e+00	-4.443416e-02	-1.621492e-04	-1.206073e-01	-7.001713e-04
-1.304041e+01	0.000000e+00	-4.479450e-02	-1.490551e-04	-1.226723e-01	-6.758549e-04
-1.303071e+01	0.000000e+00	-4.517778e-02	-1.364917e-04	-1.249488e-01	-6.538798e-04
-1.302094e+01	0.000000e+00	-4.558279e-02	-1.244244e-04	-1.274396e-01	-6.340167e-04
-1.301111e+01	0.000000e+00	-4.600806e-02	-1.128737e-04	-1.301492e-01	-6.164178e-04
-1.300120e+01	0.000000e+00	-4.645249e-02	-1.018069e-04	-1.330817e-01	-6.008929e-04
-1.299123e+01	0.000000e+00	-4.691461e-02	-9.122037e-05	-1.362410e-01	-5.874092e-04
-1.298119e+01	0.000000e+00	-4.739354e-02	-8.108624e-05	-1.396351e-01	-5.758932e-04
-1.297107e+01	0.000000e+00	-4.788958e-02	-7.144087e-05	-1.432858e-01	-5.666897e-04
-1.296089e+01	0.000000e+00	-4.840270e-02	-6.229006e-05	-1.472120e-01	-5.599856e-04
-1.295064e+01	0.000000e+00	-4.893079e-02	-5.358239e-05	-1.514104e-01	-5.555389e-04
-1.294032e+01	0.000000e+00	-4.947388e-02	-4.533597e-05	-1.558999e-01	-5.535911e-04
-1.292992e+01	0.000000e+00	-5.003160e-02	-3.758207e-05	-1.606970e-01	-5.544538e-04
-1.291945e+01	0.000000e+00	-5.060395e-02	-3.025677e-05	-1.658220e-01	-5.580636e-04
-1.290891e+01	0.000000e+00	-5.119140e-02	-2.335427e-05	-1.713001e-01	-5.645949e-04
-1.289830e+01	0.000000e+00	-5.179439e-02	-1.680102e-05	-1.771538e-01	-5.738414e-04
-1.288761e+01	0.000000e+00	-5.241364e-02	-1.052490e-05	-1.834092e-01	-5.855938e-04
-1.287685e+01	0.000000e+00	-5.304963e-02	-4.496413e-06	-1.900973e-01	-5.998819e-04
-1.286602e+01	0.000000e+00	-5.370269e-02	1.376162e-06	-1.972458e-01	-6.162503e-04
-1.285511e+01	0.000000e+00	-5.437297e-02	7.195498e-06	-2.048846e-01	-6.340854e-04
-1.284412e+01	0.000000e+00	-5.506063e-02	1.308010e-05	-2.130514e-01	-6.525738e-04
-1.283306e+01	0.000000e+00	-5.576462e-02	1.911275e-05	-2.217772e-01	-6.709990e-04
-1.282192e+01	0.000000e+00	-5.648371e-02	2.536386e-05	-2.311032e-01	-6.887058e-04
-1.281070e+01	0.000000e+00	-5.721677e-02	3.187183e-05	-2.410824e-01	-7.052312e-04
-1.279941e+01	0.000000e+00	-5.796190e-02	3.864386e-05	-2.517659e-01	-7.202551e-04
-1.278804e+01	0.000000e+00	-5.871787e-02	4.565991e-05	-2.632265e-01	-7.337843e-04
-1.277659e+01	0.000000e+00	-5.948667e-02	5.283125e-05	-2.756028e-01	-7.467062e-04
-1.276506e+01	0.000000e+00	-6.026504e-02	6.016693e-05	-2.889660e-01	-7.589235e-04
-1.275345e+01	0.000000e+00	-6.105210e-02	6.760664e-05	-3.034287e-01	-7.710321e-04
-1.274176e+01	0.000000e+00	-6.184827e-02	7.509271e-05	-3.191485e-01	-7.838852e-04
-1.272998e+01	0.000000e+00	-6.265490e-02	8.259526e-05	-3.363163e-01	-7.982529e-04
-1.271813e+01	0.000000e+00	-6.347166e-02	9.005412e-05	-3.551397e-01	-8.152218e-04
-1.270620e+01	0.000000e+00	-6.429885e-02	9.741146e-05	-3.758761e-01	-8.362096e-04
-1.269418e+01	0.000000e+00	-6.513727e-02	1.046201e-04	-3.988462e-01	-8.629446e-04
-1.268208e+01	0.000000e+00	-6.598736e-02	1.116446e-04	-4.244358e-01	-8.972934e-04
-1.266989e+01	0.000000e+00	-6.684988e-02	1.184504e-04	-4.531326e-01	-9.417367e-04
-1.265762e+01	0.000000e+00	-6.772524e-02	1.250060e-04	-4.855445e-01	-9.994639e-04
-1.264527e+01	0.000000e+00	-6.861289e-02	1.312911e-04	-5.224239e-01	-1.074388e-03
-1.263283e+01	0.000000e+00	-6.951291e-02	1.372782e-04	-5.647686e-01	-1.172369e-03
-1.262030e+01	0.000000e+00	-7.042550e-02	1.429552e-04	-6.138926e-01	-1.301326e-03
-1.260769e+01	0.000000e+00	-7.135054e-02	1.483209e-04	-6.715644e-01	-1.472648e-03
-1.259498e+01	0.000000e+00	-7.228793e-02	1.534036e-04	-7.401971e-01	-1.702040e-03
-1.258220e+01	0.000000e+00	-7.323777e-02	1.582247e-04	-8.232299e-01	-2.014600e-03
-1.256932e+01	0.000000e+00	-7.420026e-02	1.627922e-04	-9.256570e-01	-2.451567e-03
-1.255635e+01	0.000000e+00	-7.517497e-02	1.671397e-04	-1.055025e+00	-3.081346e-03
-1.254329e+01	0.000000e+00	-7.616301e-02	1.712783e-04	-1.223621e+00	-4.031764e-03
-1.253015e+01	0.000000e+00	-7.716425e-02	1.752706e-04	-1.452156e+00	-5.544748e-03
-1.251691e+01	0.000000e+00	-7.817851e-02	1.790704e-04	-1.779167e+00	-8.164751e-03
-1.250358e+01	0.000000e+00	-7.920742e-02	1.827254e-04	-2.286101e+00	-1.327690e-02
-1.249016e+01	0.000000e+00	-8.025147e-02	1.862964e-04	-3.176809e+00	-2.531993e-02
-1.247664e+01	0.000000e+00	-8.131221e-02	1.896420e-04	-5.154014e+00	-6.620728e-02
-1.246303e+01	0.000000e+00	-8.239054e-02	1.928012e-04	-1.329860e+01	-4.402996e-01
-1.244933e+01	0.000000e+00	-8.348627e-02	1.959127e-04	2.384932e+01	-1.418798e+00
-1.243553e+01	0.000000e+00	-8.459991e-02	1.990612e-04	6.380818e+00	-1.011829e-01
-1.242163e+01	0.000000e+00	-8.573087e-02	2.022873e-04	3.710437e+00	-3.418628e-02
-1.240764e+01	0.000000e+00	-8.687510e-02	2.055055e-04	2.632406e+00	-1.721124e-02
-1.239356e+01	0.000000e+00	-8.803765e-02	2.086766e-04	2.047909e+00	-1.043392e-02
-1.237937e+01	0.000000e+00	-8.921282e-02	2.117331e-04	1.682413e+00	-7.068778e-03
-1.236509e+01	0.000000e+00	-9.040720e-02	2.147833e-04	1.431349e+00	-5.138719e-03
-1.235070e+01	0.000000e+00	-9.162213e-02	2.177923e-04	1.248354e+00	-3.929607e-03
-1.233622e+01	0.000000e+00	-9.285667e-02	2.207315e-04	1.109219e+00	-3.122695e-03
-1.232164e+01	0.000000e+00	-9.411316e-02	2.236476e-04	9.997927e-01	-2.554632e-03
-1.230696e+01	0.000000e+00	-9.539275e-02	2.265521e-04	9.114580e-01	-2.138549e-03
-1.229217e+01	0.000000e+00	-9.669382e-02	2.294368e-04	8.387762e-01	-1.824732e-03
-1.227728e+01	0.000000e+00	-9.801656e-02	2.323227e-04	7.779628e-01	-1.581445e-03
-1.226229e+01	0.000000e+00	-9.936147e-02	2.351834e-04	7.263439e-01	-1.389219e-03
-1.224720e+01	0.000000e+00	-1.007285e-01	2.380439e-04	6.820094e-01	-1.234162e-03
-1.223200e+01	0.000000e+00	-1.021180e-01	2.409134e-04	6.435335e-01	-1.106969e-03
-1.221669e+01	0.000000e+00	-1.035290e-01	2.438102e-04	6.098684e-01	-1.001028e-03
-1.220128e+01	0.000000e+00	-1.049637e-01	2.468102e-04	5.801866e-01	-9.114075e-04
-1.218576e+01	0.000000e+00	-1.064223e-01	2.499140e-04	5.538219e-01	-8.346903e-04
-1.217014e+01	0.000000e+00	-1.079055e-01	2.531361e-04	5.302424e-01	-7.682221e-04
-1.215440e+01	0.000000e+00	-1.094108e-01	2.565028e-04	5.090758e-01	-7.101569e-04
-1.213856e+01	0.000000e+00	-1.109380e-01	2.600857e-04	4.899833e-01	-6.586793e-04
-1.212261e+01	0.000000e+00	-1.124897e-01	2.640247e-04	4.726721e-01	-6.122102e-04
-1.210654e+01	0.000000e+00	-1.140660e-01	2.683626e-04	4.569183e-01	-5.699966e-04
-1.209037e+01	0.000000e+00	-1.156677e-01	2.732829e-04	4.425256e-01	-5.308179e-04
-1.207408e+01	0.000000e+00	-1.172965e-01	2.790378e-04	4.293212e-01	-4.936888e-04
-1.205768e+01	0.000000e+00	-1.189613e-01	2.858441e-04	4.171268e-01	-4.579120e-04
-1.204117e+01	0.000000e+00	-1.206669e-01	2.939681e-04	4.058256e-01	-4.229000e-04
-1.202454e+01	0.000000e+00	-1.224233e-01	3.040058e-04	3.952968e-01	-3.874636e-04
-1.200780e+01	0.000000e+00	-1.242383e-01	3.161982e-04	3.854400e-01	-3.516906e-04
-1.199094e+01	0.000000e+00	-1.261319e-01	3.310851e-04	3.761203e-01	-3.150306e-04
-1.197396e+01	0.000000e+00	-1.281377e-01	3.494925e-04	3.671880e-01	-2.767671e-04
-1.195687e+01	0.000000e+00	-1.303006e-01	3.721800e-04	3.584882e-01	-2.367163e-04
-1.193965e+01	0.000000e+00	-1.326844e-01	4.003666e-04	3.498561e-01	-1.944111e-04
-1.192232e+01	0.000000e+00	-1.353979e-01	4.357408e-04	3.410469e-01	-1.495399e-04
-1.190487e+01	0.000000e+00	-1.386270e-01	4.810366e-04	3.317211e-01	-1.018016e-04
-1.188730e+01	0.000000e+00	-1.427217e-01	5.412476e-04	3.213301e-01	-5.078586e-05
-1.186960e+01	0.000000e+00	-1.483902e-01	6.259983e-04	3.089753e-01	3.215204e-06
-1.185179e+01	0.000000e+00	-1.573175e-01	7.584904e-04	2.930032e-01	5.881343e-05
-1.183385e+01	0.000000e+00	-1.746822e-01	1.012138e-03	2.699791e-01	1.102746e-04
-1.181578e+01	0.000000e+00	-2.273358e-01	1.795268e-03	2.315426e-01	1.320705e-04
-1.179759e+01	0.000000e+00	3.350004e+00	8.176859e-02	1.522736e-01	-2.419907e-05
-1.177927e+01	0.000000e+00	-5.048495e-02	-1.047024e-03	-5.831083e-01	-3.319019e-02
-1.176083e+01	0.000000e+00	-8.065155e-02	-1.937772e-04	1.274732e+00	-2.386993e-02
-1.174226e+01	0.000000e+00	-9.506066e-02	-8.199327e-07	6.304806e-01	-3.033038e-03
-1.172356e+01	0.000000e+00	-1.026809e-01	9.244823e-05	5.180935e-01	-1.453979e-03
-1.170473e+01	0.000000e+00	-1.075080e-01	1.428896e-04	4.699778e-01	-9.835602e-04
-1.168577e+01	0.000000e+00	-1.110085e-01	1.704459e-04	4.418198e-01	-7.793394e-04
-1.166668e+01	0.000000e+00	-1.138400e-01	1.848307e-04	4.221670e-01	-6.727221e-04
-1.164746e+01	0.000000e+00	-1.163277e-01	1.915922e-04	4.068680e-01	-6.092448e-04
-1.162810e+01	0.000000e+00	-1.186429e-01	1.940137e-04	3.941185e-01	-5.667674e-04
-1.160861e+01	0.000000e+00	-1.208849e-01	1.941671e-04	3.830225e-01	-5.348467e-04
-1.158898e+01	0.000000e+00	-1.231059e-01	1.933171e-04	3.731179e-01	-5.084796e-04
-1.156922e+01	0.000000e+00	-1.253344e-01	1.921851e-04	3.641464e-01	-4.852123e-04
-1.154932e+01	0.000000e+00	-1.275892e-01	1.911572e-04	3.559385e-01	-4.639041e-04
-1.152928e+01	0.000000e+00	-1.298767e-01	1.904130e-04	3.483943e-01	-4.440959e-04
-1.150911e+01	0.000000e+00	-1.322087e-01	1.899729e-04	3.414117e-01	-4.255144e-04
-1.148879e+01	0.000000e+00	-1.345928e-01	1.897343e-04	3.349174e-01	-4.081083e-04
-1.146833e+01	0.000000e+00	-1.370365e-01	1.895471e-04	3.288511e-01	-3.918964e-04
-1.144774e+01	0.000000e+00	-1.395466e-01	1.892090e-04	3.231648e-01	-3.769519e-04
-1.142699e+01	0.000000e+00	-1.421337e-01	1.886075e-04	3.178134e-01	-3.631747e-04
-1.140611e+01	0.000000e+00	-1.448083e-01	1.875915e-04	3.127580e-01	-3.505111e-04
-1.138508e+01	0.000000e+00	-1.475816e-01	1.859054e-04	3.079630e-01	-3.389637e-04
-1.136390e+01	0.000000e+00	-1.504731e-01	1.831447e-04	3.033909e-01	-3.285952e-04
-1.134258e+01	0.000000e+00	-1.534998e-01	1.787935e-04	2.990150e-01	-3.194810e-04
-1.132111e+01	0.000000e+00	-1.566833e-01	1.722710e-04	2.948033e-01	-3.116593e-04
-1.129949e+01	0.000000e+00	-1.600528e-01	1.624546e-04	2.907268e-01	-3.053685e-04
-1.127772e+01	0.000000e+00	-1.636314e-01	1.483542e-04	2.867730e-01	-3.006552e-04
-1.125580e+01	0.000000e+00	-1.674654e-01	1.280609e-04	2.829064e-01	-2.978061e-04
-1.123373e+01	0.000000e+00	-1.716174e-01	9.884521e-05	2.790853e-01	-2.971412e-04
-1.121151e+01	0.000000e+00	-1.761452e-01	5.629515e-05	2.752821e-01	-2.993057e-04
-1.118913e+01	0.000000e+00	-1.811031e-01	-6.606082e-06	2.714798e-01	-3.052721e-04
-1.116659e+01	0.000000e+00	-1.865584e-01	-1.011060e-04	2.676505e-01	-3.164485e-04
-1.114390e+01	0.000000e+00	-1.924824e-01	-2.449637e-04	2.638205e-01	-3.350172e-04
-1.112106e+01	0.000000e+00	-1.986395e-01	-4.638540e-04	2.600999e-01	-3.640419e-04
-1.109805e+01	0.000000e+00	-2.042335e-01	-7.862756e-04	2.567985e-01	-4.076083e-04
-1.107488e+01	0.000000e+00	-2.073509e-01	-1.211888e-03	2.546169e-01	-4.697572e-04
-1.105156e+01	0.000000e+00	-2.049692e-01	-1.633205e-03	2.547769e-01	-5.496074e-04
-1.102807e+01	0.000000e+00	-1.955466e-01	-1.818762e-03	2.585176e-01	-6.311628e-04
-1.100442e+01	0.000000e+00	-1.829213e-01	-1.662030e-03	2.653652e-01	-6.784696e-04
-1.098061e+01	0.000000e+00	-1.732855e-01	-1.332399e-03	2.723355e-01	-6.636037e-04
-1.095663e+01	0.000000e+00	-1.689078e-01	-1.012428e-03	2.767055e-01	-6.003415e-04
-1.093248e+01	0.000000e+00	-1.686332e-01	-7.609758e-04	2.781447e-01	-5.229559e-04
-1.090817e+01	0.000000e+00	-1.707885e-01	-5.740700e-04	2.776211e-01	-4.531172e-04
-1.088369e+01	0.000000e+00	-1.742602e-01	-4.352575e-04	2.760719e-01	-3.968605e-04
-1.085904e+01	0.000000e+00	-1.784608e-01	-3.304415e-04	2.740678e-01	-3.531982e-04
-1.083421e+01	0.000000e+00	-1.831210e-01	-2.493470e-04	2.718982e-01	-3.193624e-04
-1.080922e+01	0.000000e+00	-1.881497e-01	-1.849406e-04	2.696926e-01	-2.927768e-04
-1.078405e+01	0.000000e+00	-1.935776e-01	-1.327240e-04	2.674872e-01	-2.715369e-04
-1.075871e+01	0.000000e+00	-1.995219e-01	-8.959634e-05	2.652737e-01	-2.542305e-04
-1.073319e+01	0.000000e+00	-2.062374e-01	-5.383953e-05	2.629995e-01	-2.398746e-04
-1.070750e+01	0.000000e+00	-2.142012e-01	-2.527808e-05	2.605625e-01	-2.278005e-04
-1.068163e+01	0.000000e+00	-2.243755e-01	-8.072137e-06	2.577748e-01	-2.178439e-04
-1.065557e+01	0.000000e+00	-2.390669e-01	-2.126183e-05	2.542367e-01	-2.108444e-04
-1.062934e+01	0.000000e+00	-2.652557e-01	-1.728721e-04	2.489506e-01	-2.116264e-04
-1.060293e+01	0.000000e+00	-3.352416e-01	-1.574619e-03	2.388677e-01	-2.494397e-04
-1.057633e+01	0.000000e+00	-4.679689e-01	-2.364889e-02	2.238038e-01	-6.006439e-04
-1.054955e+01	0.000000e+00	-1.583661e-01	-1.842154e-03	2.791691e-01	-6.856873e-04
-1.052258e+01	0.000000e+00	-1.753700e-01	-7.380017e-04	2.747004e-01	-3.627442e-04
-1.049543e+01	0.000000e+00	-1.906140e-01	-4.467099e-04	2.693452e-01	-2.801296e-04
-1.046808e+01	0.000000e+00	-2.016619e-01	-3.166769e-04	2.659985e-01	-2.465851e-04
-1.044055e+01	0.000000e+00	-2.104535e-01	-2.441619e-04	2.636980e-01	-2.283501e-04
-1.041283e+01	0.000000e+00	-2.180115e-01	-1.984720e-04	2.619760e-01	-2.166294e-04
-1.038491e+01	0.000000e+00	-2.248592e-01	-1.673154e-04	2.606111e-01	-2.082573e-04
-1.035681e+01	0.000000e+00	-2.312968e-01	-1.447863e-04	2.594854e-01	-2.018165e-04
-1.032850e+01	0.000000e+00	-2.374971e-01	-1.276326e-04	2.585327e-01	-1.965873e-04
-1.030000e+01	0.000000e+00	-2.435657e-01	-1.142680e-04	2.577135e-01	-1.922116e-04
-1.027131e+01	0.000000e+00	-2.495830e-01	-1.037032e-04	2.570005e-01	-1.884682e-04
-1.024241e+01	0.000000e+00	-2.556076e-01	-9.537664e-05	2.563737e-01	-1.852169e-04
-1.021331e+01	0.000000e+00	-2.616806e-01	-8.838615e-05	2.558208e-01	-1.823228e-04
-1.018402e+01	0.000000e+00	-2.678505e-01	-8.228157e-05	2.553288e-01	-1.796900e-04
-1.015451e+01	0.000000e+00	-2.741362e-01	-7.678098e-05	2.548925e-01	-1.772804e-04
-1.012481e+01	0.000000e+00	-2.805714e-01	-7.183739e-05	2.545047e-01	-1.750635e-04
-1.009490e+01	0.000000e+00	-2.871774e-01	-6.810541e-05	2.541597e-01	-1.730567e-04
-1.006478e+01	0.000000e+00	-2.939715e-01	-6.425743e-05	2.538556e-01	-1.711434e-04
-1.003445e+01	0.000000e+00	-3.009794e-01	-6.077601e-05	2.535877e-01	-1.693602e-04
-1.000391e+01	0.000000e+00	-3.082292e-01	-5.746393e-05	2.533528e-01	-1.676693e-04
-9.973164e+00	0.000000e+00	-3.157455e-01	-5.406321e-05	2.531482e-01	-1.660440e-04
-9.942201e+00	0.000000e+00	-3.235311e-01	-5.089099e-05	2.529740e-01	-1.645055e-04
-9.911024e+00	0.000000e+00	-3.316011e-01	-4.805544e-05	2.528289e-01	-1.630551e-04
-9.879631e+00	0.000000e+00	-3.399698e-01	-4.543494e-05	2.527124e-01	-1.616845e-04
-9.848020e+00	0.000000e+00	-3.486675e-01	-4.315715e-05	2.526216e-01	-1.603902e-04
-9.816190e+00	0.000000e+00	-3.577278e-01	-4.104706e-05	2.525543e-01	-1.591532e-04
-9.784139e+00	0.000000e+00	-3.671640e-01	-3.922698e-05	2.525106e-01	-1.579811e-04
-9.751866e+00	0.000000e+00	-3.770026e-01	-3.770936e-05	2.524897e-01	-1.568704e-04
-9.719370e+00	0.000000e+00	-3.872436e-01	-3.576965e-05	2.524930e-01	-1.557863e-04
-9.686648e+00	0.000000e+00	-3.979240e-01	-3.382974e-05	2.525183e-01	-1.547526e-04
-9.653699e+00	0.000000e+00	-4.090860e-01	-3.200925e-05	2.525641e-01	-1.537627e-04
-9.620522e+00	0.000000e+00	-4.207625e-01	-3.001328e-05	2.526293e-01	-1.527976e-04
-9.587115e+00	0.000000e+00	-4.329905e-01	-2.812224e-05	2.527140e-01	-1.518709e-04
-9.553476e+00	0.000000e+00	-4.457902e-01	-2.618279e-05	2.528192e-01	-1.509849e-04
-9.519605e+00	0.000000e+00	-4.592385e-01	-2.468678e-05	2.529417e-01	-1.501446e-04
-9.485498e+00	0.000000e+00	-4.733875e-01	-2.357848e-05	2.530810e-01	-1.493477e-04
-9.451155e+00	0.000000e+00	-4.882942e-01	-2.241026e-05	2.532368e-01	-1.485741e-04
-9.416574e+00	0.000000e+00	-5.039981e-01	-2.170604e-05	2.534094e-01	-1.478422e-04
-9.381753e+00	0.000000e+00	-5.205691e-01	-2.120290e-05	2.535982e-01	-1.471427e-04
-9.346691e+00	0.000000e+00	-5.380574e-01	-2.028229e-05	2.538043e-01	-1.464613e-04
-9.311386e+00	0.000000e+00	-5.565850e-01	-1.945894e-05	2.540249e-01	-1.458043e-04
-9.275836e+00	0.000000e+00	-5.762381e-01	-1.813759e-05	2.542602e-01	-1.451565e-04
-9.240040e+00	0.000000e+00	-5.971085e-01	-1.620550e-05	2.545101e-01	-1.445185e-04
-9.203996e+00	0.000000e+00	-6.193344e-01	-1.463355e-05	2.547732e-01	-1.439099e-04
-9.167701e+00	0.000000e+00	-6.430453e-01	-1.343663e-05	2.550495e-01	-1.433280e-04
-9.131156e+00	0.000000e+00	-6.683990e-01	-1.282603e-05	2.553384e-01	-1.427763e-04
-9.094356e+00	0.000000e+00	-6.955759e-01	-1.215545e-05	2.556394e-01	-1.422399e-04
-9.057302e+00	0.000000e+00	-7.247568e-01	-1.195883e-05	2.559526e-01	-1.417274e-04
-9.019991e+00	0.000000e+00	-7.561508e-01	-1.199134e-05	2.562785e-01	-1.412380e-04
-8.982421e+00	0.000000e+00	-7.900381e-01	-1.155248e-05	2.566161e-01	-1.407577e-04
-8.944591e+00	0.000000e+00	-8.267661e-01	-1.061150e-05	2.569644e-01	-1.402843e-04
-8.906499e+00	0.000000e+00	-8.666823e-01	-8.223005e-06	2.573235e-01	-1.398101e-04
-8.868143e+00	0.000000e+00	-9.101628e-01	-6.117762e-06	2.576932e-01	-1.393562e-04
-8.829520e+00	0.000000e+00	-9.577879e-01	-5.402593e-06	2.580726e-01	-1.389266e-04
-8.790630e+00	0.000000e+00	-1.010230e+00	-4.846704e-06	2.584607e-01	-1.385095e-04
-8.751471e+00	0.000000e+00	-1.068054e+00	-4.727995e-06	2.588586e-01	-1.381092e-04
-8.712040e+00	0.000000e+00	-1.132140e+00	-4.787439e-06	2.592663e-01	-1.377232e-04
-8.672335e+00	0.000000e+00	-1.203663e+00	-5.178040e-06	2.596832e-01	-1.373502e-04
-8.632356e+00	0.000000e+00	-1.284036e+00	-4.488639e-06	2.601088e-01	-1.369819e-04
-8.592099e+00	0.000000e+00	-1.375058e+00	-1.460609e-06	2.605424e-01	-1.366109e-04
-8.551563e+00	0.000000e+00	-1.478956e+00	1.574560e-06	2.609838e-01	-1.362538e-04
-8.510747e+00	0.000000e+00	-1.598787e+00	1.769501e-06	2.614322e-01	-1.359145e-04
-8.469647e+00	0.000000e+00	-1.738484e+00	1.986865e-06	2.618872e-01	-1.355799e-04
-8.428263e+00	0.000000e+00	-1.903313e+00	2.088463e-06	2.623492e-01	-1.352548e-04
-8.386591e+00	0.000000e+00	-2.100739e+00	5.068990e-07	2.628178e-01	-1.349404e-04
-8.344631e+00	0.000000e+00	-2.341435e+00	-5.135662e-07	2.632931e-01	-1.346318e-04
-8.302380e+00	0.000000e+00	-2.641339e+00	3.213349e-06	2.637746e-01	-1.343232e-04
-8.259836e+00	0.000000e+00	-3.025405e+00	8.256297e-06	2.642621e-01	-1.340203e-04
-8.216997e+00	0.000000e+00	-3.534901e+00	8.882839e-06	2.647549e-01	-1.337285e-04
-8.173861e+00	0.000000e+00	-4.242512e+00	6.631316e-06	2.652533e-01	-1.334435e-04
-8.130427e+00	0.000000e+00	-5.293991e+00	8.266061e-06	2.657563e-01	-1.331578e-04
-8.086691e+00	0.000000e+00	-7.018371e+00	3.869433e-06	2.662642e-01	-1.328806e-04
-8.042652e+00	0.000000e+00	-1.036580e+01	-3.231380e-05	2.667766e-01	-1.326094e-04
-7.998307e+00	0.000000e+00	-1.963109e+01	-3.293297e-05	2.672942e-01	-1.323381e-04
-7.953656e+00	0.000000e+00	-1.708649e+02	-6.108585e-04	2.678162e-01	-1.320722e-04
-7.908694e+00	0.000000e+00	2.573248e+01	-9.103963e-05	2.683419e-01	-1.318111e-04
-7.863422e+00	0.000000e+00	1.201848e+01	-9.339756e-05	2.688711e-01	-1.315562e-04
-7.817835e+00	0.000000e+00	7.861464e+00	-3.687866e-05	2.694032e-01	-1.312957e-04
-7.771932e+00	0.000000e+00	5.853039e+00	-2.641641e-05	2.699382e-01	-1.310417e-04
-7.725711e+00	0.000000e+00	4.669846e+00	-2.419773e-05	2.704761e-01	-1.307913e-04
-7.679170e+00	0.000000e+00	3.890774e+00	-1.333189e-05	2.710173e-01	-1.305378e-04
-7.632306e+00	0.000000e+00	3.338503e+00	-1.056744e-05	2.715610e-01	-1.302889e-04
-7.585118e+00	0.000000e+00	2.926554e+00	-1.166788e-05	2.721071e-01	-1.300445e-04
-7.537602e+00	0.000000e+00	2.607296e+00	-1.018740e-05	2.726547e-01	-1.297966e-04
-7.489757e+00	0.000000e+00	2.352487e+00	-6.547381e-06	2.732035e-01	-1.295436e-04
-7.441580e+00	0.000000e+00	2.144655e+00	-6.333905e-06	2.737539e-01	-1.292981e-04
-7.393069e+00	0.000000e+00	1.972032e+00	-4.890790e-06	2.743064e-01	-1.290500e-04
-7.344222e+00	0.000000e+00	1.826250e+00	-4.542389e-06	2.748600e-01	-1.288046e-04
-7.295037e+00	0.000000e+00	1.701513e+00	-4.694974e-06	2.754146e-01	-1.285597e-04
-7.245510e+00	0.000000e+00	1.593842e+00	-3.898811e-06	2.759709e-01	-1.283114e-04
-7.195640e+00	0.000000e+00	1.499975e+00	-2.527288e-06	2.765292e-01	-1.280626e-04
-7.145425e+00	0.000000e+00	1.417377e+00	-1.994288e-06	2.770891e-01	-1.278197e-04
-7.094861e+00	0.000000e+00	1.344017e+00	-1.559464e-06	2.776495e-01	-1.275758e-04
-7.043947e+00	0.000000e+00	1.278347e+00	-1.400567e-06	2.782096e-01	-1.273308e-04
-6.992680e+00	0.000000e+00	1.219220e+00	-1.286172e-06	2.787693e-01	-1.270826e-04
-6.941058e+00	0.000000e+00	1.165744e+00	-7.808156e-07	2.793287e-01	-1.268284e-04
-6.889078e+00	0.000000e+00	1.117140e+00	-3.863060e-07	2.798876e-01	-1.265738e-04
-6.836737e+00	0.000000e+00	1.072786e+00	-4.784291e-07	2.804459e-01	-1.263221e-04
-6.784034e+00	0.000000e+00	1.032115e+00	-6.020924e-07	2.810030e-01	-1.260685e-04
-6.730965e+00	0.000000e+00	9.946932e-01	-5.496259e-07	2.815588e-01	-1.258081e-04
-6.677529e+00	0.000000e+00	9.601720e-01	-3.103490e-07	2.821136e-01	-1.255420e-04
-6.623722e+00	0.000000e+00	9.282544e-01	-1.405088e-07	2.826675e-01	-1.252748e-04
-6.569542e+00	0.000000e+00	8.986205e-01	-2.638576e-07	2.832197e-01	-1.250097e-04
-6.514987e+00	0.000000e+00	8.711379e-01	-3.339447e-07	2.837719e-01	-1.247450e-04
-6.460053e+00	0.000000e+00	8.455578e-01	-2.141076e-07	2.843236e-01	-1.244749e-04
-6.404739e+00	0.000000e+00	8.216286e-01	-4.079612e-08	2.848734e-01	-1.241992e-04
-6.349041e+00	0.000000e+00	7.992009e-01	4.795838e-08	2.854210e-01	-1.239210e-04
-6.292957e+00	0.000000e+00	7.781436e-01	3.909071e-08	2.859666e-01	-1.236422e-04
-6.236485e+00	0.000000e+00	7.583235e-01	-1.165373e-09	2.865097e-01	-1.233608e-04
-6.179621e+00	0.000000e+00	7.396471e-01	1.104038e-07	2.870504e-01	-1.230704e-04
-6.122362e+00	0.000000e+00	7.220099e-01	1.996247e-07	2.875883e-01	-1.227749e-04
-6.064707e+00	0.000000e+00	7.053186e-01	1.740705e-07	2.881229e-01	-1.224771e-04
-6.006652e+00	0.000000e+00	6.895133e-01	9.783138e-08	2.886546e-01	-1.221779e-04
-5.948195e+00	0.000000e+00	6.745227e-01	4.451167e-08	2.891830e-01	-1.218728e-04
-5.889333e+00	0.000000e+00	6.603099e-01	7.210990e-08	2.897090e-01	-1.215606e-04
-5.830062e+00	0.000000e+00	6.468293e-01	5.251587e-08	2.902329e-01	-1.212471e-04
-5.770381e+00	0.000000e+00	6.340054e-01	-2.820434e-08	2.907538e-01	-1.209327e-04
-5.710286e+00	0.000000e+00	6.217696e-01	-6.327802e-08	2.912705e-01	-1.206104e-04
-5.649775e+00	0.000000e+00	6.101171e-01	-9.245998e-08	2.917845e-01	-1.202839e-04
-5.588844e+00	0.000000e+00	5.990159e-01	-1.198146e-07	2.922962e-01	-1.199539e-04
-5.527491e+00	0.000000e+00	5.883967e-01	-2.045309e-07	2.928036e-01	-1.196210e-04
-5.465712e+00	0.000000e+00	5.782226e-01	-2.596367e-07	2.933062e-01	-1.192801e-04
-5.403505e+00	0.000000e+00	5.684725e-01	-3.244405e-07	2.938043e-01	-1.189332e-04
-5.340867e+00	0.000000e+00	5.591251e-01	-4.306965e-07	2.942979e-01	-1.185819e-04
-5.277795e+00	0.000000e+00	5.501554e-01	-5.381173e-07	2.947869e-01	-1.182248e-04
-5.214286e+00	0.000000e+00	5.415729e-01	-6.110342e-07	2.952734e-01	-1.178640e-04
-5.150336e+00	0.000000e+00	5.333328e-01	-7.039872e-07	2.957558e-01	-1.174993e-04
-5.085943e+00	0.000000e+00	5.254201e-01	-7.887096e-07	2.962343e-01	-1.171288e-04
-5.021104e+00	0.000000e+00	5.178231e-01	-8.601383e-07	2.967095e-01	-1.167540e-04
-4.955815e+00	0.000000e+00	5.105185e-01	-9.608280e-07	2.971808e-01	-1.163772e-04
-4.890074e+00	0.000000e+00	5.034800e-01	-1.064228e-06	2.976471e-01	-1.159940e-04
-4.823877e+00	0.000000e+00	4.966892e-01	-1.180948e-06	2.981079e-01	-1.156048e-04
-4.757221e+00	0.000000e+00	4.901350e-01	-1.323460e-06	2.985631e-01	-1.152112e-04
-4.690104e+00	0.000000e+00	4.838110e-01	-1.463116e-06	2.990133e-01	-1.148114e-04
-4.622521e+00	0.000000e+00	4.777113e-01	-1.582121e-06	2.994589e-01	-1.144043e-04
-4.554469e+00	0.000000e+00	4.718274e-01	-1.729603e-06	2.999002e-01	-1.139958e-04
-4.485946e+00	0.000000e+00	4.661633e-01	-1.856671e-06	3.003390e-01	-1.135839e-04
-4.416948e+00	0.000000e+00	4.606785e-01	-1.987393e-06	3.007715e-01	-1.131643e-04
-4.347471e+00	0.000000e+00	4.553699e-01	-2.134683e-06	3.011982e-01	-1.127398e-04
-4.277513e+00	0.000000e+00	4.502269e-01	-2.290314e-06	3.016186e-01	-1.123090e-04
-4.207070e+00	0.000000e+00	4.452453e-01	-2.442563e-06	3.020331e-01	-1.118709e-04
-4.136139e+00	0.000000e+00	4.404276e-01	-2.604398e-06	3.024431e-01	-1.114295e-04
-4.064716e+00	0.000000e+00	4.357682e-01	-2.764046e-06	3.028487e-01	-1.109840e-04
-3.992798e+00	0.000000e+00	4.312472e-01	-2.930151e-06	3.032479e-01	-1.105317e-04
-3.920381e+00	0.000000e+00	4.268634e-01	-3.116385e-06	3.036414e-01	-1.100765e-04
-3.847463e+00	0.000000e+00	4.226186e-01	-3.286621e-06	3.040304e-01	-1.096147e-04
-3.774039e+00	0.000000e+00	4.185096e-01	-3.465307e-06	3.044154e-01	-1.091511e-04
-3.700106e+00	0.000000e+00	4.145209e-01	-3.649627e-06	3.047944e-01	-1.086825e-04
-3.625660e+00	0.000000e+00	4.106608e-01	-3.818578e-06	3.051702e-01	-1.082091e-04
-3.550699e+00	0.000000e+00	4.069090e-01	-3.993734e-06	3.055396e-01	-1.077297e-04
-3.475218e+00	0.000000e+00	4.032599e-01	-4.177372e-06	3.059022e-01	-1.072446e-04
-3.399214e+00	0.000000e+00	3.997091e-01	-4.368970e-06	3.062578e-01	-1.067530e-04
-3.322683e+00	0.000000e+00	3.962614e-01	-4.553582e-06	3.066082e-01	-1.062555e-04
-3.245621e+00	0.000000e+00	3.929106e-01	-4.747868e-06	3.069528e-01	-1.057546e-04
-3.168025e+00	0.000000e+00	3.896505e-01	-4.929091e-06	3.072911e-01	-1.052436e-04
-3.089892e+00	0.000000e+00	3.864830e-01	-5.123740e-06	3.076241e-01	-1.047317e-04
-3.011217e+00	0.000000e+00	3.834022e-01	-5.313041e-06	3.079514e-01	-1.042125e-04
-2.931996e+00	0.000000e+00	3.804131e-01	-5.499355e-06	3.082751e-01	-1.036905e-04
-2.852226e+00	0.000000e+00	3.775010e-01	-5.698200e-06	3.085920e-01	-1.031647e-04
-2.771904e+00	0.000000e+00	3.746678e-01	-5.885927e-06	3.089033e-01	-1.026305e-04
-2.691024e+00	0.000000e+00	3.719151e-01	-6.072109e-06	3.092104e-01	-1.020930e-04
-2.609584e+00	0.000000e+00	3.692291e-01	-6.260221e-06	3.095098e-01	-1.015475e-04
-2.527580e+00	0.000000e+00	3.666211e-01	-6.443418e-06	3.098060e-01	-1.009987e-04
-2.445007e+00	0.000000e+00	3.640804e-01	-6.627720e-06	3.100961e-01	-1.004447e-04
-2.361862e+00	0.000000e+00	3.616106e-01	-6.803779e-06	3.103824e-01	-9.988518e-05
-2.278140e+00	0.000000e+00	3.591960e-01	-6.985649e-06	3.106599e-01	-9.931739e-05
-2.193838e+00	0.000000e+00	3.568362e-01	-7.169712e-06	3.109287e-01	-9.874068e-05
-2.108952e+00	0.000000e+00	3.545395e-01	-7.346902e-06	3.111928e-01	-9.815772e-05
-2.023477e+00	0.000000e+00	3.523060e-01	-7.513999e-06	3.114531e-01	-9.756875e-05
-1.937410e+00	0.000000e+00	3.501228e-01	-7.681585e-06	3.117050e-01	-9.697035e-05
-1.850746e+00	0.000000e+00	3.480029e-01	-7.837209e-06	3.119547e-01	-9.636718e-05
-1.763481e+00	0.000000e+00	3.459402e-01	-7.984527e-06	3.122005e-01	-9.575795e-05
-1.675612e+00	0.000000e+00	3.439268e-01	-8.127155e-06	3.124397e-01	-9.513962e-05
-1.587133e+00	0.000000e+00	3.419630e-01	-8.260141e-06	3.126730e-01	-9.451132e-05
-1.498042e+00	0.000000e+00	3.400538e-01	-8.374236e-06	3.129038e-01	-9.387359e-05
-1.408332e+00	0.000000e+00	3.381880e-01	-8.480002e-06	3.131269e-01	-9.322355e-05
-1.318001e+00	0.000000e+00	3.363633e-01	-8.576378e-06	3.133416e-01	-9.255970e-05
-1.227044e+00	0.000000e+00	3.345849e-01	-8.654959e-06	3.135514e-01	-9.188286e-05
-1.135456e+00	0.000000e+00	3.328506e-01	-8.715344e-06	3.137558e-01	-9.119175e-05
-1.043233e+00	0.000000e+00	3.311618e-01	-8.746763e-06	3.139563e-01	-9.048304e-05
-9.503712e-01	0.000000e+00	3.295161e-01	-8.748982e-06	3.141524e-01	-8.975542e-05
-8.568655e-01	0.000000e+00	3.279077e-01	-8.720068e-06	3.143410e-01	-8.900354e-05
-7.627117e-01	0.000000e+00	3.263385e-01	-8.649198e-06	3.145236e-01	-8.822307e-05
-6.679053e-01	0.000000e+00	3.248057e-01	-8.528574e-06	3.146988e-01	-8.740856e-05
-5.724417e-01	0.000000e+00	3.233124e-01	-8.340434e-06	3.148696e-01	-8.655424e-05
-4.763164e-01	0.000000e+00	3.218623e-01	-8.049115e-06	3.150398e-01	-8.564236e-05
-3.795248e-01	0.000000e+00	3.204470e-01	-7.642980e-06	3.152035e-01	-8.466400e-05
-2.820622e-01	0.000000e+00	3.190654e-01	-7.043434e-06	3.153597e-01	-8.357026e-05
-1.839241e-01	0.000000e+00	3.177194e-01	-6.136713e-06	3.155102e-01	-8.230851e-05
-8.510567e-02	0.000000e+00	3.164150e-01	-4.551313e-06	3.156603e-01	-8.068912e-05
1.439771e-02	0.000000e+00	3.151637e-01	1.000949e-06	3.158194e-01	-7.741110e-05
1.145908e-01	0.000000e+00	3.139319e-01	1.497516e-05	3.159570e-01	-7.724481e-05
2.154784e-01	0.000000e+00	3.127260e-01	3.810483e-05	3.160887e-01	-7.702206e-05
3.170653e-01	0.000000e+00	3.115457e-01	6.687345e-05	3.162155e-01	-7.676365e-05
4.193564e-01	0.000000e+00	3.103907e-01	9.971783e-05	3.163379e-01	-7.647895e-05
5.223566e-01	0.000000e+00	3.092603e-01	1.356566e-04	3.164558e-01	-7.617355e-05
6.260707e-01	0.000000e+00	3.081537e-01	1.739981e-04	3.165690e-01	-7.585133e-05
7.305037e-01	0.000000e+00	3.070704e-01	2.142132e-04	3.166774e-01	-7.551514e-05
8.356606e-01	0.000000e+00	3.060095e-01	2.558842e-04	3.167805e-01	-7.516745e-05
9.415464e-01	0.000000e+00	3.049712e-01	2.986833e-04	3.168795e-01	-7.481131e-05
1.048166e+00	0.000000e+00	3.039552e-01	3.423252e-04	3.169745e-01	-7.444805e-05
1.155525e+00	0.000000e+00	3.029605e-01	3.865697e-04	3.170649e-01	-7.407897e-05
1.263628e+00	0.000000e+00	3.019865e-01	4.312149e-04	3.171501e-01	-7.370530e-05
1.372480e+00	0.000000e+00	3.010332e-01	4.760891e-04	3.172310e-01	-7.332856e-05
1.482087e+00	0.000000e+00	3.001001e-01	5.210529e-04	3.173076e-01	-7.294923e-05
1.592454e+00	0.000000e+00	2.991872e-01	5.659758e-04	3.173807e-01	-7.256898e-05
1.703586e+00	0.000000e+00	2.982934e-01	6.107460e-04	3.174488e-01	-7.218802e-05
1.815488e+00	0.000000e+00	2.974187e-01	6.552580e-04	3.175124e-01	-7.180744e-05
1.928165e+00	0.000000e+00	2.965629e-01	6.994379e-04	3.175729e-01	-7.142789e-05
2.041624e+00	0.000000e+00	2.957254e-01	7.432018e-04	3.176294e-01	-7.105014e-05
2.155869e+00	0.000000e+00	2.949057e-01	7.864841e-04	3.176812e-01	-7.067483e-05
2.270906e+00	0.000000e+00	2.941034e-01	8.292150e-04	3.177282e-01	-7.030172e-05
2.386741e+00	0.000000e+00	2.933184e-01	8.713561e-04	3.177715e-01	-6.993099e-05
2.503378e+00	0.000000e+00	2.925504e-01	9.128706e-04	3.178110e-01	-6.956328e-05
2.620824e+00	0.000000e+00	2.917991e-01	9.537167e-04	3.178466e-01	-6.919973e-05
2.739084e+00	0.000000e+00	2.910642e-01	9.938578e-04	3.178784e-01	-6.884106e-05
2.858164e+00	0.000000e+00	2.903455e-01	1.033273e-03	3.179071e-01	-6.848765e-05
2.978069e+00	0.000000e+00	2.896425e-01	1.071931e-03	3.179323e-01	-6.813867e-05
3.098805e+00	0.000000e+00	2.889549e-01	1.109818e-03	3.179538e-01	-6.779428e-05
3.220378e+00	0.000000e+00	2.882823e-01	1.146909e-03	3.179713e-01	-6.745516e-05
3.342794e+00	0.000000e+00	2.876245e-01	1.183183e-03	3.179845e-01	-6.712085e-05
3.466059e+00	0.000000e+00	2.869813e-01	1.218634e-03	3.179941e-01	-6.679165e-05
3.590177e+00	0.000000e+00	2.863526e-01	1.253280e-03	3.180010e-01	-6.646847e-05
3.715157e+00	0.000000e+00	2.857379e-01	1.287079e-03	3.180040e-01	-6.615123e-05
3.841002e+00	0.000000e+00	2.851370e-01	1.320044e-03	3.180043e-01	-6.584100e-05
3.967720e+00	0.000000e+00	2.845497e-01	1.352162e-03	3.180015e-01	-6.553715e-05
4.095316e+00	0.000000e+00	2.839757e-01	1.383442e-03	3.179959e-01	-6.523926e-05
4.223797e+00	0.000000e+00	2.834147e-01	1.413858e-03	3.179862e-01	-6.494683e-05
4.353168e+00	0.000000e+00	2.828665e-01	1.443427e-03	3.179732e-01	-6.466062e-05
4.483436e+00	0.000000e+00	2.823310e-01	1.472163e-03	3.179574e-01	-6.438079e-05
4.614607e+00	0.000000e+00	2.818078e-01	1.500055e-03	3.179387e-01	-6.410754e-05
4.746687e+00	0.000000e+00	2.812967e-01	1.527105e-03	3.179166e-01	-6.384028e-05
4.879683e+00	0.000000e+00	2.807975e-01	1.553326e-03	3.178919e-01	-6.358025e-05
5.013601e+00	0.000000e+00	2.803100e-01	1.578721e-03	3.178643e-01	-6.332660e-05
5.148447e+00	0.000000e+00	2.798340e-01	1.603303e-03	3.178337e-01	-6.307915e-05
5.284227e+00	0.000000e+00	2.793693e-01	1.627075e-03	3.178003e-01	-6.283770e-05
5.420949e+00	0.000000e+00	2.789157e-01	1.650039e-03	3.177642e-01	-6.260300e-05
5.558619e+00	0.000000e+00	2.784730e-01	1.672225e-03	3.177258e-01	-6.237498e-05
5.697242e+00	0.000000e+00	2.780409e-01	1.693627e-03	3.176850e-01	-6.215355e-05
5.836827e+00	0.000000e+00	2.776193e-01	1.714244e-03	3.176412e-01	-6.193829e-05
5.977379e+00	0.000000e+00	2.772080e-01	1.734087e-03	3.175948e-01	-6.172922e-05
6.118906e+00	0.000000e+00	2.768069e-01	1.753168e-03	3.175456e-01	-6.152586e-05
6.261413e+00	0.000000e+00	2.764157e-01	1.771505e-03	3.174942e-01	-6.132901e-05
6.404909e+00	0.000000e+00	2.760343e-01	1.789103e-03	3.174404e-01	-6.113824e-05
6.549399e+00	0.000000e+00	2.756624e-01	1.805990e-03	3.173847e-01	-6.095363e-05
6.694890e+00	0.000000e+00	2.752998e-01	1.822166e-03	3.173271e-01	-6.077537e-05
6.841390e+00	0.000000e+00	2.749464e-01	1.837634e-03	3.172671e-01	-6.060281e-05
6.988906e+00	0.000000e+00	2.746023e-01	1.852392e-03	3.172045e-01	-6.043507e-05
7.137444e+00	0.000000e+00	2.742670e-01	1.866475e-03	3.171401e-01	-6.027368e-05
7.287012e+00	0.000000e+00	2.739404e-01	1.879875e-03	3.170734e-01	-6.011777e-05
7.437616e+00	0.000000e+00	2.736224e-01	1.892601e-03	3.170041e-01	-5.996716e-05
7.589265e+00	0.000000e+00	2.733129e-01	1.904694e-03	3.169329e-01	-5.982174e-05
7.741964e+00	0.000000e+00	2.730117e-01	1.916148e-03	3.168598e-01	-5.968181e-05
7.895722e+00	0.000000e+00	2.727187e-01	1.926969e-03	3.167846e-01	-5.954717e-05
8.050546e+00	0.000000e+00	2.724336e-01	1.937190e-03	3.167078e-01	-5.941773e-05
8.206443e+00	0.000000e+00	2.721563e-01	1.946809e-03	3.166292e-01	-5.929360e-05
8.363421e+00	0.000000e+00	2.718865e-01	1.955851e-03	3.165495e-01	-5.917592e-05
8.521486e+00	0.000000e+00	2.716242e-01	1.964313e-03	3.164681e-01	-5.906350e-05
8.680648e+00	0.000000e+00	2.713693e-01	1.972200e-03	3.163850e-01	-5.895521e-05
8.840913e+00	0.000000e+00	2.711218e-01	1.979522e-03	3.163001e-01	-5.885117e-05
9.002288e+00	0.000000e+00	2.708814e-01	1.986286e-03	3.162132e-01	-5.875175e-05
9.164782e+00	0.000000e+00	2.706481e-01	1.992508e-03	3.161248e-01	-5.865693e-05
9.328403e+00	0.000000e+00	2.704217e-01	1.998205e-03	3.160347e-01	-5.856675e-05
9.493158e+00	0.000000e+00	2.702021e-01	2.003380e-03	3.159431e-01	-5.848086e-05
9.659054e+00	0.000000e+00	2.699891e-01	2.008045e-03	3.158498e-01	-5.839888e-05
9.826101e+00	0.000000e+00	2.697826e-01	2.012215e-03	3.157555e-01	-5.832106e-05
9.994306e+00	0.000000e+00	2.695825e-01	2.015899e-03	3.156596e-01	-5.824699e-05
1.016368e+01	0.000000e+00	2.693886e-01	2.019110e-03	3.155623e-01	-5.817702e-05
1.033422e+01	0.000000e+00	2.692009e-01	2.021859e-03	3.154637e-01	-5.811119e-05
1.050595e+01	0.000000e+00	2.690192e-01	2.024161e-03	3.153641e-01	-5.804977e-05
1.067886e+01	0.000000e+00	2.688434e-01	2.026030e-03	3.152634e-01	-5.799250e-05
1.085298e+01	0.000000e+00	2.686734e-01	2.027462e-03	3.151614e-01	-5.793850e-05
1.102830e+01	0.000000e+00	2.685091e-01	2.028477e-03	3.150582e-01	-5.788775e-05
1.120484e+01	0.000000e+00	2.683503e-01	2.029083e-03	3.149541e-01	-5.784062e-05
1.138260e+01	0.000000e+00	2.681968e-01	2.029292e-03	3.148493e-01	-5.779776e-05
1.156160e+01	0.000000e+00	2.680488e-01	2.029093e-03	3.147432e-01	-5.775777e-05
1.174183e+01	0.000000e+00	2.679062e-01	2.028511e-03	3.146361e-01	-5.772028e-05
1.192331e+01	0.000000e+00	2.677687e-01	2.027551e-03	3.145279e-01	-5.768603e-05
1.210606e+01	0.000000e+00	2.676363e-01	2.026221e-03	3.144186e-01	-5.765478e-05
1.229006e+01	0.000000e+00	2.675089e-01	2.024530e-03	3.143084e-01	-5.762653e-05
1.247535e+01	0.000000e+00	2.673864e-01	2.022489e-03	3.141973e-01	-5.760127e-05
1.266192e+01	0.000000e+00	2.672687e-01	2.020105e-03	3.140851e-01	-5.757878e-05
1.284978e+01	0.000000e+00	2.671557e-01	2.017385e-03	3.139722e-01	-5.755929e-05
1.303894e+01	0.000000e+00	2.670474e-01	2.014338e-03	3.138584e-01	-5.754241e-05
1.322942e+01	0.000000e+00	2.669435e-01	2.010973e-03	3.137438e-01	-5.752832e-05
1.342121e+01	0.000000e+00	2.668440e-01	2.007306e-03	3.136286e-01	-5.751645e-05
1.361434e+01	0.000000e+00	2.667488e-01	2.003339e-03	3.135128e-01	-5.750710e-05
1.380880e+01	0.000000e+00	2.666580e-01	1.999070e-03	3.133961e-01	-5.749924e-05
1.400461e+01	0.000000e+00	2.665714e-01	1.994519e-03	3.132788e-01	-5.749281e-05
1.420178e+01	0.000000e+00	2.664887e-01	1.989709e-03	3.131612e-01	-5.748835e-05
1.440032e+01	0.000000e+00	2.664099e-01	1.984642e-03	3.130432e-01	-5.748592e-05
1.460023e+01	0.000000e+00	2.663351e-01	1.979314e-03	3.129246e-01	-5.748560e-05
1.480152e+01	0.000000e+00	2.662640e-01	1.973737e-03	3.128054e-01	-5.748644e-05
1.500422e+01	0.000000e+00	2.661968e-01	1.967912e-03	3.126857e-01	-5.748908e-05
1.520831e+01	0.000000e+00	2.661332e-01	1.961845e-03	3.125654e-01	-5.749355e-05
1.541383e+01	0.000000e+00	2.660733e-01	1.955546e-03	3.124447e-01	-5.749987e-05
1.562076e+01	0.000000e+00	2.660169e-01	1.949021e-03	3.123234e-01	-5.750775e-05
1.582913e+01	0.000000e+00	2.659640e-01	1.942278e-03	3.122018e-01	-5.751748e-05
1.603895e+01	0.000000e+00	2.659144e-01	1.935325e-03	3.120798e-01	-5.752887e-05
1.625022e+01	0.000000e+00	2.658683e-01	1.928161e-03	3.119574e-01	-5.754150e-05
1.646295e+01	0.000000e+00	2.658253e-01	1.920805e-03	3.118347e-01	-5.755563e-05
1.667716e+01	0.000000e+00	2.657855e-01	1.913258e-03	3.117117e-01	-5.757106e-05
1.689286e+01	0.000000e+00	2.657488e-01	1.905522e-03	3.115884e-01	-5.758766e-05
1.711005e+01	0.000000e+00	2.657152e-01	1.897600e-03	3.114647e-01	-5.760529e-05
1.732874e+01	0.000000e+00	2.656846e-01	1.889506e-03	3.113408e-01	-5.762409e-05
1.754895e+01	0.000000e+00	2.656568e-01	1.881246e-03	3.112167e-01	-5.764401e-05
1.777069e+01	0.000000e+00	2.656319e-01	1.872826e-03	3.110924e-01	-5.766494e-05
1.799396e+01	0.000000e+00	2.656098e-01	1.864245e-03	3.109678e-01	-5.768671e-05
1.821878e+01	0.000000e+00	2.655905e-01	1.855501e-03	3.108429e-01	-5.770957e-05
1.844516e+01	0.000000e+00	2.655738e-01	1.846616e-03	3.107180e-01	-5.773320e-05
1.867311e+01	0.000000e+00	2.655597e-01	1.837596e-03	3.105930e-01	-5.775753e-05
1.890264e+01	0.000000e+00	2.655482e-01	1.828443e-03	3.104678e-01	-5.778266e-05
1.913376e+01	0.000000e+00	2.655391e-01	1.819161e-03	3.103426e-01	-5.780838e-05
1.936648e+01	0.000000e+00	2.655326e-01	1.809748e-03	3.102172e-01	-5.783463e-05
1.960082e+01	0.000000e+00	2.655284e-01	1.800211e-03	3.100917e-01	-5.786160e-05
1.983678e+01	0.000000e+00	2.655264e-01	1.790564e-03	3.099663e-01	-5.788903e-05
2.007437e+01	0.000000e+00	2.655268e-01	1.780811e-03	3.098409e-01	-5.791705e-05
2.031362e+01	0.000000e+00	2.655294e-01	1.770954e-03	3.097155e-01	-5.794568e-05
2.055452e+01	0.000000e+00	2.655341e-01	1.761000e-03	3.095901e-01	-5.797495e-05
2.079709e+01	0.000000e+00	2.655409e-01	1.750947e-03	3.094648e-01	-5.800456e-05
2.104134e+01	0.000000e+00	2.655498e-01	1.740796e-03	3.093394e-01	-5.803444e-05
2.128728e+01	0.000000e+00	2.655608e-01	1.730551e-03	3.092140e-01	-5.806439e-05
2.153493e+01	0.000000e+00	2.655738e-01	1.720222e-03	3.090886e-01	-5.809457e-05
2.178430e+01	0.000000e+00	2.655888e-01	1.709814e-03	3.089632e-01	-5.812492e-05
2.203539e+01	0.000000e+00	2.656056e-01	1.699334e-03	3.088380e-01	-5.815564e-05
2.228823e+01	0.000000e+00	2.656242e-01	1.688786e-03	3.087129e-01	-5.818658e-05
2.254282e+01	0.000000e+00	2.656446e-01	1.678174e-03	3.085879e-01	-5.821779e-05
2.279917e+01	0.000000e+00	2.656667e-01	1.667501e-03	3.084631e-01	-5.824922e-05
2.305730e+01	0.000000e+00	2.656904e-01	1.656770e-03	3.083385e-01	-5.828109e-05
2.331722e+01	0.000000e+00	2.657158e-01	1.645976e-03	3.082139e-01	-5.831303e-05
2.357894e+01	0.000000e+00	2.657428e-01	1.635131e-03	3.080896e-01	-5.834508e-05
2.384247e+01	0.000000e+00	2.657714e-01	1.624234e-03	3.079654e-01	-5.837713e-05
2.410784e+01	0.000000e+00	2.658015e-01	1.613293e-03	3.078414e-01	-5.840920e-05
2.437504e+01	0.000000e+00	2.658331e-01	1.602308e-03	3.077176e-01	-5.844150e-05
2.464409e+01	0.000000e+00	2.658662e-01	1.591281e-03	3.075940e-01	-5.847364e-05
2.491501e+01	0.000000e+00	2.659008e-01	1.580208e-03	3.074704e-01	-5.850564e-05
2.518780e+01	0.000000e+00	2.659369e-01	1.569101e-03	3.073471e-01	-5.853755e-05
2.546249e+01	0.000000e+00	2.659742e-01	1.557970e-03	3.072241e-01	-5.856937e-05
2.573908e+01	0.000000e+00	2.660128e-01	1.546813e-03	3.071013e-01	-5.860107e-05
2.601759e+01	0.000000e+00	2.660527e-01	1.535636e-03	3.069788e-01	-5.863256e-05
2.629803e+01	0.000000e+00	2.660937e-01	1.524440e-03	3.068566e-01	-5.866383e-05
2.658041e+01	0.000000e+00	2.661360e-01	1.513219e-03	3.067347e-01	-5.869490e-05
2.686475e+01	0.000000e+00	2.661794e-01	1.501985e-03	3.066130e-01	-5.872576e-05
2.715106e+01	0.000000e+00	2.662239e-01	1.490742e-03	3.064916e-01	-5.875642e-05
2.743936e+01	0.000000e+00	2.662695e-01	1.479491e-03	3.063706e-01	-5.878674e-05
2.772965e+01	0.000000e+00	2.663162e-01	1.468229e-03	3.062499e-01	-5.881636e-05
2.802196e+01	0.000000e+00	2.663640e-01	1.456956e-03	3.061294e-01	-5.884560e-05
2.831629e+01	0.000000e+00	2.664127e-01	1.445677e-03	3.060092e-01	-5.887442e-05
2.861266e+01	0.000000e+00	2.664625e-01	1.434401e-03	3.058893e-01	-5.890288e-05
2.891109e+01	0.000000e+00	2.665131e-01	1.423131e-03	3.057699e-01	-5.893097e-05
2.921158e+01	0.000000e+00	2.665647e-01	1.411863e-03	3.056507e-01	-5.895865e-05
2.951416e+01	0.000000e+00	2.666171e-01	1.400602e-03	3.055319e-01	-5.898598e-05
2.981884e+01	0.000000e+00	2.666704e-01	1.389351e-03	3.054135e-01	-5.901292e-05
3.012562e+01	0.000000e+00	2.667246e-01	1.378110e-03	3.052955e-01	-5.903946e-05
3.043454e+01	0.000000e+00	2.667795e-01	1.366882e-03	3.051778e-01	-5.906553e-05
3.074559e+01	0.000000e+00	2.668352e-01	1.355666e-03	3.050604e-01	-5.909136e-05
3.105881e+01	0.000000e+00	2.668917e-01	1.344465e-03	3.049434e-01	-5.911672e-05
3.137419e+01	0.000000e+00	2.669490e-01	1.333275e-03	3.048268e-01	-5.914209e-05
3.169176e+01	0.000000e+00	2.670070e-01	1.322104e-03	3.047105e-01	-5.916692e-05
3.201153e+01	0.000000e+00	2.670656e-01	1.310956e-03	3.045947e-01	-5.919120e-05
3.233351e+01	0.000000e+00	2.671249e-01	1.299835e-03	3.044792e-01	-5.921495e-05
3.265773e+01	0.000000e+00	2.671848e-01	1.288743e-03	3.043642e-01	-5.923819e-05
3.298420e+01	0.000000e+00	2.672453e-01	1.277671e-03	3.042495e-01	-5.926095e-05
3.331293e+01	0.000000e+00	2.673063e-01	1.266627e-03	3.041353e-01	-5.928321e-05
3.364393e+01	0.000000e+00	2.673679e-01	1.255617e-03	3.040216e-01	-5.930501e-05
3.397724e+01	0.000000e+00	2.674300e-01	1.244636e-03	3.039083e-01	-5.932637e-05
3.431285e+01	0.000000e+00	2.674926e-01	1.233687e-03	3.037954e-01	-5.934725e-05
3.465079e+01	0.000000e+00	2.675557e-01	1.222766e-03	3.036829e-01	-5.936750e-05
3.499107e+01	0.000000e+00	2.676196e-01	1.211868e-03	3.035706e-01	-5.938677e-05
3.533371e+01	0.000000e+00	2.676839e-01	1.201004e-03	3.034587e-01	-5.940542e-05
3.567872e+01	0.000000e+00	2.677487e-01	1.190183e-03	3.033472e-01	-5.942361e-05
3.602613e+01	0.000000e+00	2.678138e-01	1.179406e-03	3.032363e-01	-5.944131e-05
3.637594e+01	0.000000e+00	2.678792e-01	1.168672e-03	3.031258e-01	-5.945853e-05
3.672818e+01	0.000000e+00	2.679451e-01	1.157977e-03	3.030159e-01	-5.947529e-05
3.708286e+01	0.000000e+00	2.680113e-01	1.147324e-03	3.029063e-01	-5.949150e-05
3.744000e+01	0.000000e+00	2.680778e-01	1.136718e-03	3.027972e-01	-5.950722e-05
3.779962e+01	0.000000e+00	2.681446e-01	1.126160e-03	3.026887e-01	-5.952245e-05
3.816173e+01	0.000000e+00	2.682117e-01	1.115650e-03	3.025806e-01	-5.953712e-05
3.852634e+01	0.000000e+00	2.682792e-01	1.105185e-03	3.024729e-01	-5.955151e-05
3.889349e+01	0.000000e+00	2.683469e-01	1.094769e-03	3.023658e-01	-5.956538e-05
3.926318e+01	0.000000e+00	2.684149e-01	1.084401e-03	3.022590e-01	-5.957865e-05
3.963543e+01	0.000000e+00	2.684832e-01	1.074073e-03	3.021526e-01	-5.959125e-05
4.001027e+01	0.000000e+00	2.685518e-01	1.063788e-03	3.020466e-01	-5.960346e-05
4.038770e+01	0.000000e+00	2.686207e-01	1.053546e-03	3.019411e-01	-5.961551e-05
4.076774e+01	0.000000e+00	2.686898e-01	1.043352e-03	3.018359e-01	-5.962735e-05
4.115043e+01	0.000000e+00	2.687591e-01	1.033213e-03	3.017313e-01	-5.963865e-05
4.153576e+01	0.000000e+00	2.688286e-01	1.023126e-03	3.016271e-01	-5.964949e-05
4.192377e+01	0.000000e+00	2.688983e-01	1.013096e-03	3.015234e-01	-5.965984e-05
4.231446e+01	0.000000e+00	2.689680e-01	1.003123e-03	3.014202e-01	-5.966972e-05
4.270786e+01	0.000000e+00	2.690379e-01	9.932049e-04	3.013175e-01	-5.967915e-05
4.310399e+01	0.000000e+00	2.691080e-01	9.833370e-04	3.012152e-01	-5.968803e-05
4.350287e+01	0.000000e+00	2.691782e-01	9.735276e-04	3.011134e-01	-5.969644e-05
4.390451e+01	0.000000e+00	2.692485e-01	9.637754e-04	3.010121e-01	-5.970435e-05
4.430894e+01	0.000000e+00	2.693189e-01	9.540795e-04	3.009113e-01	-5.971181e-05
4.471616e+01	0.000000e+00	2.693893e-01	9.444426e-04	3.008109e-01	-5.971882e-05
4.512621e+01	0.000000e+00	2.694599e-01	9.348621e-04	3.007110e-01	-5.972540e-05
4.553911e+01	0.000000e+00	2.695305e-01	9.253371e-04	3.006116e-01	-5.973153e-05
4.595486e+01	0.000000e+00	2.696012e-01	9.158741e-04	3.005126e-01	-5.973723e-05
4.637350e+01	0.000000e+00	2.696719e-01	9.064699e-04	3.004141e-01	-5.974255e-05
4.679504e+01	0.000000e+00	2.697427e-01	8.971233e-04	3.003161e-01	-5.974742e-05
4.721950e+01	0.000000e+00	2.698135e-01	8.878375e-04	3.002185e-01	-5.975192e-05
4.764690e+01	0.000000e+00	2.698843e-01	8.786111e-04	3.001215e-01	-5.975609e-05
4.807727e+01	0.000000e+00	2.699551e-01	8.694421e-04	3.000248e-01	-5.975983e-05
4.851062e+01	0.000000e+00	2.700260e-01	8.603319e-04	2.999287e-01	-5.976327e-05
4.894697e+01	0.000000e+00	2.700968e-01	8.512827e-04	2.998330e-01	-5.976637e-05
4.938635e+01	0.000000e+00	2.701676e-01	8.422963e-04	2.997378e-01	-5.976907e-05
4.982877e+01	0.000000e+00	2.702384e-01	8.333713e-04	2.996431e-01	-5.977146e-05
5.027426e+01	0.000000e+00	2.703092e-01	8.245067e-04	2.995488e-01	-5.977349e-05
5.072284e+01	0.000000e+00	2.703799e-01	8.157009e-04	2.994550e-01	-5.977518e-05
5.117453e+01	0.000000e+00	2.704506e-01	8.069575e-04	2.993616e-01	-5.977651e-05
5.162934e+01	0.000000e+00	2.705211e-01	7.982788e-04	2.992688e-01	-5.977744e-05
5.208732e+01	0.000000e+00	2.705917e-01	7.896586e-04	2.991764e-01	-5.977798e-05
5.254846e+01	0.000000e+00	2.706621e-01	7.811028e-04	2.990845e-01	-5.977816e-05
5.301280e+01	0.000000e+00	2.707325e-01	7.726082e-04	2.989931e-01	-5.977792e-05
5.348036e+01	0.000000e+00	2.708028e-01	7.641770e-04	2.989021e-01	-5.977729e-05
5.395116e+01	0.000000e+00	2.708730e-01	7.558077e-04	2.988116e-01	-5.977629e-05
5.442523e+01	0.000000e+00	2.709431e-01	7.475002e-04	2.987216e-01	-5.977497e-05
5.490258e+01	0.000000e+00	2.710131e-01	7.392558e-04	2.986320e-01	-5.977324e-05
5.538324e+01	0.000000e+00	2.710830e-01	7.310744e-04	2.985429e-01	-5.977115e-05
5.586723e+01	0.000000e+00	2.711528e-01	7.229555e-04	2.984542e-01	-5.976870e-05
5.635458e+01	0.000000e+00	2.712225e-01	7.149010e-04	2.983660e-01	-5.976587e-05
5.684530e+01	0.000000e+00	2.712919e-01	7.069103e-04	2.982783e-01	-5.976281e-05
5.733943e+01	0.000000e+00	2.713612e-01	6.989846e-04	2.981912e-01	-5.975942e-05
5.783698e+01	0.000000e+00	2.714304e-01	6.911213e-04	2.981045e-01	-5.975577e-05
5.833798e+01	0.000000e+00	2.714994e-01	6.833213e-04	2.980183e-01	-5.975183e-05
5.884245e+01	0.000000e+00	2.715682e-01	6.755841e-04	2.979326e-01	-5.974757e-05
5.935042e+01	0.000000e+00	2.716369e-01	6.679054e-04	2.978473e-01	-5.974298e-05
5.986191e+01	0.000000e+00	2.717056e-01	6.602773e-04	2.977622e-01	-5.973795e-05
6.037695e+01	0.000000e+00	2.717742e-01	6.527120e-04	2.976776e-01	-5.973266e-05
6.089556e+01	0.000000e+00	2.718425e-01	6.452113e-04	2.975935e-01	-5.972710e-05
6.141776e+01	0.000000e+00	2.719106e-01	6.377747e-04	2.975099e-01	-5.972122e-05
6.194358e+01	0.000000e+00	2.719786e-01	6.304013e-04	2.974268e-01	-5.971501e-05
6.247304e+01	0.000000e+00	2.720463e-01	6.230915e-04	2.973442e-01	-5.970853e-05
6.300618e+01	0.000000e+00	2.721138e-01	6.158439e-04	2.972620e-01	-5.970172e-05
6.354301e+01	0.000000e+00	2.721811e-01	6.086594e-04	2.971803e-01	-5.969465e-05
6.408356e+01	0.000000e+00	2.722482e-01	6.015369e-04	2.970991e-01	-5.968733e-05
6.462786e+01	0.000000e+00	2.723151e-01	5.944765e-04	2.970183e-01	-5.967974e-05
6.517594e+01	0.000000e+00	2.723818e-01	5.874767e-04	2.969380e-01	-5.967185e-05
6.572781e+01	0.000000e+00	2.724483e-01	5.805381e-04	2.968581e-01	-5.966368e-05
6.628350e+01	0.000000e+00	2.725147e-01	5.736592e-04	2.967787e-01	-5.965523e-05
6.684305e+01	0.000000e+00	2.725808e-01	5.668404e-04	2.966997e-01	-5.964653e-05
6.740648e+01	0.000000e+00	2.726467e-01	5.600809e-04	2.966211e-01	-5.963763e-05
6.797381e+01	0.000000e+00	2.727123e-01	5.533794e-04	2.965429e-01	-5.962854e-05
6.854508e+01	0.000000e+00	2.727778e-01	5.467346e-04	2.964652e-01	-5.961926e-05
6.912030e+01	0.000000e+00	2.728431e-01	5.401468e-04	2.963879e-01	-5.960992e-05
6.969951e+01	0.000000e+00	2.729082e-01	5.336189e-04	2.963110e-01	-5.960036e-05
7.028274e+01	0.000000e+00	2.729730e-01	5.271513e-04	2.962346e-01	-5.959061e-05
7.087001e+01	0.000000e+00	2.730375e-01	5.207434e-04	2.961586e-01	-5.958064e-05
7.146135e+01	0.000000e+00	2.731019e-01	5.143928e-04	2.960831e-01	-5.957045e-05
7.205679e+01	0.000000e+00	2.731660e-01	5.080999e-04	2.960080e-01	-5.956005e-05
7.265636e+01	0.000000e+00	2.732298e-01	5.018654e-04	2.959333e-01	-5.954946e-05
7.326008e+01	0.000000e+00	2.732935e-01	4.956891e-04	2.958590e-01	-5.953870e-05
7.386799e+01	0.000000e+00	2.733568e-01	4.895711e-04	2.957852e-01	-5.952777e-05
7.448011e+01	0.000000e+00	2.734199e-01	4.835098e-04	2.957118e-01	-5.951670e-05
7.509648e+01	0.000000e+00	2.734828e-01	4.775052e-04	2.956389e-01	-5.950548e-05
7.571711e+01	0.000000e+00	2.735455e-01	4.715565e-04	2.955663e-01	-5.949408e-05
7.634205e+01	0.000000e+00	2.736079e-01	4.656612e-04	2.954941e-01	-5.948256e-05
7.697132e+01	0.000000e+00	2.736701e-01	4.598221e-04	2.954224e-01	-5.947091e-05
7.760496e+01	0.000000e+00	2.737319e-01	4.540396e-04	2.953511e-01	-5.945911e-05
7.824298e+01	0.000000e+00	2.737936e-01	4.483114e-04	2.952802e-01	-5.944725e-05
7.888543e+01	0.000000e+00	2.738550e-01	4.426380e-04	2.952097e-01	-5.943527e-05
7.953233e+01	0.000000e+00	2.739162e-01	4.370185e-04	2.951396e-01	-5.942315e-05
8.018372e+01	0.000000e+00	2.739771e-01	4.314540e-04	2.950700e-01	-5.941092e-05
8.083962e+01	0.000000e+00	2.740377e-01	4.259433e-04	2.950007e-01	-5.939863e-05
8.150006e+01	0.000000e+00	2.740981e-01	4.204832e-04	2.949318e-01	-5.938622e-05
8.216509e+01	0.000000e+00	2.741582e-01	4.150768e-04	2.948633e-01	-5.937370e-05
8.283472e+01	0.000000e+00	2.742181e-01	4.097237e-04	2.947953e-01	-5.936108e-05
8.350900e+01	0.000000e+00	2.742777e-01	4.044233e-04	2.947276e-01	-5.934838e-05
8.418795e+01	0.000000e+00	2.743370e-01	3.991743e-04	2.946603e-01	-5.933562e-05
8.487160e+01	0.000000e+00	2.743961e-01	3.939760e-04	2.945934e-01	-5.932275e-05
