-1.434000e+01	0.000000e+00	-2.149199e-02	8.969512e-12	-3.663804e-02	2.605555e-11
-1.433931e+01	0.000000e+00	-2.147866e-02	8.954216e-12	-3.662740e-02	2.602829e-11
-1.433861e+01	0.000000e+00	-2.146546e-02	8.939061e-12	-3.661716e-02	2.600170e-11
-1.433791e+01	0.000000e+00	-2.145239e-02	8.923949e-12	-3.660735e-02	2.597541e-11
-1.433720e+01	0.000000e+00	-2.143945e-02	8.909005e-12	-3.659797e-02	2.594989e-11
-1.433649e+01	0.000000e+00	-2.142665e-02	8.894077e-12	-3.658903e-02	2.592475e-11
-1.433577e+01	0.000000e+00	-2.141400e-02	8.879360e-12	-3.658056e-02	2.590042e-11
-1.433505e+01	0.000000e+00	-2.140150e-02	8.864722e-12	-3.657257e-02	2.587671e-11
-1.433432e+01	0.000000e+00	-2.138916e-02	8.850212e-12	-3.656508e-02	2.585345e-11
-1.433359e+01	0.000000e+00	-2.137699e-02	8.835799e-12	-3.655809e-02	2.583089e-11
-1.433285e+01	0.000000e+00	-2.136498e-02	8.821565e-12	-3.655163e-02	2.580911e-11
-1.433211e+01	0.000000e+00	-2.135316e-02	8.807417e-12	-3.654572e-02	2.578792e-11
-1.433136e+01	0.000000e+00	-2.134152e-02	8.793394e-12	-3.654037e-02	2.576754e-11
-1.433060e+01	0.000000e+00	-2.133008e-02	8.779642e-12	-3.653559e-02	2.574792e-11
-1.432985e+01	0.000000e+00	-2.131884e-02	8.765933e-12	-3.653142e-02	2.572892e-11
-1.432908e+01	0.000000e+00	-2.130781e-02	8.752342e-12	-3.652786e-02	2.571070e-11
-1.432831e+01	0.000000e+00	-2.129699e-02	8.738990e-12	-3.652493e-02	2.569341e-11
-1.432754e+01	0.000000e+00	-2.128640e-02	8.725793e-12	-3.652265e-02	2.567705e-11
-1.432676e+01	0.000000e+00	-2.127604e-02	8.712832e-12	-3.652105e-02	2.566149e-11
-1.432598e+01	0.000000e+00	-2.126592e-02	8.699949e-12	-3.652014e-02	2.564670e-11
-1.432518e+01	0.000000e+00	-2.125605e-02	8.687319e-12	-3.651995e-02	2.563292e-11
-1.432439e+01	0.000000e+00	-2.124643e-02	8.674847e-12	-3.652049e-02	2.562007e-11
-1.432359e+01	0.000000e+00	-2.123709e-02	8.662572e-12	-3.652178e-02	2.560814e-11
-1.432278e+01	0.000000e+00	-2.122801e-02	8.650516e-12	-3.652385e-02	2.559727e-11
-1.432197e+01	0.000000e+00	-2.121923e-02	8.638696e-12	-3.652672e-02	2.558751e-11
-1.432115e+01	0.000000e+00	-2.121073e-02	8.627112e-12	-3.653042e-02	2.557877e-11
-1.432033e+01	0.000000e+00	-2.120254e-02	8.615666e-12	-3.653496e-02	2.557098e-11
-1.431950e+01	0.000000e+00	-2.119466e-02	8.604475e-12	-3.654037e-02	2.556432e-11
-1.431866e+01	0.000000e+00	-2.118711e-02	8.593563e-12	-3.654667e-02	2.555896e-11
-1.431782e+01	0.000000e+00	-2.117988e-02	8.582975e-12	-3.655390e-02	2.555488e-11
-1.431697e+01	0.000000e+00	-2.117300e-02	8.572499e-12	-3.656206e-02	2.555174e-11
-1.431612e+01	0.000000e+00	-2.116647e-02	8.562361e-12	-3.657120e-02	2.555006e-11
-1.431526e+01	0.000000e+00	-2.116030e-02	8.552481e-12	-3.658133e-02	2.554970e-11
-1.431440e+01	0.000000e+00	-2.115451e-02	8.542897e-12	-3.659248e-02	2.555045e-11
-1.431353e+01	0.000000e+00	-2.114910e-02	8.533594e-12	-3.660468e-02	2.555271e-11
-1.431265e+01	0.000000e+00	-2.114409e-02	8.524552e-12	-3.661797e-02	2.555629e-11
-1.431177e+01	0.000000e+00	-2.113949e-02	8.515854e-12	-3.663237e-02	2.556139e-11
-1.431088e+01	0.000000e+00	-2.113530e-02	8.507488e-12	-3.664790e-02	2.556802e-11
-1.430998e+01	0.000000e+00	-2.113155e-02	8.499378e-12	-3.666459e-02	2.557607e-11
-1.430908e+01	0.000000e+00	-2.112823e-02	8.491617e-12	-3.668248e-02	2.558564e-11
-1.430817e+01	0.000000e+00	-2.112537e-02	8.484202e-12	-3.670159e-02	2.559685e-11
-1.430726e+01	0.000000e+00	-2.112298e-02	8.477109e-12	-3.672196e-02	2.560966e-11
-1.430634e+01	0.000000e+00	-2.112106e-02	8.470391e-12	-3.674361e-02	2.562420e-11
-1.430541e+01	0.000000e+00	-2.111963e-02	8.464057e-12	-3.676658e-02	2.564045e-11
-1.430448e+01	0.000000e+00	-2.111870e-02	8.458019e-12	-3.679090e-02	2.565841e-11
-1.430354e+01	0.000000e+00	-2.111829e-02	8.452448e-12	-3.681661e-02	2.567825e-11
-1.430260e+01	0.000000e+00	-2.111841e-02	8.447257e-12	-3.684373e-02	2.570006e-11
-1.430164e+01	0.000000e+00	-2.111907e-02	8.442432e-12	-3.687231e-02	2.572363e-11
-1.430068e+01	0.000000e+00	-2.112028e-02	8.438027e-12	-3.690237e-02	2.574921e-11
-1.429972e+01	0.000000e+00	-2.112207e-02	8.434002e-12	-3.693396e-02	2.577666e-11
-1.429875e+01	0.000000e+00	-2.112443e-02	8.430492e-12	-3.696711e-02	2.580634e-11
-1.429777e+01	0.000000e+00	-2.112739e-02	8.427398e-12	-3.700186e-02	2.583818e-11
-1.429678e+01	0.000000e+00	-2.113096e-02	8.424634e-12	-3.703823e-02	2.587184e-11
-1.429579e+01	0.000000e+00	-2.113515e-02	8.422438e-12	-3.707629e-02	2.590805e-11
-1.429479e+01	0.000000e+00	-2.113998e-02	8.420709e-12	-3.711605e-02	2.594639e-11
-1.429378e+01	0.000000e+00	-2.114546e-02	8.419456e-12	-3.715756e-02	2.598711e-11
-1.429277e+01	0.000000e+00	-2.115160e-02	8.418707e-12	-3.720087e-02	2.603025e-11
-1.429175e+01	0.000000e+00	-2.115843e-02	8.418450e-12	-3.724600e-02	2.607581e-11
-1.429072e+01	0.000000e+00	-2.116596e-02	8.418703e-12	-3.729301e-02	2.612386e-11
-1.428969e+01	0.000000e+00	-2.117419e-02	8.419399e-12	-3.734193e-02	2.617428e-11
-1.428864e+01	0.000000e+00	-2.118316e-02	8.420765e-12	-3.739281e-02	2.622764e-11
-1.428759e+01	0.000000e+00	-2.119286e-02	8.422652e-12	-3.744569e-02	2.628368e-11
-1.428654e+01	0.000000e+00	-2.120332e-02	8.425016e-12	-3.750061e-02	2.634223e-11
-1.428547e+01	0.000000e+00	-2.121455e-02	8.428062e-12	-3.755761e-02	2.640394e-11
-1.428440e+01	0.000000e+00	-2.122657e-02	8.431575e-12	-3.761675e-02	2.646823e-11
-1.428332e+01	0.000000e+00	-2.123939e-02	8.435736e-12	-3.767807e-02	2.653576e-11
-1.428224e+01	0.000000e+00	-2.125303e-02	8.440502e-12	-3.774161e-02	2.660605e-11
-1.428115e+01	0.000000e+00	-2.126750e-02	8.445874e-12	-3.780742e-02	2.667960e-11
-1.428004e+01	0.000000e+00	-2.128282e-02	8.451919e-12	-3.787555e-02	2.675640e-11
-1.427894e+01	0.000000e+00	-2.129901e-02	8.458546e-12	-3.794605e-02	2.683635e-11
-1.427782e+01	0.000000e+00	-2.131608e-02	8.465859e-12	-3.801896e-02	2.691969e-11
-1.427669e+01	0.000000e+00	-2.133405e-02	8.473855e-12	-3.809434e-02	2.700651e-11
-1.427556e+01	0.000000e+00	-2.135293e-02	8.482495e-12	-3.817223e-02	2.709672e-11
-1.427442e+01	0.000000e+00	-2.137274e-02	8.491788e-12	-3.825269e-02	2.719043e-11
-1.427328e+01	0.000000e+00	-2.139349e-02	8.501859e-12	-3.833576e-02	2.728807e-11
-1.427212e+01	0.000000e+00	-2.141521e-02	8.512587e-12	-3.842149e-02	2.738929e-11
-1.427096e+01	0.000000e+00	-2.143790e-02	8.524132e-12	-3.850995e-02	2.749440e-11
-1.426978e+01	0.000000e+00	-2.146159e-02	8.536377e-12	-3.860118e-02	2.760342e-11
-1.426860e+01	0.000000e+00	-2.148629e-02	8.549374e-12	-3.869523e-02	2.771657e-11
-1.426742e+01	0.000000e+00	-2.151201e-02	8.563129e-12	-3.879217e-02	2.783378e-11
-1.426622e+01	0.000000e+00	-2.153878e-02	8.577659e-12	-3.889204e-02	2.795518e-11
-1.426502e+01	0.000000e+00	-2.156660e-02	8.593025e-12	-3.899491e-02	2.808093e-11
-1.426380e+01	0.000000e+00	-2.159549e-02	8.609121e-12	-3.910082e-02	2.821097e-11
-1.426258e+01	0.000000e+00	-2.162543e-02	8.626027e-12	-3.920975e-02	2.834544e-11
-1.426135e+01	0.000000e+00	-2.165646e-02	8.643839e-12	-3.932177e-02	2.848461e-11
-1.426011e+01	0.000000e+00	-2.168860e-02	8.662449e-12	-3.943701e-02	2.862850e-11
-1.425887e+01	0.000000e+00	-2.172189e-02	8.681875e-12	-3.955555e-02	2.877708e-11
-1.425761e+01	0.000000e+00	-2.175633e-02	8.702193e-12	-3.967742e-02	2.893069e-11
-1.425635e+01	0.000000e+00	-2.179194e-02	8.723399e-12	-3.980268e-02	2.908944e-11
-1.425507e+01	0.000000e+00	-2.182872e-02	8.745573e-12	-3.993139e-02	2.925326e-11
-1.425379e+01	0.000000e+00	-2.186670e-02	8.768605e-12	-4.006360e-02	2.942241e-11
-1.425250e+01	0.000000e+00	-2.190588e-02	8.792573e-12	-4.019938e-02	2.959702e-11
-1.425120e+01	0.000000e+00	-2.194629e-02	8.817460e-12	-4.033879e-02	2.977706e-11
-1.424989e+01	0.000000e+00	-2.198793e-02	8.843391e-12	-4.048190e-02	2.996295e-11
-1.424857e+01	0.000000e+00	-2.203083e-02	8.870200e-12	-4.062875e-02	3.015458e-11
-1.424725e+01	0.000000e+00	-2.207499e-02	8.897948e-12	-4.077941e-02	3.035196e-11
-1.424591e+01	0.000000e+00	-2.212042e-02	8.926832e-12	-4.093396e-02	3.055563e-11
-1.424457e+01	0.000000e+00	-2.216715e-02	8.956626e-12	-4.109244e-02	3.076547e-11
-1.424321e+01	0.000000e+00	-2.221518e-02	8.987466e-12	-4.125492e-02	3.098171e-11
-1.424185e+01	0.000000e+00	-2.226453e-02	9.019346e-12	-4.142147e-02	3.120429e-11
-1.424047e+01	0.000000e+00	-2.231520e-02	9.052262e-12	-4.159214e-02	3.143350e-11
-1.423909e+01	0.000000e+00	-2.236722e-02	9.086247e-12	-4.176701e-02	3.166967e-11
-1.423770e+01	0.000000e+00	-2.242058e-02	9.121271e-12	-4.194613e-02	3.191255e-11
-1.423630e+01	0.000000e+00	-2.247530e-02	9.157414e-12	-4.212957e-02	3.216266e-11
-1.423488e+01	0.000000e+00	-2.253140e-02	9.194630e-12	-4.231739e-02	3.241995e-11
-1.423346e+01	0.000000e+00	-2.258888e-02	9.232990e-12	-4.250967e-02	3.268472e-11
-1.423203e+01	0.000000e+00	-2.264776e-02	9.272459e-12	-4.270647e-02	3.295688e-11
-1.423059e+01	0.000000e+00	-2.270803e-02	9.313048e-12	-4.290785e-02	3.323711e-11
-1.422914e+01	0.000000e+00	-2.276972e-02	9.354806e-12	-4.311388e-02	3.352520e-11
-1.422768e+01	0.000000e+00	-2.283284e-02	9.397676e-12	-4.332463e-02	3.382129e-11
-1.422620e+01	0.000000e+00	-2.289737e-02	9.441781e-12	-4.354016e-02	3.412568e-11
-1.422472e+01	0.000000e+00	-2.296335e-02	9.487086e-12	-4.376054e-02	3.443843e-11
-1.422323e+01	0.000000e+00	-2.303077e-02	9.533504e-12	-4.398584e-02	3.475997e-11
-1.422173e+01	0.000000e+00	-2.309965e-02	9.581151e-12	-4.421613e-02	3.509027e-11
-1.422021e+01	0.000000e+00	-2.316998e-02	9.630098e-12	-4.445147e-02	3.542986e-11
-1.421869e+01	0.000000e+00	-2.324177e-02	9.680101e-12	-4.469194e-02	3.577820e-11
-1.421716e+01	0.000000e+00	-2.331504e-02	9.731440e-12	-4.493759e-02	3.613633e-11
-1.421561e+01	0.000000e+00	-2.338978e-02	9.784003e-12	-4.518851e-02	3.650397e-11
-1.421406e+01	0.000000e+00	-2.346600e-02	9.837908e-12	-4.544476e-02	3.688173e-11
-1.421249e+01	0.000000e+00	-2.354370e-02	9.892962e-12	-4.570641e-02	3.726928e-11
-1.421091e+01	0.000000e+00	-2.362289e-02	9.949319e-12	-4.597352e-02	3.766727e-11
-1.420933e+01	0.000000e+00	-2.370357e-02	1.000700e-11	-4.624617e-02	3.807576e-11
-1.420773e+01	0.000000e+00	-2.378575e-02	1.006596e-11	-4.652444e-02	3.849508e-11
-1.420612e+01	0.000000e+00	-2.386942e-02	1.012622e-11	-4.680838e-02	3.892530e-11
-1.420450e+01	0.000000e+00	-2.395458e-02	1.018781e-11	-4.709807e-02	3.936694e-11
-1.420286e+01	0.000000e+00	-2.404124e-02	1.025063e-11	-4.739358e-02	3.981997e-11
-1.420122e+01	0.000000e+00	-2.412940e-02	1.031492e-11	-4.769500e-02	4.028476e-11
-1.419956e+01	0.000000e+00	-2.421906e-02	1.038049e-11	-4.800239e-02	4.076161e-11
-1.419790e+01	0.000000e+00	-2.431022e-02	1.044737e-11	-4.831582e-02	4.125087e-11
-1.419622e+01	0.000000e+00	-2.440287e-02	1.051561e-11	-4.863536e-02	4.175236e-11
-1.419453e+01	0.000000e+00	-2.449702e-02	1.058525e-11	-4.896109e-02	4.226685e-11
-1.419283e+01	0.000000e+00	-2.459266e-02	1.065622e-11	-4.929306e-02	4.279447e-11
-1.419111e+01	0.000000e+00	-2.468980e-02	1.072852e-11	-4.963137e-02	4.333530e-11
-1.418939e+01	0.000000e+00	-2.478841e-02	1.080223e-11	-4.997609e-02	4.389003e-11
-1.418765e+01	0.000000e+00	-2.488852e-02	1.087731e-11	-5.032728e-02	4.445860e-11
-1.418590e+01	0.000000e+00	-2.499010e-02	1.095379e-11	-5.068504e-02	4.504171e-11
-1.418414e+01	0.000000e+00	-2.509316e-02	1.103163e-11	-5.104942e-02	4.563916e-11
-1.418237e+01	0.000000e+00	-2.519769e-02	1.111091e-11	-5.142051e-02	4.625179e-11
-1.418058e+01	0.000000e+00	-2.530368e-02	1.119154e-11	-5.179838e-02	4.687928e-11
-1.417878e+01	0.000000e+00	-2.541113e-02	1.127353e-11	-5.218312e-02	4.752246e-11
-1.417697e+01	0.000000e+00	-2.552003e-02	1.135693e-11	-5.257478e-02	4.818161e-11
-1.417515e+01	0.000000e+00	-2.563038e-02	1.144182e-11	-5.297347e-02	4.885733e-11
-1.417331e+01	0.000000e+00	-2.574216e-02	1.152807e-11	-5.337924e-02	4.954953e-11
-1.417147e+01	0.000000e+00	-2.585537e-02	1.161568e-11	-5.379219e-02	5.025857e-11
-1.416960e+01	0.000000e+00	-2.597000e-02	1.170471e-11	-5.421240e-02	5.098506e-11
-1.416773e+01	0.000000e+00	-2.608603e-02	1.179515e-11	-5.463992e-02	5.172930e-11
-1.416584e+01	0.000000e+00	-2.620345e-02	1.188700e-11	-5.507485e-02	5.249179e-11
-1.416394e+01	0.000000e+00	-2.632227e-02	1.198022e-11	-5.551729e-02	5.327268e-11
-1.416203e+01	0.000000e+00	-2.644248e-02	1.207484e-11	-5.596732e-02	5.407251e-11
-1.416010e+01	0.000000e+00	-2.656405e-02	1.217085e-11	-5.642503e-02	5.489203e-11
-1.415816e+01	0.000000e+00	-2.668700e-02	1.226839e-11	-5.689051e-02	5.573112e-11
-1.415621e+01	0.000000e+00	-2.681130e-02	1.236724e-11	-5.736385e-02	5.659064e-11
-1.415424e+01	0.000000e+00	-2.693696e-02	1.246746e-11	-5.784517e-02	5.747077e-11
-1.415226e+01	0.000000e+00	-2.706395e-02	1.256916e-11	-5.833453e-02	5.837233e-11
-1.415027e+01	0.000000e+00	-2.719226e-02	1.267219e-11	-5.883201e-02	5.929541e-11
-1.414826e+01	0.000000e+00	-2.732188e-02	1.277663e-11	-5.933773e-02	6.024068e-11
-1.414624e+01	0.000000e+00	-2.745280e-02	1.288242e-11	-5.985178e-02	6.120872e-11
-1.414420e+01	0.000000e+00	-2.758500e-02	1.298968e-11	-6.037425e-02	6.219995e-11
-1.414215e+01	0.000000e+00	-2.771847e-02	1.309828e-11	-6.090523e-02	6.321489e-11
-1.414008e+01	0.000000e+00	-2.785319e-02	1.320819e-11	-6.144483e-02	6.425391e-11
-1.413800e+01	0.000000e+00	-2.798916e-02	1.331953e-11	-6.199316e-02	6.531784e-11
-1.413591e+01	0.000000e+00	-2.812635e-02	1.343222e-11	-6.255031e-02	6.640722e-11
-1.413380e+01	0.000000e+00	-2.826477e-02	1.354623e-11	-6.311639e-02	6.752245e-11
-1.413168e+01	0.000000e+00	-2.840438e-02	1.366166e-11	-6.369152e-02	6.866455e-11
-1.412954e+01	0.000000e+00	-2.854519e-02	1.377837e-11	-6.427581e-02	6.983356e-11
-1.412739e+01	0.000000e+00	-2.868717e-02	1.389642e-11	-6.486936e-02	7.103039e-11
-1.412523e+01	0.000000e+00	-2.883031e-02	1.401579e-11	-6.547231e-02	7.225569e-11
-1.412304e+01	0.000000e+00	-2.897460e-02	1.413653e-11	-6.608477e-02	7.351036e-11
-1.412085e+01	0.000000e+00	-2.912002e-02	1.425856e-11	-6.670686e-02	7.479458e-11
-1.411863e+01	0.000000e+00	-2.926656e-02	1.438187e-11	-6.733870e-02	7.610962e-11
-1.411641e+01	0.000000e+00	-2.941421e-02	1.450645e-11	-6.798043e-02	7.745571e-11
-1.411416e+01	0.000000e+00	-2.956295e-02	1.463233e-11	-6.863218e-02	7.883390e-11
-1.411190e+01	0.000000e+00	-2.971277e-02	1.475952e-11	-6.929407e-02	8.024496e-11
-1.410963e+01	0.000000e+00	-2.986364e-02	1.488790e-11	-6.996626e-02	8.168938e-11
-1.410734e+01	0.000000e+00	-3.001557e-02	1.501763e-11	-7.064888e-02	8.316857e-11
-1.410503e+01	0.000000e+00	-3.016852e-02	1.514854e-11	-7.134207e-02	8.468276e-11
-1.410271e+01	0.000000e+00	-3.032250e-02	1.528073e-11	-7.204599e-02	8.623321e-11
-1.410037e+01	0.000000e+00	-3.047748e-02	1.541411e-11	-7.276078e-02	8.782061e-11
-1.409802e+01	0.000000e+00	-3.063348e-02	1.554871e-11	-7.348671e-02	8.944608e-11
-1.409565e+01	0.000000e+00	-3.079047e-02	1.568459e-11	-7.422385e-02	9.111061e-11
-1.409326e+01	0.000000e+00	-3.094842e-02	1.582157e-11	-7.497236e-02	9.281493e-11
-1.409086e+01	0.000000e+00	-3.110732e-02	1.595980e-11	-7.573241e-02	9.456028e-11
-1.408844e+01	0.000000e+00	-3.126716e-02	1.609914e-11	-7.650417e-02	9.634734e-11
-1.408600e+01	0.000000e+00	-3.142791e-02	1.623964e-11	-7.728781e-02	9.817752e-11
-1.408355e+01	0.000000e+00	-3.158957e-02	1.638134e-11	-7.808352e-02	1.000519e-10
-1.408108e+01	0.000000e+00	-3.175213e-02	1.652410e-11	-7.889149e-02	1.019711e-10
-1.407859e+01	0.000000e+00	-3.191557e-02	1.666804e-11	-7.971190e-02	1.039372e-10
-1.407608e+01	0.000000e+00	-3.207987e-02	1.681301e-11	-8.054496e-02	1.059505e-10
-1.407356e+01	0.000000e+00	-3.224502e-02	1.695916e-11	-8.139088e-02	1.080130e-10
-1.407102e+01	0.000000e+00	-3.241101e-02	1.710633e-11	-8.224985e-02	1.101255e-10
-1.406846e+01	0.000000e+00	-3.257782e-02	1.725451e-11	-8.312209e-02	1.122895e-10
-1.406589e+01	0.000000e+00	-3.274544e-02	1.740383e-11	-8.400783e-02	1.145064e-10
-1.406330e+01	0.000000e+00	-3.291386e-02	1.755416e-11	-8.490729e-02	1.167776e-10
-1.406069e+01	0.000000e+00	-3.308306e-02	1.770548e-11	-8.582071e-02	1.191044e-10
-1.405806e+01	0.000000e+00	-3.325308e-02	1.785789e-11	-8.674848e-02	1.214892e-10
-1.405541e+01	0.000000e+00	-3.342387e-02	1.801126e-11	-8.769075e-02	1.239327e-10
-1.405274e+01	0.000000e+00	-3.359540e-02	1.816564e-11	-8.864772e-02	1.264370e-10
-1.405006e+01	0.000000e+00	-3.376766e-02	1.832094e-11	-8.961965e-02	1.290033e-10
-1.404736e+01	0.000000e+00	-3.394064e-02	1.847717e-11	-9.060682e-02	1.316334e-10
-1.404463e+01	0.000000e+00	-3.411432e-02	1.863437e-11	-9.160949e-02	1.343295e-10
-1.404189e+01	0.000000e+00	-3.428868e-02	1.879239e-11	-9.262794e-02	1.370929e-10
-1.403913e+01	0.000000e+00	-3.446372e-02	1.895139e-11	-9.366246e-02	1.399258e-10
-1.403635e+01	0.000000e+00	-3.463941e-02	1.911120e-11	-9.471334e-02	1.428300e-10
-1.403356e+01	0.000000e+00	-3.481574e-02	1.927186e-11	-9.578089e-02	1.458077e-10
-1.403074e+01	0.000000e+00	-3.499271e-02	1.943338e-11	-9.686543e-02	1.488611e-10
-1.402790e+01	0.000000e+00	-3.517029e-02	1.959566e-11	-9.796729e-02	1.519921e-10
-1.402505e+01	0.000000e+00	-3.534848e-02	1.975873e-11	-9.908680e-02	1.552032e-10
-1.402217e+01	0.000000e+00	-3.552727e-02	1.992260e-11	-1.002244e-01	1.584972e-10
-1.401927e+01	0.000000e+00	-3.570668e-02	2.008728e-11	-1.013805e-01	1.618762e-10
-1.401636e+01	0.000000e+00	-3.588666e-02	2.025266e-11	-1.025553e-01	1.653427e-10
-1.401342e+01	0.000000e+00	-3.606719e-02	2.041881e-11	-1.037492e-01	1.688995e-10
-1.401046e+01	0.000000e+00	-3.624824e-02	2.058560e-11	-1.049626e-01	1.725488e-10
-1.400749e+01	0.000000e+00	-3.642980e-02	2.075306e-11	-1.061957e-01	1.762933e-10
-1.400449e+01	0.000000e+00	-3.661187e-02	2.092116e-11	-1.074491e-01	1.801363e-10
-1.400147e+01	0.000000e+00	-3.679444e-02	2.108987e-11	-1.087233e-01	1.840810e-10
-1.399843e+01	0.000000e+00	-3.697748e-02	2.125919e-11	-1.100186e-01	1.881301e-10
-1.399537e+01	0.000000e+00	-3.716096e-02	2.142902e-11	-1.113354e-01	1.922867e-10
-1.399229e+01	0.000000e+00	-3.734488e-02	2.159946e-11	-1.126741e-01	1.965546e-10
-1.398918e+01	0.000000e+00	-3.752922e-02	2.177037e-11	-1.140352e-01	2.009368e-10
-1.398606e+01	0.000000e+00	-3.771395e-02	2.194176e-11	-1.154191e-01	2.054365e-10
-1.398291e+01	0.000000e+00	-3.789906e-02	2.211360e-11	-1.168264e-01	2.100584e-10
-1.397974e+01	0.000000e+00	-3.808454e-02	2.228584e-11	-1.182576e-01	2.148055e-10
-1.397655e+01	0.000000e+00	-3.827037e-02	2.245850e-11	-1.197132e-01	2.196822e-10
-1.397334e+01	0.000000e+00	-3.845652e-02	2.263149e-11	-1.211935e-01	2.246921e-10
-1.397011e+01	0.000000e+00	-3.864300e-02	2.280485e-11	-1.226994e-01	2.298403e-10
-1.396685e+01	0.000000e+00	-3.882976e-02	2.297848e-11	-1.242312e-01	2.351308e-10
-1.396357e+01	0.000000e+00	-3.901678e-02	2.315237e-11	-1.257895e-01	2.405681e-10
-1.396027e+01	0.000000e+00	-3.920404e-02	2.332648e-11	-1.273749e-01	2.461570e-10
-1.395694e+01	0.000000e+00	-3.939153e-02	2.350079e-11	-1.289880e-01	2.519023e-10
-1.395359e+01	0.000000e+00	-3.957920e-02	2.367521e-11	-1.306293e-01	2.578090e-10
-1.395022e+01	0.000000e+00	-3.976705e-02	2.384972e-11	-1.322995e-01	2.638826e-10
-1.394683e+01	0.000000e+00	-3.995502e-02	2.402431e-11	-1.339993e-01	2.701287e-10
-1.394341e+01	0.000000e+00	-4.014307e-02	2.419883e-11	-1.357292e-01	2.765525e-10
-1.393997e+01	0.000000e+00	-4.033122e-02	2.437335e-11	-1.374900e-01	2.831604e-10
-1.393650e+01	0.000000e+00	-4.051943e-02	2.454776e-11	-1.392823e-01	2.899582e-10
-1.393301e+01	0.000000e+00	-4.070768e-02	2.472206e-11	-1.411069e-01	2.969524e-10
-1.392950e+01	0.000000e+00	-4.089598e-02	2.489627e-11	-1.429647e-01	3.041507e-10
-1.392596e+01	0.000000e+00	-4.106949e-02	2.505221e-11	-1.447505e-01	3.111046e-10
-1.392239e+01	0.000000e+00	-4.122435e-02	2.518509e-11	-1.464328e-01	3.176663e-10
-1.391881e+01	0.000000e+00	-4.137959e-02	2.531803e-11	-1.481467e-01	3.244150e-10
-1.391519e+01	0.000000e+00	-4.153520e-02	2.545106e-11	-1.498931e-01	3.313567e-10
-1.391155e+01	0.000000e+00	-4.169116e-02	2.558414e-11	-1.516728e-01	3.384992e-10
-1.390789e+01	0.000000e+00	-4.184737e-02	2.571710e-11	-1.534861e-01	3.458465e-10
-1.390420e+01	0.000000e+00	-4.200370e-02	2.584983e-11	-1.553332e-01	3.534030e-10
-1.390049e+01	0.000000e+00	-4.216025e-02	2.598238e-11	-1.572155e-01	3.611791e-10
-1.389675e+01	0.000000e+00	-4.231699e-02	2.611474e-11	-1.591339e-01	3.691821e-10
-1.389298e+01	0.000000e+00	-4.247388e-02	2.624681e-11	-1.610890e-01	3.774195e-10
-1.388919e+01	0.000000e+00	-4.263087e-02	2.637862e-11	-1.630817e-01	3.858990e-10
-1.388537e+01	0.000000e+00	-4.278796e-02	2.651004e-11	-1.651129e-01	3.946289e-10
-1.388153e+01	0.000000e+00	-4.294512e-02	2.664106e-11	-1.671834e-01	4.036175e-10
-1.387766e+01	0.000000e+00	-4.310225e-02	2.677161e-11	-1.692938e-01	4.128732e-10
-1.387376e+01	0.000000e+00	-4.325930e-02	2.690156e-11	-1.714451e-01	4.224043e-10
-1.386984e+01	0.000000e+00	-4.341622e-02	2.703081e-11	-1.736380e-01	4.322197e-10
-1.386588e+01	0.000000e+00	-4.357298e-02	2.715934e-11	-1.758735e-01	4.423292e-10
-1.386190e+01	0.000000e+00	-4.372944e-02	2.728699e-11	-1.781520e-01	4.527405e-10
-1.385790e+01	0.000000e+00	-4.388562e-02	2.741376e-11	-1.804750e-01	4.634661e-10
-1.385386e+01	0.000000e+00	-4.404147e-02	2.753953e-11	-1.828432e-01	4.745159e-10
-1.384980e+01	0.000000e+00	-4.419692e-02	2.766429e-11	-1.852578e-01	4.859016e-10
-1.384571e+01	0.000000e+00	-4.435189e-02	2.778782e-11	-1.877192e-01	4.976315e-10
-1.384159e+01	0.000000e+00	-4.450629e-02	2.791008e-11	-1.902282e-01	5.097159e-10
-1.383744e+01	0.000000e+00	-4.466005e-02	2.803093e-11	-1.927856e-01	5.221658e-10
-1.383326e+01	0.000000e+00	-4.481312e-02	2.815030e-11	-1.953925e-01	5.349938e-10
-1.382906e+01	0.000000e+00	-4.496542e-02	2.826809e-11	-1.980498e-01	5.482117e-10
-1.382482e+01	0.000000e+00	-4.511689e-02	2.838418e-11	-2.007584e-01	5.618312e-10
-1.382056e+01	0.000000e+00	-4.526738e-02	2.849841e-11	-2.035187e-01	5.758624e-10
-1.381627e+01	0.000000e+00	-4.541682e-02	2.861064e-11	-2.063316e-01	5.903180e-10
-1.381194e+01	0.000000e+00	-4.556502e-02	2.872068e-11	-2.091966e-01	6.052029e-10
-1.380759e+01	0.000000e+00	-4.571165e-02	2.882800e-11	-2.121114e-01	6.205101e-10
-1.380320e+01	0.000000e+00	-4.585688e-02	2.893290e-11	-2.150800e-01	6.362722e-10
-1.379879e+01	0.000000e+00	-4.600063e-02	2.903522e-11	-2.181033e-01	6.525021e-10
-1.379435e+01	0.000000e+00	-4.614280e-02	2.913479e-11	-2.211822e-01	6.692130e-10
-1.378987e+01	0.000000e+00	-4.628323e-02	2.923145e-11	-2.243166e-01	6.864137e-10
-1.378536e+01	0.000000e+00	-4.642174e-02	2.932497e-11	-2.275062e-01	7.041107e-10
-1.378083e+01	0.000000e+00	-4.655819e-02	2.941511e-11	-2.307510e-01	7.223133e-10
-1.377626e+01	0.000000e+00	-4.669242e-02	2.950172e-11	-2.340509e-01	7.410288e-10
-1.377166e+01	0.000000e+00	-4.682217e-02	2.958187e-11	-2.373758e-01	7.600731e-10
-1.376702e+01	0.000000e+00	-4.694002e-02	2.964621e-11	-2.406176e-01	7.787486e-10
-1.376236e+01	0.000000e+00	-4.705525e-02	2.970648e-11	-2.439084e-01	7.978993e-10
-1.375766e+01	0.000000e+00	-4.716761e-02	2.976235e-11	-2.472464e-01	8.175212e-10
-1.375293e+01	0.000000e+00	-4.727692e-02	2.981360e-11	-2.506306e-01	8.376126e-10
-1.374817e+01	0.000000e+00	-4.738304e-02	2.985999e-11	-2.540603e-01	8.581770e-10
-1.374337e+01	0.000000e+00	-4.748566e-02	2.990123e-11	-2.575328e-01	8.792013e-10
-1.373854e+01	0.000000e+00	-4.758454e-02	2.993696e-11	-2.610453e-01	9.006718e-10
-1.373368e+01	0.000000e+00	-4.767939e-02	2.996683e-11	-2.645947e-01	9.225728e-10
-1.372879e+01	0.000000e+00	-4.776992e-02	2.999052e-11	-2.681777e-01	9.448850e-10
-1.372386e+01	0.000000e+00	-4.785583e-02	3.000761e-11	-2.717901e-01	9.675813e-10
-1.371889e+01	0.000000e+00	-4.793680e-02	3.001778e-11	-2.754278e-01	9.906363e-10
-1.371389e+01	0.000000e+00	-4.801245e-02	3.002055e-11	-2.790850e-01	1.014008e-09
-1.370886e+01	0.000000e+00	-4.808240e-02	3.001543e-11	-2.827554e-01	1.037652e-09
-1.370379e+01	0.000000e+00	-4.814623e-02	3.000199e-11	-2.864319e-01	1.061514e-09
-1.369869e+01	0.000000e+00	-4.820351e-02	2.997972e-11	-2.901064e-01	1.085530e-09
-1.369355e+01	0.000000e+00	-4.825345e-02	2.994766e-11	-2.937647e-01	1.109589e-09
-1.368838e+01	0.000000e+00	-4.829548e-02	2.990515e-11	-2.973935e-01	1.133581e-09
-1.368317e+01	0.000000e+00	-4.832892e-02	2.985147e-11	-3.009785e-01	1.157388e-09
-1.367792e+01	0.000000e+00	-4.835361e-02	2.978648e-11	-3.045155e-01	1.180962e-09
-1.367264e+01	0.000000e+00	-4.836892e-02	2.970948e-11	-3.079894e-01	1.204174e-09
-1.366732e+01	0.000000e+00	-4.837410e-02	2.961961e-11	-3.113836e-01	1.226875e-09
-1.366196e+01	0.000000e+00	-4.836837e-02	2.951616e-11	-3.146790e-01	1.248899e-09
-1.365657e+01	0.000000e+00	-4.835086e-02	2.939810e-11	-3.178548e-01	1.270056e-09
-1.365114e+01	0.000000e+00	-4.832058e-02	2.926440e-11	-3.208853e-01	1.290116e-09
-1.364567e+01	0.000000e+00	-4.827648e-02	2.911401e-11	-3.237433e-01	1.308839e-09
-1.364017e+01	0.000000e+00	-4.821767e-02	2.894608e-11	-3.264053e-01	1.326004e-09
-1.363462e+01	0.000000e+00	-4.814284e-02	2.875926e-11	-3.288381e-01	1.341317e-09
-1.362904e+01	0.000000e+00	-4.805067e-02	2.855230e-11	-3.310070e-01	1.354467e-09
-1.362342e+01	0.000000e+00	-4.793968e-02	2.832371e-11	-3.328740e-01	1.365122e-09
-1.361776e+01	0.000000e+00	-4.780835e-02	2.807227e-11	-3.343996e-01	1.372941e-09
-1.361206e+01	0.000000e+00	-4.765485e-02	2.779611e-11	-3.355386e-01	1.377541e-09
-1.360632e+01	0.000000e+00	-4.747723e-02	2.749349e-11	-3.362431e-01	1.378528e-09
-1.360054e+01	0.000000e+00	-4.727339e-02	2.716274e-11	-3.364636e-01	1.375512e-09
-1.359472e+01	0.000000e+00	-4.704096e-02	2.680178e-11	-3.361470e-01	1.368097e-09
-1.358886e+01	0.000000e+00	-4.677724e-02	2.640837e-11	-3.352355e-01	1.355872e-09
-1.358296e+01	0.000000e+00	-4.647931e-02	2.598024e-11	-3.336704e-01	1.338456e-09
-1.357702e+01	0.000000e+00	-4.614393e-02	2.551496e-11	-3.313915e-01	1.315504e-09
-1.357104e+01	0.000000e+00	-4.576759e-02	2.500997e-11	-3.283400e-01	1.286730e-09
-1.356502e+01	0.000000e+00	-4.534619e-02	2.446241e-11	-3.244541e-01	1.251890e-09
-1.355895e+01	0.000000e+00	-4.487527e-02	2.386964e-11	-3.196755e-01	1.210848e-09
-1.355284e+01	0.000000e+00	-4.434994e-02	2.322843e-11	-3.139507e-01	1.163573e-09
-1.354669e+01	0.000000e+00	-4.376478e-02	2.253589e-11	-3.072332e-01	1.110191e-09
-1.354050e+01	0.000000e+00	-4.311371e-02	2.178902e-11	-2.994819e-01	1.050949e-09
-1.353427e+01	0.000000e+00	-4.239007e-02	2.098487e-11	-2.906680e-01	9.862897e-10
-1.352799e+01	0.000000e+00	-4.158654e-02	2.012083e-11	-2.807765e-01	9.168335e-10
-1.352167e+01	0.000000e+00	-4.069510e-02	1.919450e-11	-2.698083e-01	8.433901e-10
-1.351530e+01	0.000000e+00	-3.970711e-02	1.820412e-11	-2.577847e-01	7.669548e-10
-1.350889e+01	0.000000e+00	-3.861319e-02	1.714896e-11	-2.447469e-01	6.886806e-10
-1.350244e+01	0.000000e+00	-3.740339e-02	1.602913e-11	-2.307590e-01	6.098422e-10
-1.349594e+01	0.000000e+00	-3.606737e-02	1.484645e-11	-2.159107e-01	5.318049e-10
-1.348940e+01	0.000000e+00	-3.459472e-02	1.360571e-11	-2.003176e-01	4.559741e-10
-1.348281e+01	0.000000e+00	-3.297545e-02	1.231352e-11	-1.841218e-01	3.837040e-10
-1.347617e+01	0.000000e+00	-3.120050e-02	1.097980e-11	-1.674879e-01	3.162455e-10
-1.346949e+01	0.000000e+00	-2.926281e-02	9.620087e-12	-1.506016e-01	2.546707e-10
-1.346276e+01	0.000000e+00	-2.715874e-02	8.253418e-12	-1.336677e-01	1.998137e-10
-1.345599e+01	0.000000e+00	-2.488936e-02	6.904037e-12	-1.169002e-01	1.522103e-10
-1.344917e+01	0.000000e+00	-2.246400e-02	5.601450e-12	-1.005313e-01	1.121109e-10
-1.344230e+01	0.000000e+00	-1.990203e-02	4.378974e-12	-8.479328e-02	7.942930e-11
-1.343538e+01	0.000000e+00	-1.723542e-02	3.271028e-12	-6.991070e-02	5.377227e-11
-1.342842e+01	0.000000e+00	-1.451220e-02	2.309632e-12	-5.610004e-02	3.448152e-11
-1.342141e+01	0.000000e+00	-1.179880e-02	1.520401e-12	-4.356502e-02	2.070609e-11
-1.341435e+01	0.000000e+00	-9.180797e-03	9.169439e-13	-3.249254e-02	1.146992e-11
-1.340724e+01	0.000000e+00	-6.761191e-03	4.955058e-13	-2.305016e-02	5.748197e-12
-1.340008e+01	0.000000e+00	-4.655077e-03	2.340774e-13	-1.538490e-02	2.549800e-12
-1.339287e+01	0.000000e+00	-2.980406e-03	9.569774e-14	-9.623493e-03	9.934397e-13
-1.338561e+01	0.000000e+00	-1.845386e-03	3.661942e-14	-5.874182e-03	3.685354e-13
-1.337830e+01	0.000000e+00	-1.334458e-03	1.911416e-14	-4.229791e-03	1.900363e-13
-1.337095e+01	0.000000e+00	-1.495881e-03	2.392340e-14	-4.772183e-03	2.412242e-13
-1.336353e+01	0.000000e+00	-2.334127e-03	5.770067e-14	-7.577895e-03	6.054653e-13
-1.335607e+01	0.000000e+00	-3.809262e-03	1.528572e-13	-1.272495e-02	1.699292e-12
-1.334856e+01	0.000000e+00	-5.843484e-03	3.580024e-13	-2.030084e-02	4.306879e-12
-1.334099e+01	0.000000e+00	-8.332919e-03	7.233214e-13	-3.041188e-02	9.619264e-12
-1.333338e+01	0.000000e+00	-1.116155e-02	1.291190e-12	-4.319418e-02	1.931625e-11
-1.332571e+01	0.000000e+00	-1.421415e-02	2.084413e-12	-5.882682e-02	3.566748e-11
-1.331798e+01	0.000000e+00	-1.738612e-02	3.104012e-12	-7.754818e-02	6.170034e-11
-1.331020e+01	0.000000e+00	-2.058940e-02	4.332682e-12	-9.967707e-02	1.014694e-10
-1.330237e+01	0.000000e+00	-2.375455e-02	5.739663e-12	-1.256381e-01	1.604592e-10
-1.329449e+01	0.000000e+00	-2.683064e-02	7.288579e-12	-1.560023e-01	2.462452e-10
-1.328655e+01	0.000000e+00	-2.978311e-02	8.938255e-12	-1.915423e-01	3.694847e-10
-1.327855e+01	0.000000e+00	-3.259076e-02	1.065211e-11	-2.333084e-01	5.456025e-10
-1.327050e+01	0.000000e+00	-3.524300e-02	1.239700e-11	-2.827562e-01	7.975807e-10
-1.326239e+01	0.000000e+00	-3.773656e-02	1.414501e-11	-3.419241e-01	1.160728e-09
-1.325423e+01	0.000000e+00	-4.007366e-02	1.587455e-11	-4.137524e-01	1.691459e-09
-1.324601e+01	0.000000e+00	-4.226005e-02	1.756826e-11	-5.026122e-01	2.483936e-09
-1.323774e+01	0.000000e+00	-4.430359e-02	1.921431e-11	-6.152662e-01	3.704095e-09
-1.322940e+01	0.000000e+00	-4.621307e-02	2.080355e-11	-7.627142e-01	5.664304e-09
-1.322101e+01	0.000000e+00	-4.799801e-02	2.233092e-11	-9.641425e-01	9.006573e-09
-1.321256e+01	0.000000e+00	-4.966774e-02	2.379267e-11	-1.256167e+00	1.521287e-08
-1.320405e+01	0.000000e+00	-5.123125e-02	2.518771e-11	-1.718434e+00	2.832749e-08
-1.319549e+01	0.000000e+00	-5.269703e-02	2.651539e-11	-2.562959e+00	6.269558e-08
-1.318686e+01	0.000000e+00	-5.407265e-02	2.777631e-11	-4.603717e+00	2.012644e-07
-1.317817e+01	0.000000e+00	-5.536484e-02	2.897146e-11	-1.661906e+01	2.609434e-06
-1.316943e+01	0.000000e+00	-5.657981e-02	3.010175e-11	1.200383e+01	1.354382e-06
-1.316062e+01	0.000000e+00	-5.772288e-02	3.116869e-11	4.648395e+00	2.020514e-07
-1.315175e+01	0.000000e+00	-5.879874e-02	3.217335e-11	2.968720e+00	8.198489e-08
-1.314282e+01	0.000000e+00	-5.981141e-02	3.311702e-11	2.223420e+00	4.574705e-08
-1.313383e+01	0.000000e+00	-6.076398e-02	3.400050e-11	1.802095e+00	2.989407e-08
-1.312478e+01	0.000000e+00	-6.165899e-02	3.482403e-11	1.530975e+00	2.146153e-08
-1.311566e+01	0.000000e+00	-6.249842e-02	3.558799e-11	1.341735e+00	1.639599e-08
-1.310648e+01	0.000000e+00	-6.328376e-02	3.629228e-11	1.202046e+00	1.308914e-08
-1.309724e+01	0.000000e+00	-6.401585e-02	3.693630e-11	1.094653e+00	1.079621e-08
-1.308793e+01	0.000000e+00	-6.469497e-02	3.751919e-11	1.009501e+00	9.131991e-09
-1.307856e+01	0.000000e+00	-6.531970e-02	3.803812e-11	9.403700e-01	7.880761e-09
-1.306912e+01	0.000000e+00	-6.588989e-02	3.849202e-11	8.831291e-01	6.912288e-09
-1.305962e+01	0.000000e+00	-6.640482e-02	3.887942e-11	8.349872e-01	6.144976e-09
-1.305005e+01	0.000000e+00	-6.686284e-02	3.919774e-11	7.939785e-01	5.525214e-09
-1.304041e+01	0.000000e+00	-6.726147e-02	3.944390e-11	7.587015e-01	5.016823e-09
-1.303071e+01	0.000000e+00	-6.759239e-02	3.960791e-11	7.282515e-01	4.596091e-09
-1.302094e+01	0.000000e+00	-6.785821e-02	3.969302e-11	7.016603e-01	4.242310e-09
-1.301111e+01	0.000000e+00	-6.804433e-02	3.968260e-11	6.786059e-01	3.945393e-09
-1.300120e+01	0.000000e+00	-6.815630e-02	3.958392e-11	6.583778e-01	3.692286e-09
-1.299123e+01	0.000000e+00	-6.819600e-02	3.940022e-11	6.405168e-01	3.474395e-09
-1.298119e+01	0.000000e+00	-6.816382e-02	3.913327e-11	6.246665e-01	3.285270e-09
-1.297107e+01	0.000000e+00	-6.803089e-02	3.875174e-11	6.111820e-01	3.126478e-09
-1.296089e+01	0.000000e+00	-6.779610e-02	3.825709e-11	5.998438e-01	2.993733e-09
-1.295064e+01	0.000000e+00	-6.750359e-02	3.770187e-11	5.896506e-01	2.875621e-09
-1.294032e+01	0.000000e+00	-6.716068e-02	3.709614e-11	5.804699e-01	2.770063e-09
-1.292992e+01	0.000000e+00	-6.677912e-02	3.645455e-11	5.721543e-01	2.675021e-09
-1.291945e+01	0.000000e+00	-6.637665e-02	3.579775e-11	5.645133e-01	2.588226e-09
-1.290891e+01	0.000000e+00	-6.597626e-02	3.515095e-11	5.573407e-01	2.507440e-09
-1.289830e+01	0.000000e+00	-6.560298e-02	3.454045e-11	5.504582e-01	2.430833e-09
-1.288761e+01	0.000000e+00	-6.528959e-02	3.399925e-11	5.436097e-01	2.356027e-09
-1.287685e+01	0.000000e+00	-6.507658e-02	3.356704e-11	5.364501e-01	2.280056e-09
-1.286602e+01	0.000000e+00	-6.499953e-02	3.327731e-11	5.287405e-01	2.201074e-09
-1.285511e+01	0.000000e+00	-6.509038e-02	3.315937e-11	5.202941e-01	2.117833e-09
-1.284412e+01	0.000000e+00	-6.537232e-02	3.323432e-11	5.110390e-01	2.030147e-09
-1.283306e+01	0.000000e+00	-6.585913e-02	3.351489e-11	5.009847e-01	1.938541e-09
-1.282192e+01	0.000000e+00	-6.655129e-02	3.400215e-11	4.902621e-01	1.844466e-09
-1.281070e+01	0.000000e+00	-6.743665e-02	3.468594e-11	4.790869e-01	1.749892e-09
-1.279941e+01	0.000000e+00	-6.849209e-02	3.554600e-11	4.677188e-01	1.656920e-09
-1.278804e+01	0.000000e+00	-6.968592e-02	3.655352e-11	4.564247e-01	1.567473e-09
-1.277659e+01	0.000000e+00	-7.098231e-02	3.767459e-11	4.454336e-01	1.482989e-09
-1.276506e+01	0.000000e+00	-7.234645e-02	3.887514e-11	4.349071e-01	1.404285e-09
-1.275345e+01	0.000000e+00	-7.374604e-02	4.012214e-11	4.249538e-01	1.331730e-09
-1.274176e+01	0.000000e+00	-7.515420e-02	4.138685e-11	4.156285e-01	1.265299e-09
-1.272998e+01	0.000000e+00	-7.655075e-02	4.264654e-11	4.069451e-01	1.204714e-09
-1.271813e+01	0.000000e+00	-7.792265e-02	4.388544e-11	3.988904e-01	1.149552e-09
-1.270620e+01	0.000000e+00	-7.926480e-02	4.509637e-11	3.914264e-01	1.099284e-09
-1.269418e+01	0.000000e+00	-8.057953e-02	4.628039e-11	3.845010e-01	1.053349e-09
-1.268208e+01	0.000000e+00	-8.187483e-02	4.744539e-11	3.780638e-01	1.011239e-09
-1.266989e+01	0.000000e+00	-8.316324e-02	4.860496e-11	3.720615e-01	9.724741e-10
-1.265762e+01	0.000000e+00	-8.446111e-02	4.977763e-11	3.664389e-01	9.366018e-10
-1.264527e+01	0.000000e+00	-8.578542e-02	5.098339e-11	3.611451e-01	9.032271e-10
-1.263283e+01	0.000000e+00	-8.715182e-02	5.224125e-11	3.561392e-01	8.720325e-10
-1.262030e+01	0.000000e+00	-8.857266e-02	5.356697e-11	3.513855e-01	8.427491e-10
-1.260769e+01	0.000000e+00	-9.005407e-02	5.496914e-11	3.468591e-01	8.151771e-10
-1.259498e+01	0.000000e+00	-9.160014e-02	5.645425e-11	3.425307e-01	7.891092e-10
-1.258220e+01	0.000000e+00	-9.320771e-02	5.801992e-11	3.383852e-01	7.644172e-10
-1.256932e+01	0.000000e+00	-9.486842e-02	5.965717e-11	3.344171e-01	7.410219e-10
-1.255635e+01	0.000000e+00	-9.657239e-02	6.135470e-11	3.306179e-01	7.188366e-10
-1.254329e+01	0.000000e+00	-9.830547e-02	6.309516e-11	3.269896e-01	6.978226e-10
-1.253015e+01	0.000000e+00	-1.000614e-01	6.487086e-11	3.235119e-01	6.778498e-10
-1.251691e+01	0.000000e+00	-1.018298e-01	6.666804e-11	3.201825e-01	6.588707e-10
-1.250358e+01	0.000000e+00	-1.035941e-01	6.846438e-11	3.170065e-01	6.408683e-10
-1.249016e+01	0.000000e+00	-1.053551e-01	7.026011e-11	3.139671e-01	6.237404e-10
-1.247664e+01	0.000000e+00	-1.070475e-01	7.196620e-11	3.111097e-01	6.076321e-10
-1.246303e+01	0.000000e+00	-1.086863e-01	7.360011e-11	3.084039e-01	5.923887e-10
-1.244933e+01	0.000000e+00	-1.103240e-01	7.523085e-11	3.057975e-01	5.777801e-10
-1.243553e+01	0.000000e+00	-1.119517e-01	7.684571e-11	3.032945e-01	5.638012e-10
-1.242163e+01	0.000000e+00	-1.135681e-01	7.844175e-11	3.008910e-01	5.504168e-10
-1.240764e+01	0.000000e+00	-1.151806e-01	8.002822e-11	2.985767e-01	5.375705e-10
-1.239356e+01	0.000000e+00	-1.167890e-01	8.160407e-11	2.963497e-01	5.252381e-10
-1.237937e+01	0.000000e+00	-1.183971e-01	8.317399e-11	2.942014e-01	5.133738e-10
-1.236509e+01	0.000000e+00	-1.200041e-01	8.473594e-11	2.921286e-01	5.019519e-10
-1.235070e+01	0.000000e+00	-1.216128e-01	8.629309e-11	2.901276e-01	4.909469e-10
-1.233622e+01	0.000000e+00	-1.232241e-01	8.784638e-11	2.881961e-01	4.803386e-10
-1.232164e+01	0.000000e+00	-1.248415e-01	8.939999e-11	2.863285e-01	4.700967e-10
-1.230696e+01	0.000000e+00	-1.264656e-01	9.095425e-11	2.845232e-01	4.602057e-10
-1.229217e+01	0.000000e+00	-1.280971e-01	9.250957e-11	2.827786e-01	4.506501e-10
-1.227728e+01	0.000000e+00	-1.297381e-01	9.406837e-11	2.810913e-01	4.414097e-10
-1.226229e+01	0.000000e+00	-1.313905e-01	9.563318e-11	2.794577e-01	4.324644e-10
-1.224720e+01	0.000000e+00	-1.330545e-01	9.720343e-11	2.778767e-01	4.238032e-10
-1.223200e+01	0.000000e+00	-1.347314e-01	9.878054e-11	2.763459e-01	4.154104e-10
-1.221669e+01	0.000000e+00	-1.364204e-01	1.003631e-10	2.748629e-01	4.072723e-10
-1.220128e+01	0.000000e+00	-1.380918e-01	1.019064e-10	2.734339e-01	3.993993e-10
-1.218576e+01	0.000000e+00	-1.397693e-01	1.034447e-10	2.720522e-01	3.917653e-10
-1.217014e+01	0.000000e+00	-1.414700e-01	1.050029e-10	2.707109e-01	3.843442e-10
-1.215440e+01	0.000000e+00	-1.431915e-01	1.065768e-10	2.694110e-01	3.771331e-10
-1.213856e+01	0.000000e+00	-1.449356e-01	1.081686e-10	2.681508e-01	3.701220e-10
-1.212261e+01	0.000000e+00	-1.467036e-01	1.097800e-10	2.669280e-01	3.632995e-10
-1.210654e+01	0.000000e+00	-1.484914e-01	1.114040e-10	2.657460e-01	3.566698e-10
-1.209037e+01	0.000000e+00	-1.503012e-01	1.130437e-10	2.646010e-01	3.502181e-10
-1.207408e+01	0.000000e+00	-1.521369e-01	1.147041e-10	2.634899e-01	3.439315e-10
-1.205768e+01	0.000000e+00	-1.539970e-01	1.163828e-10	2.624132e-01	3.378072e-10
-1.204117e+01	0.000000e+00	-1.558808e-01	1.180778e-10	2.613701e-01	3.318393e-10
-1.202454e+01	0.000000e+00	-1.577925e-01	1.197950e-10	2.603585e-01	3.260185e-10
-1.200780e+01	0.000000e+00	-1.597245e-01	1.215224e-10	2.593800e-01	3.203452e-10
-1.199094e+01	0.000000e+00	-1.616866e-01	1.232740e-10	2.584311e-01	3.148072e-10
-1.197396e+01	0.000000e+00	-1.636762e-01	1.250454e-10	2.575122e-01	3.094020e-10
-1.195687e+01	0.000000e+00	-1.656959e-01	1.268397e-10	2.566221e-01	3.041236e-10
-1.193965e+01	0.000000e+00	-1.677492e-01	1.286617e-10	2.557588e-01	2.989644e-10
-1.192232e+01	0.000000e+00	-1.698387e-01	1.305148e-10	2.549206e-01	2.939176e-10
-1.190487e+01	0.000000e+00	-1.719621e-01	1.323946e-10	2.541086e-01	2.889829e-10
-1.188730e+01	0.000000e+00	-1.741222e-01	1.343048e-10	2.533213e-01	2.841545e-10
-1.186960e+01	0.000000e+00	-1.763204e-01	1.362466e-10	2.525581e-01	2.794283e-10
-1.185179e+01	0.000000e+00	-1.785573e-01	1.382203e-10	2.518185e-01	2.748012e-10
-1.183385e+01	0.000000e+00	-1.808339e-01	1.402266e-10	2.511022e-01	2.702698e-10
-1.181578e+01	0.000000e+00	-1.831509e-01	1.422656e-10	2.504087e-01	2.658312e-10
-1.179759e+01	0.000000e+00	-1.855075e-01	1.443354e-10	2.497377e-01	2.614823e-10
-1.177927e+01	0.000000e+00	-1.879094e-01	1.464437e-10	2.490872e-01	2.572172e-10
-1.176083e+01	0.000000e+00	-1.903556e-01	1.485879e-10	2.484576e-01	2.530345e-10
-1.174226e+01	0.000000e+00	-1.928464e-01	1.507678e-10	2.478478e-01	2.489304e-10
-1.172356e+01	0.000000e+00	-1.953858e-01	1.529884e-10	2.472573e-01	2.449018e-10
-1.170473e+01	0.000000e+00	-1.979732e-01	1.552475e-10	2.466869e-01	2.409486e-10
-1.168577e+01	0.000000e+00	-2.006075e-01	1.575424e-10	2.461371e-01	2.370703e-10
-1.166668e+01	0.000000e+00	-2.032931e-01	1.598789e-10	2.456061e-01	2.332616e-10
-1.164746e+01	0.000000e+00	-2.060327e-01	1.622598e-10	2.450933e-01	2.295195e-10
-1.162810e+01	0.000000e+00	-2.088306e-01	1.646907e-10	2.445975e-01	2.258406e-10
-1.160861e+01	0.000000e+00	-2.116821e-01	1.671628e-10	2.441199e-01	2.222257e-10
-1.158898e+01	0.000000e+00	-2.145916e-01	1.696817e-10	2.436596e-01	2.186714e-10
-1.156922e+01	0.000000e+00	-2.175592e-01	1.722459e-10	2.432168e-01	2.151768e-10
-1.154932e+01	0.000000e+00	-2.205869e-01	1.748572e-10	2.427910e-01	2.117399e-10
-1.152928e+01	0.000000e+00	-2.236749e-01	1.775141e-10	2.423827e-01	2.083597e-10
-1.150911e+01	0.000000e+00	-2.268300e-01	1.802258e-10	2.419902e-01	2.050325e-10
-1.148879e+01	0.000000e+00	-2.300536e-01	1.829927e-10	2.416134e-01	2.017566e-10
-1.146833e+01	0.000000e+00	-2.333498e-01	1.858195e-10	2.412515e-01	1.985297e-10
-1.144774e+01	0.000000e+00	-2.367206e-01	1.887075e-10	2.409044e-01	1.953504e-10
-1.142699e+01	0.000000e+00	-2.401694e-01	1.916601e-10	2.405717e-01	1.922171e-10
-1.140611e+01	0.000000e+00	-2.436962e-01	1.946751e-10	2.402538e-01	1.891292e-10
-1.138508e+01	0.000000e+00	-2.473047e-01	1.977560e-10	2.399498e-01	1.860843e-10
-1.136390e+01	0.000000e+00	-2.510017e-01	2.009116e-10	2.396586e-01	1.830799e-10
-1.134258e+01	0.000000e+00	-2.547893e-01	2.041429e-10	2.393808e-01	1.801158e-10
-1.132111e+01	0.000000e+00	-2.586700e-01	2.074511e-10	2.391153e-01	1.771896e-10
-1.129949e+01	0.000000e+00	-2.626425e-01	2.108314e-10	2.388629e-01	1.743016e-10
-1.127772e+01	0.000000e+00	-2.667110e-01	2.142878e-10	2.386236e-01	1.714509e-10
-1.125580e+01	0.000000e+00	-2.708802e-01	2.178248e-10	2.383975e-01	1.686366e-10
-1.123373e+01	0.000000e+00	-2.751567e-01	2.214497e-10	2.381835e-01	1.658565e-10
-1.121151e+01	0.000000e+00	-2.795450e-01	2.251668e-10	2.379815e-01	1.631096e-10
-1.118913e+01	0.000000e+00	-2.840504e-01	2.289806e-10	2.377911e-01	1.603947e-10
-1.116659e+01	0.000000e+00	-2.886732e-01	2.328882e-10	2.376128e-01	1.577116e-10
-1.114390e+01	0.000000e+00	-2.934208e-01	2.368976e-10	2.374462e-01	1.550589e-10
-1.112106e+01	0.000000e+00	-2.982884e-01	2.409968e-10	2.372922e-01	1.524373e-10
-1.109805e+01	0.000000e+00	-3.032886e-01	2.452020e-10	2.371497e-01	1.498445e-10
-1.107488e+01	0.000000e+00	-3.084210e-01	2.495076e-10	2.370189e-01	1.472800e-10
-1.105156e+01	0.000000e+00	-3.136999e-01	2.539319e-10	2.368986e-01	1.447417e-10
-1.102807e+01	0.000000e+00	-3.191348e-01	2.584854e-10	2.367885e-01	1.422286e-10
-1.100442e+01	0.000000e+00	-3.247315e-01	2.631717e-10	2.366887e-01	1.397402e-10
-1.098061e+01	0.000000e+00	-3.305000e-01	2.680013e-10	2.365988e-01	1.372754e-10
-1.095663e+01	0.000000e+00	-3.364459e-01	2.729771e-10	2.365187e-01	1.348336e-10
-1.093248e+01	0.000000e+00	-3.425773e-01	2.781057e-10	2.364482e-01	1.324140e-10
-1.090817e+01	0.000000e+00	-3.489030e-01	2.833943e-10	2.363872e-01	1.300160e-10
-1.088369e+01	0.000000e+00	-3.554375e-01	2.888592e-10	2.363351e-01	1.276382e-10
-1.085904e+01	0.000000e+00	-3.621717e-01	2.944776e-10	2.362933e-01	1.252817e-10
-1.083421e+01	0.000000e+00	-3.691266e-01	3.002751e-10	2.362608e-01	1.229451e-10
-1.080922e+01	0.000000e+00	-3.763196e-01	3.062710e-10	2.362371e-01	1.206272e-10
-1.078405e+01	0.000000e+00	-3.837686e-01	3.124851e-10	2.362217e-01	1.183270e-10
-1.075871e+01	0.000000e+00	-3.914658e-01	3.188940e-10	2.362159e-01	1.160454e-10
-1.073319e+01	0.000000e+00	-3.994275e-01	3.255134e-10	2.362192e-01	1.137814e-10
-1.070750e+01	0.000000e+00	-4.076723e-01	3.323616e-10	2.362313e-01	1.115343e-10
-1.068163e+01	0.000000e+00	-4.162124e-01	3.394461e-10	2.362522e-01	1.093035e-10
-1.065557e+01	0.000000e+00	-4.250640e-01	3.467792e-10	2.362817e-01	1.070885e-10
-1.062934e+01	0.000000e+00	-4.342570e-01	3.543952e-10	2.363190e-01	1.048881e-10
-1.060293e+01	0.000000e+00	-4.438007e-01	3.622935e-10	2.363646e-01	1.027024e-10
-1.057633e+01	0.000000e+00	-4.537208e-01	3.704988e-10	2.364181e-01	1.005306e-10
-1.054955e+01	0.000000e+00	-4.640534e-01	3.790517e-10	2.364786e-01	9.837159e-11
-1.052258e+01	0.000000e+00	-4.748243e-01	3.879741e-10	2.365461e-01	9.622499e-11
-1.049543e+01	0.000000e+00	-4.860510e-01	3.972733e-10	2.366210e-01	9.409082e-11
-1.046808e+01	0.000000e+00	-4.977534e-01	4.069579e-10	2.367036e-01	9.196899e-11
-1.044055e+01	0.000000e+00	-5.099363e-01	4.170105e-10	2.367941e-01	8.985927e-11
-1.041283e+01	0.000000e+00	-5.226573e-01	4.274971e-10	2.368919e-01	8.776080e-11
-1.038491e+01	0.000000e+00	-5.359676e-01	4.384711e-10	2.369964e-01	8.567284e-11
-1.035681e+01	0.000000e+00	-5.499009e-01	4.499544e-10	2.371078e-01	8.359526e-11
-1.032850e+01	0.000000e+00	-5.644944e-01	4.619715e-10	2.372262e-01	8.152786e-11
-1.030000e+01	0.000000e+00	-5.797841e-01	4.745409e-10	2.373520e-01	7.947049e-11
-1.027131e+01	0.000000e+00	-5.958276e-01	4.877131e-10	2.374849e-01	7.742264e-11
-1.024241e+01	0.000000e+00	-6.126943e-01	5.015532e-10	2.376243e-01	7.538369e-11
-1.021331e+01	0.000000e+00	-6.304477e-01	5.161112e-10	2.377703e-01	7.335330e-11
-1.018402e+01	0.000000e+00	-6.491764e-01	5.314730e-10	2.379220e-01	7.133081e-11
-1.015451e+01	0.000000e+00	-6.689560e-01	5.476958e-10	2.380798e-01	6.931608e-11
-1.012481e+01	0.000000e+00	-6.898862e-01	5.648696e-10	2.382434e-01	6.730874e-11
-1.009490e+01	0.000000e+00	-7.120603e-01	5.830645e-10	2.384128e-01	6.530857e-11
-1.006478e+01	0.000000e+00	-7.355522e-01	6.023093e-10	2.385887e-01	6.331564e-11
-1.003445e+01	0.000000e+00	-7.605303e-01	6.227758e-10	2.387700e-01	6.132920e-11
-1.000391e+01	0.000000e+00	-7.871339e-01	6.445748e-10	2.389568e-01	5.934906e-11
-9.973164e+00	0.000000e+00	-8.155147e-01	6.678220e-10	2.391493e-01	5.737506e-11
-9.942201e+00	0.000000e+00	-8.458254e-01	6.926160e-10	2.393478e-01	5.540715e-11
-9.911024e+00	0.000000e+00	-8.782896e-01	7.191498e-10	2.395519e-01	5.344492e-11
-9.879631e+00	0.000000e+00	-9.131368e-01	7.476009e-10	2.397617e-01	5.148818e-11
-9.848020e+00	0.000000e+00	-9.506782e-01	7.782505e-10	2.399765e-01	4.953645e-11
-9.816190e+00	0.000000e+00	-9.912788e-01	8.114297e-10	2.401959e-01	4.758933e-11
-9.784139e+00	0.000000e+00	-1.035276e+00	8.473814e-10	2.404201e-01	4.564682e-11
-9.751866e+00	0.000000e+00	-1.083148e+00	8.865256e-10	2.406490e-01	4.370863e-11
-9.719370e+00	0.000000e+00	-1.135379e+00	9.292234e-10	2.408825e-01	4.177462e-11
-9.686648e+00	0.000000e+00	-1.192577e+00	9.759611e-10	2.411207e-01	3.984462e-11
-9.653699e+00	0.000000e+00	-1.255404e+00	1.027207e-09	2.413641e-01	3.791863e-11
-9.620522e+00	0.000000e+00	-1.324690e+00	1.083576e-09	2.416125e-01	3.599644e-11
-9.587115e+00	0.000000e+00	-1.401628e+00	1.146118e-09	2.418654e-01	3.407770e-11
-9.553476e+00	0.000000e+00	-1.487575e+00	1.215926e-09	2.421229e-01	3.216228e-11
-9.519605e+00	0.000000e+00	-1.584236e+00	1.294395e-09	2.423847e-01	3.024997e-11
-9.485498e+00	0.000000e+00	-1.693865e+00	1.383435e-09	2.426503e-01	2.834051e-11
-9.451155e+00	0.000000e+00	-1.819181e+00	1.485217e-09	2.429198e-01	2.643379e-11
-9.416574e+00	0.000000e+00	-1.963744e+00	1.602583e-09	2.431932e-01	2.452972e-11
-9.381753e+00	0.000000e+00	-2.132483e+00	1.739621e-09	2.434701e-01	2.262809e-11
-9.346691e+00	0.000000e+00	-2.331949e+00	1.901631e-09	2.437508e-01	2.072885e-11
-9.311386e+00	0.000000e+00	-2.571358e+00	2.096103e-09	2.440350e-01	1.883184e-11
-9.275836e+00	0.000000e+00	-2.863949e+00	2.333738e-09	2.443227e-01	1.693698e-11
-9.240040e+00	0.000000e+00	-3.229456e+00	2.630393e-09	2.446141e-01	1.504416e-11
-9.203996e+00	0.000000e+00	-3.699142e+00	3.011397e-09	2.449090e-01	1.315329e-11
-9.167701e+00	0.000000e+00	-4.325164e+00	3.519069e-09	2.452072e-01	1.126424e-11
-9.131156e+00	0.000000e+00	-5.201863e+00	4.230348e-09	2.455084e-01	9.376894e-12
-9.094356e+00	0.000000e+00	-6.516534e+00	5.296931e-09	2.458125e-01	7.491189e-12
-9.057302e+00	0.000000e+00	-8.704605e+00	7.070517e-09	2.461199e-01	5.607056e-12
-9.019991e+00	0.000000e+00	-1.307970e+01	1.061956e-08	2.464298e-01	3.724400e-12
-8.982421e+00	0.000000e+00	-2.616158e+01	2.122561e-08	2.467426e-01	1.843175e-12
-8.944591e+00	0.000000e+00	-6.256291e+03	5.076660e-06	2.470580e-01	-3.668785e-14
-8.906499e+00	0.000000e+00	2.653104e+01	-2.152066e-08	2.473762e-01	-1.915247e-12
-8.868143e+00	0.000000e+00	1.327954e+01	-1.077430e-08	2.476975e-01	-3.792569e-12
-8.829520e+00	0.000000e+00	8.868531e+00	-7.191980e-09	2.480209e-01	-5.668687e-12
-8.790630e+00	0.000000e+00	6.664898e+00	-5.401893e-09	2.483467e-01	-7.543648e-12
-8.751471e+00	0.000000e+00	5.345938e+00	-4.332388e-09	2.486753e-01	-9.417528e-12
-8.712040e+00	0.000000e+00	4.467409e+00	-3.620334e-09	2.490065e-01	-1.129037e-11
-8.672335e+00	0.000000e+00	3.839498e+00	-3.110916e-09	2.493399e-01	-1.316217e-11
-8.632356e+00	0.000000e+00	3.368358e+00	-2.728404e-09	2.496752e-01	-1.503295e-11
-8.592099e+00	0.000000e+00	3.001956e+00	-2.430881e-09	2.500128e-01	-1.690276e-11
-8.551563e+00	0.000000e+00	2.708750e+00	-2.192664e-09	2.503522e-01	-1.877159e-11
-8.510747e+00	0.000000e+00	2.468577e+00	-1.997262e-09	2.506929e-01	-2.063936e-11
-8.469647e+00	0.000000e+00	2.268563e+00	-1.834596e-09	2.510356e-01	-2.250620e-11
-8.428263e+00	0.000000e+00	2.099240e+00	-1.696791e-09	2.513798e-01	-2.437201e-11
-8.386591e+00	0.000000e+00	1.954090e+00	-1.578613e-09	2.517254e-01	-2.623680e-11
-8.344631e+00	0.000000e+00	1.828289e+00	-1.476159e-09	2.520724e-01	-2.810056e-11
-8.302380e+00	0.000000e+00	1.718251e+00	-1.386547e-09	2.524208e-01	-2.996331e-11
-8.259836e+00	0.000000e+00	1.621194e+00	-1.307510e-09	2.527706e-01	-3.182502e-11
-8.216997e+00	0.000000e+00	1.534950e+00	-1.237280e-09	2.531216e-01	-3.368566e-11
-8.173861e+00	0.000000e+00	1.457883e+00	-1.174583e-09	2.534742e-01	-3.554531e-11
-8.130427e+00	0.000000e+00	1.388516e+00	-1.118124e-09	2.538277e-01	-3.740381e-11
-8.086691e+00	0.000000e+00	1.325698e+00	-1.066932e-09	2.541817e-01	-3.926100e-11
-8.042652e+00	0.000000e+00	1.268602e+00	-1.020395e-09	2.545367e-01	-4.111696e-11
-7.998307e+00	0.000000e+00	1.216581e+00	-9.780645e-10	2.548930e-01	-4.297186e-11
-7.953656e+00	0.000000e+00	1.168958e+00	-9.393488e-10	2.552505e-01	-4.482560e-11
-7.908694e+00	0.000000e+00	1.125122e+00	-9.036776e-10	2.556085e-01	-4.667791e-11
-7.863422e+00	0.000000e+00	1.084680e+00	-8.707707e-10	2.559671e-01	-4.852888e-11
-7.817835e+00	0.000000e+00	1.047210e+00	-8.402506e-10	2.563260e-01	-5.037824e-11
-7.771932e+00	0.000000e+00	1.012391e+00	-8.118555e-10	2.566848e-01	-5.222589e-11
-7.725711e+00	0.000000e+00	9.799886e-01	-7.854319e-10	2.570440e-01	-5.407195e-11
-7.679170e+00	0.000000e+00	9.497786e-01	-7.608090e-10	2.574038e-01	-5.591643e-11
-7.632306e+00	0.000000e+00	9.215143e-01	-7.377573e-10	2.577637e-01	-5.775908e-11
-7.585118e+00	0.000000e+00	8.950186e-01	-7.161384e-10	2.581235e-01	-5.959986e-11
-7.537602e+00	0.000000e+00	8.701271e-01	-6.958162e-10	2.584832e-01	-6.143861e-11
-7.489757e+00	0.000000e+00	8.466981e-01	-6.766760e-10	2.588426e-01	-6.327520e-11
-7.441580e+00	0.000000e+00	8.246034e-01	-6.586120e-10	2.592016e-01	-6.510953e-11
-7.393069e+00	0.000000e+00	8.037552e-01	-6.415720e-10	2.595605e-01	-6.694170e-11
-7.344222e+00	0.000000e+00	7.840272e-01	-6.254328e-10	2.599188e-01	-6.877135e-11
-7.295037e+00	0.000000e+00	7.653579e-01	-6.101660e-10	2.602768e-01	-7.059866e-11
-7.245510e+00	0.000000e+00	7.477134e-01	-5.957801e-10	2.606357e-01	-7.242412e-11
-7.195640e+00	0.000000e+00	7.309893e-01	-5.821655e-10	2.609947e-01	-7.424737e-11
-7.145425e+00	0.000000e+00	7.151122e-01	-5.692557e-10	2.613538e-01	-7.606829e-11
-7.094861e+00	0.000000e+00	6.999948e-01	-5.569578e-10	2.617122e-01	-7.788639e-11
-7.043947e+00	0.000000e+00	6.855724e-01	-5.452105e-10	2.620694e-01	-7.970136e-11
-6.992680e+00	0.000000e+00	6.718115e-01	-5.339984e-10	2.624260e-01	-8.151334e-11
-6.941058e+00	0.000000e+00	6.586692e-01	-5.232876e-10	2.627817e-01	-8.332221e-11
-6.889078e+00	0.000000e+00	6.460950e-01	-5.130294e-10	2.631361e-01	-8.512760e-11
-6.836737e+00	0.000000e+00	6.340543e-01	-5.031975e-10	2.634892e-01	-8.692939e-11
-6.784034e+00	0.000000e+00	6.225114e-01	-4.937615e-10	2.638408e-01	-8.872735e-11
-6.730965e+00	0.000000e+00	6.114482e-01	-4.847170e-10	2.641913e-01	-9.052167e-11
-6.677529e+00	0.000000e+00	6.008331e-01	-4.760359e-10	2.645405e-01	-9.231214e-11
-6.623722e+00	0.000000e+00	5.906453e-01	-4.677058e-10	2.648886e-01	-9.409875e-11
-6.569542e+00	0.000000e+00	5.808484e-01	-4.596875e-10	2.652348e-01	-9.588099e-11
-6.514987e+00	0.000000e+00	5.714596e-01	-4.520257e-10	2.655809e-01	-9.766001e-11
-6.460053e+00	0.000000e+00	5.624468e-01	-4.446860e-10	2.659267e-01	-9.943549e-11
-6.404739e+00	0.000000e+00	5.537632e-01	-4.376087e-10	2.662706e-01	-1.012064e-10
-6.349041e+00	0.000000e+00	5.453949e-01	-4.307859e-10	2.666129e-01	-1.029727e-10
-6.292957e+00	0.000000e+00	5.373260e-01	-4.242053e-10	2.669534e-01	-1.047343e-10
-6.236485e+00	0.000000e+00	5.295358e-01	-4.178462e-10	2.672919e-01	-1.064907e-10
-6.179621e+00	0.000000e+00	5.220178e-01	-4.117092e-10	2.676287e-01	-1.082422e-10
-6.122362e+00	0.000000e+00	5.147534e-01	-4.057756e-10	2.679633e-01	-1.099884e-10
-6.064707e+00	0.000000e+00	5.077276e-01	-4.000314e-10	2.682956e-01	-1.117289e-10
-6.006652e+00	0.000000e+00	5.009305e-01	-3.944697e-10	2.686256e-01	-1.134636e-10
-5.948195e+00	0.000000e+00	4.943558e-01	-3.890896e-10	2.689534e-01	-1.151927e-10
-5.889333e+00	0.000000e+00	4.880002e-01	-3.838933e-10	2.692796e-01	-1.169164e-10
-5.830062e+00	0.000000e+00	4.818598e-01	-3.788824e-10	2.696046e-01	-1.186351e-10
-5.770381e+00	0.000000e+00	4.759120e-01	-3.740281e-10	2.699273e-01	-1.203477e-10
-5.710286e+00	0.000000e+00	4.701440e-01	-3.693168e-10	2.702475e-01	-1.220539e-10
-5.649775e+00	0.000000e+00	4.645574e-01	-3.647573e-10	2.705657e-01	-1.237541e-10
-5.588844e+00	0.000000e+00	4.591507e-01	-3.603531e-10	2.708826e-01	-1.254488e-10
-5.527491e+00	0.000000e+00	4.539010e-01	-3.560734e-10	2.711966e-01	-1.271365e-10
-5.465712e+00	0.000000e+00	4.487982e-01	-3.519076e-10	2.715075e-01	-1.288169e-10
-5.403505e+00	0.000000e+00	4.438389e-01	-3.478555e-10	2.718153e-01	-1.304898e-10
-5.340867e+00	0.000000e+00	4.390210e-01	-3.439181e-10	2.721204e-01	-1.321554e-10
-5.277795e+00	0.000000e+00	4.343362e-01	-3.400867e-10	2.724223e-01	-1.338134e-10
-5.214286e+00	0.000000e+00	4.297969e-01	-3.363849e-10	2.727231e-01	-1.354655e-10
-5.150336e+00	0.000000e+00	4.253841e-01	-3.327869e-10	2.730212e-01	-1.371102e-10
-5.085943e+00	0.000000e+00	4.210968e-01	-3.292948e-10	2.733170e-01	-1.387477e-10
-5.021104e+00	0.000000e+00	4.169328e-01	-3.259084e-10	2.736109e-01	-1.403783e-10
-4.955815e+00	0.000000e+00	4.128839e-01	-3.226184e-10	2.739024e-01	-1.420016e-10
-4.890074e+00	0.000000e+00	4.089421e-01	-3.194153e-10	2.741909e-01	-1.436167e-10
-4.823877e+00	0.000000e+00	4.050993e-01	-3.162895e-10	2.744758e-01	-1.452229e-10
-4.757221e+00	0.000000e+00	4.013533e-01	-3.132405e-10	2.747572e-01	-1.468202e-10
-4.690104e+00	0.000000e+00	3.977045e-01	-3.102712e-10	2.750355e-01	-1.484091e-10
-4.622521e+00	0.000000e+00	3.941501e-01	-3.073804e-10	2.753109e-01	-1.499894e-10
-4.554469e+00	0.000000e+00	3.906906e-01	-3.045707e-10	2.755840e-01	-1.515618e-10
-4.485946e+00	0.000000e+00	3.873294e-01	-3.018502e-10	2.758558e-01	-1.531274e-10
-4.416948e+00	0.000000e+00	3.840473e-01	-2.991907e-10	2.761237e-01	-1.546831e-10
-4.347471e+00	0.000000e+00	3.808437e-01	-2.965939e-10	2.763879e-01	-1.562292e-10
-4.277513e+00	0.000000e+00	3.777152e-01	-2.940562e-10	2.766483e-01	-1.577653e-10
-4.207070e+00	0.000000e+00	3.746609e-01	-2.915782e-10	2.769049e-01	-1.592916e-10
-4.136139e+00	0.000000e+00	3.716835e-01	-2.891660e-10	2.771588e-01	-1.608089e-10
-4.064716e+00	0.000000e+00	3.687817e-01	-2.868193e-10	2.774103e-01	-1.623175e-10
-3.992798e+00	0.000000e+00	3.659457e-01	-2.845244e-10	2.776576e-01	-1.638155e-10
-3.920381e+00	0.000000e+00	3.631766e-01	-2.822848e-10	2.779016e-01	-1.653037e-10
-3.847463e+00	0.000000e+00	3.604768e-01	-2.801056e-10	2.781432e-01	-1.667829e-10
-3.774039e+00	0.000000e+00	3.578447e-01	-2.779860e-10	2.783825e-01	-1.682535e-10
-3.700106e+00	0.000000e+00	3.552728e-01	-2.759156e-10	2.786182e-01	-1.697136e-10
-3.625660e+00	0.000000e+00	3.527669e-01	-2.739048e-10	2.788521e-01	-1.711655e-10
-3.550699e+00	0.000000e+00	3.503156e-01	-2.719372e-10	2.790819e-01	-1.726062e-10
-3.475218e+00	0.000000e+00	3.479177e-01	-2.700122e-10	2.793077e-01	-1.740357e-10
-3.399214e+00	0.000000e+00	3.455705e-01	-2.681267e-10	2.795290e-01	-1.754534e-10
-3.322683e+00	0.000000e+00	3.432778e-01	-2.662879e-10	2.797472e-01	-1.768610e-10
-3.245621e+00	0.000000e+00	3.410367e-01	-2.644924e-10	2.799620e-01	-1.782578e-10
-3.168025e+00	0.000000e+00	3.388440e-01	-2.627361e-10	2.801727e-01	-1.796432e-10
-3.089892e+00	0.000000e+00	3.367017e-01	-2.610233e-10	2.803805e-01	-1.810181e-10
-3.011217e+00	0.000000e+00	3.346068e-01	-2.593503e-10	2.805847e-01	-1.823821e-10
-2.931996e+00	0.000000e+00	3.325629e-01	-2.577237e-10	2.807870e-01	-1.837371e-10
-2.852226e+00	0.000000e+00	3.305618e-01	-2.561316e-10	2.809851e-01	-1.850801e-10
-2.771904e+00	0.000000e+00	3.286047e-01	-2.545767e-10	2.811798e-01	-1.864120e-10
-2.691024e+00	0.000000e+00	3.266932e-01	-2.530624e-10	2.813720e-01	-1.877340e-10
-2.609584e+00	0.000000e+00	3.248195e-01	-2.515773e-10	2.815594e-01	-1.890429e-10
-2.527580e+00	0.000000e+00	3.229910e-01	-2.501339e-10	2.817452e-01	-1.903429e-10
-2.445007e+00	0.000000e+00	3.212014e-01	-2.487229e-10	2.819272e-01	-1.916313e-10
-2.361862e+00	0.000000e+00	3.194532e-01	-2.473492e-10	2.821070e-01	-1.929098e-10
-2.278140e+00	0.000000e+00	3.177373e-01	-2.459991e-10	2.822812e-01	-1.941740e-10
-2.193838e+00	0.000000e+00	3.160536e-01	-2.446733e-10	2.824499e-01	-1.954238e-10
-2.108952e+00	0.000000e+00	3.144073e-01	-2.433806e-10	2.826157e-01	-1.966628e-10
-2.023477e+00	0.000000e+00	3.127990e-01	-2.421225e-10	2.827794e-01	-1.978920e-10
-1.937410e+00	0.000000e+00	3.112208e-01	-2.408874e-10	2.829377e-01	-1.991067e-10
-1.850746e+00	0.000000e+00	3.096812e-01	-2.396888e-10	2.830949e-01	-2.003130e-10
-1.763481e+00	0.000000e+00	3.081763e-01	-2.385216e-10	2.832498e-01	-2.015091e-10
-1.675612e+00	0.000000e+00	3.067019e-01	-2.373796e-10	2.834005e-01	-2.026924e-10
-1.587133e+00	0.000000e+00	3.052581e-01	-2.362636e-10	2.835475e-01	-2.038635e-10
-1.498042e+00	0.000000e+00	3.038483e-01	-2.351795e-10	2.836933e-01	-2.050257e-10
-1.408332e+00	0.000000e+00	3.024656e-01	-2.341169e-10	2.838340e-01	-2.061739e-10
-1.318001e+00	0.000000e+00	3.011085e-01	-2.330741e-10	2.839693e-01	-2.073070e-10
-1.227044e+00	0.000000e+00	2.997807e-01	-2.320572e-10	2.841015e-01	-2.084287e-10
-1.135456e+00	0.000000e+00	2.984812e-01	-2.310651e-10	2.842304e-01	-2.095385e-10
-1.043233e+00	0.000000e+00	2.972105e-01	-2.300993e-10	2.843569e-01	-2.106377e-10
-9.503712e-01	0.000000e+00	2.959675e-01	-2.291583e-10	2.844806e-01	-2.117258e-10
-8.568655e-01	0.000000e+00	2.947487e-01	-2.282370e-10	2.845993e-01	-2.127996e-10
-7.627117e-01	0.000000e+00	2.935551e-01	-2.273376e-10	2.847142e-01	-2.138604e-10
-6.679053e-01	0.000000e+00	2.923854e-01	-2.264582e-10	2.848243e-01	-2.149070e-10
-5.724417e-01	0.000000e+00	2.912415e-01	-2.256024e-10	2.849315e-01	-2.159423e-10
-4.763164e-01	0.000000e+00	2.901261e-01	-2.247747e-10	2.850386e-01	-2.169701e-10
-3.795248e-01	0.000000e+00	2.890340e-01	-2.239673e-10	2.851414e-01	-2.179846e-10
-2.820622e-01	0.000000e+00	2.879645e-01	-2.231796e-10	2.852396e-01	-2.189850e-10
-1.839241e-01	0.000000e+00	2.869191e-01	-2.224141e-10	2.853343e-01	-2.199728e-10
-8.510567e-02	0.000000e+00	2.859017e-01	-2.216773e-10	2.854289e-01	-2.209534e-10
1.439771e-02	0.000000e+00	2.849244e-01	5.081129e-07	2.855331e-01	9.695542e-10
1.145908e-01	0.000000e+00	2.839598e-01	1.114264e-05	2.856215e-01	2.601026e-08
2.154784e-01	0.000000e+00	2.830109e-01	2.804934e-05	2.857048e-01	6.615203e-08
3.170653e-01	0.000000e+00	2.820791e-01	4.887710e-05	2.857848e-01	1.161945e-07
4.193564e-01	0.000000e+00	2.811647e-01	7.258616e-05	2.858619e-01	1.737877e-07
5.223566e-01	0.000000e+00	2.802669e-01	9.852365e-05	2.859358e-01	2.375019e-07
6.260707e-01	0.000000e+00	2.793857e-01	1.262295e-04	2.860067e-01	3.063449e-07
7.305037e-01	0.000000e+00	2.785207e-01	1.553504e-04	2.860745e-01	3.796425e-07
8.356606e-01	0.000000e+00	2.776712e-01	1.856065e-04	2.861387e-01	4.566329e-07
9.415464e-01	0.000000e+00	2.768376e-01	2.167757e-04	2.862003e-01	5.365929e-07
1.048166e+00	0.000000e+00	2.760196e-01	2.486625e-04	2.862591e-01	6.192365e-07
1.155525e+00	0.000000e+00	2.752166e-01	2.811030e-04	2.863148e-01	7.041724e-07
1.263628e+00	0.000000e+00	2.744282e-01	3.139588e-04	2.863670e-01	7.909425e-07
1.372480e+00	0.000000e+00	2.736545e-01	3.471086e-04	2.864164e-01	8.790994e-07
1.482087e+00	0.000000e+00	2.728953e-01	3.804534e-04	2.864629e-01	9.688313e-07
1.592454e+00	0.000000e+00	2.721505e-01	4.138996e-04	2.865071e-01	1.059544e-06
1.703586e+00	0.000000e+00	2.714194e-01	4.473686e-04	2.865479e-01	1.150912e-06
1.815488e+00	0.000000e+00	2.707019e-01	4.807830e-04	2.865857e-01	1.242840e-06
1.928165e+00	0.000000e+00	2.699982e-01	5.140849e-04	2.866214e-01	1.335447e-06
2.041624e+00	0.000000e+00	2.693078e-01	5.472129e-04	2.866543e-01	1.428174e-06
2.155869e+00	0.000000e+00	2.686302e-01	5.801167e-04	2.866840e-01	1.520573e-06
2.270906e+00	0.000000e+00	2.679653e-01	6.127429e-04	2.867104e-01	1.612799e-06
2.386741e+00	0.000000e+00	2.673131e-01	6.450604e-04	2.867343e-01	1.705317e-06
2.503378e+00	0.000000e+00	2.666734e-01	6.770382e-04	2.867557e-01	1.797798e-06
2.620824e+00	0.000000e+00	2.660459e-01	7.086410e-04	2.867743e-01	1.889505e-06
2.739084e+00	0.000000e+00	2.654305e-01	7.398378e-04	2.867902e-01	1.980066e-06
2.858164e+00	0.000000e+00	2.648271e-01	7.706082e-04	2.868041e-01	2.069670e-06
2.978069e+00	0.000000e+00	2.642353e-01	8.009268e-04	2.868155e-01	2.158813e-06
3.098805e+00	0.000000e+00	2.636550e-01	8.307783e-04	2.868243e-01	2.247247e-06
3.220378e+00	0.000000e+00	2.630860e-01	8.601407e-04	2.868303e-01	2.334456e-06
3.342794e+00	0.000000e+00	2.625279e-01	8.889946e-04	2.868333e-01	2.420694e-06
3.466059e+00	0.000000e+00	2.619808e-01	9.173318e-04	2.868337e-01	2.506188e-06
3.590177e+00	0.000000e+00	2.614447e-01	9.451595e-04	2.868325e-01	2.590491e-06
3.715157e+00	0.000000e+00	2.609190e-01	9.724410e-04	2.868283e-01	2.673271e-06
3.841002e+00	0.000000e+00	2.604039e-01	9.991811e-04	2.868223e-01	2.754169e-06
3.967720e+00	0.000000e+00	2.598991e-01	1.025365e-03	2.868140e-01	2.833530e-06
4.095316e+00	0.000000e+00	2.594045e-01	1.050996e-03	2.868038e-01	2.911700e-06
4.223797e+00	0.000000e+00	2.589197e-01	1.076052e-03	2.867906e-01	2.988683e-06
4.353168e+00	0.000000e+00	2.584447e-01	1.100540e-03	2.867749e-01	3.064216e-06
4.483436e+00	0.000000e+00	2.579794e-01	1.124468e-03	2.867574e-01	3.138058e-06
4.614607e+00	0.000000e+00	2.575236e-01	1.147821e-03	2.867376e-01	3.210222e-06
4.746687e+00	0.000000e+00	2.570772e-01	1.170599e-03	2.867155e-01	3.281023e-06
4.879683e+00	0.000000e+00	2.566399e-01	1.192805e-03	2.866914e-01	3.349757e-06
5.013601e+00	0.000000e+00	2.562117e-01	1.214438e-03	2.866652e-01	3.417017e-06
5.148447e+00	0.000000e+00	2.557925e-01	1.235507e-03	2.866369e-01	3.482623e-06
5.284227e+00	0.000000e+00	2.553821e-01	1.256007e-03	2.866065e-01	3.546523e-06
5.420949e+00	0.000000e+00	2.549803e-01	1.275938e-03	2.865741e-01	3.608478e-06
5.558619e+00	0.000000e+00	2.545871e-01	1.295318e-03	2.865400e-01	3.668759e-06
5.697242e+00	0.000000e+00	2.542022e-01	1.314141e-03	2.865041e-01	3.727058e-06
5.836827e+00	0.000000e+00	2.538256e-01	1.332401e-03	2.864661e-01	3.783657e-06
5.977379e+00	0.000000e+00	2.534571e-01	1.350103e-03	2.864261e-01	3.838634e-06
6.118906e+00	0.000000e+00	2.530966e-01	1.367253e-03	2.863839e-01	3.892189e-06
6.261413e+00	0.000000e+00	2.527441e-01	1.383861e-03	2.863401e-01	3.943835e-06
6.404909e+00	0.000000e+00	2.523993e-01	1.399930e-03	2.862946e-01	3.993769e-06
6.549399e+00	0.000000e+00	2.520621e-01	1.415477e-03	2.862477e-01	4.041630e-06
6.694890e+00	0.000000e+00	2.517324e-01	1.430498e-03	2.861993e-01	4.087608e-06
6.841390e+00	0.000000e+00	2.514101e-01	1.444992e-03	2.861490e-01	4.131737e-06
6.988906e+00	0.000000e+00	2.510952e-01	1.458959e-03	2.860968e-01	4.174431e-06
7.137444e+00	0.000000e+00	2.507873e-01	1.472419e-03	2.860432e-01	4.215116e-06
7.287012e+00	0.000000e+00	2.504865e-01	1.485365e-03	2.859879e-01	4.254446e-06
7.437616e+00	0.000000e+00	2.501928e-01	1.497800e-03	2.859305e-01	4.292279e-06
7.589265e+00	0.000000e+00	2.499058e-01	1.509758e-03	2.858717e-01	4.328596e-06
7.741964e+00	0.000000e+00	2.496257e-01	1.521229e-03	2.858114e-01	4.363244e-06
7.895722e+00	0.000000e+00	2.493521e-01	1.532213e-03	2.857494e-01	4.396198e-06
8.050546e+00	0.000000e+00	2.490851e-01	1.542736e-03	2.856862e-01	4.427366e-06
8.206443e+00	0.000000e+00	2.488245e-01	1.552793e-03	2.856216e-01	4.456760e-06
8.363421e+00	0.000000e+00	2.485700e-01	1.562400e-03	2.855562e-01	4.483444e-06
8.521486e+00	0.000000e+00	2.483218e-01	1.571554e-03	2.854894e-01	4.508353e-06
8.680648e+00	0.000000e+00	2.480796e-01	1.580258e-03	2.854213e-01	4.532158e-06
8.840913e+00	0.000000e+00	2.478435e-01	1.588519e-03	2.853518e-01	4.554729e-06
9.002288e+00	0.000000e+00	2.476134e-01	1.596339e-03	2.852807e-01	4.575809e-06
9.164782e+00	0.000000e+00	2.473892e-01	1.603730e-03	2.852083e-01	4.595460e-06
9.328403e+00	0.000000e+00	2.471707e-01	1.610703e-03	2.851346e-01	4.613559e-06
9.493158e+00	0.000000e+00	2.469578e-01	1.617259e-03	2.850596e-01	4.630338e-06
9.659054e+00	0.000000e+00	2.467506e-01	1.623406e-03	2.849834e-01	4.645904e-06
9.826101e+00	0.000000e+00	2.465487e-01	1.629154e-03	2.849062e-01	4.660054e-06
9.994306e+00	0.000000e+00	2.463523e-01	1.634507e-03	2.848278e-01	4.673021e-06
1.016368e+01	0.000000e+00	2.461611e-01	1.639474e-03	2.847483e-01	4.684549e-06
1.033422e+01	0.000000e+00	2.459752e-01	1.644066e-03	2.846677e-01	4.694354e-06
1.050595e+01	0.000000e+00	2.457943e-01	1.648292e-03	2.845862e-01	4.702292e-06
1.067886e+01	0.000000e+00	2.456184e-01	1.652160e-03	2.845039e-01	4.708367e-06
1.085298e+01	0.000000e+00	2.454475e-01	1.655664e-03	2.844204e-01	4.713408e-06
1.102830e+01	0.000000e+00	2.452815e-01	1.658824e-03	2.843360e-01	4.717437e-06
1.120484e+01	0.000000e+00	2.451202e-01	1.661643e-03	2.842509e-01	4.720152e-06
1.138260e+01	0.000000e+00	2.449635e-01	1.664129e-03	2.841651e-01	4.720965e-06
1.156160e+01	0.000000e+00	2.448115e-01	1.666273e-03	2.840782e-01	4.720748e-06
1.174183e+01	0.000000e+00	2.446640e-01	1.668091e-03	2.839905e-01	4.719747e-06
1.192331e+01	0.000000e+00	2.445211e-01	1.669591e-03	2.839019e-01	4.717641e-06
1.210606e+01	0.000000e+00	2.443826e-01	1.670774e-03	2.838123e-01	4.714457e-06
1.229006e+01	0.000000e+00	2.442484e-01	1.671647e-03	2.837219e-01	4.710212e-06
1.247535e+01	0.000000e+00	2.441185e-01	1.672218e-03	2.836307e-01	4.704850e-06
1.266192e+01	0.000000e+00	2.439928e-01	1.672492e-03	2.835385e-01	4.698463e-06
1.284978e+01	0.000000e+00	2.438712e-01	1.672475e-03	2.834457e-01	4.690848e-06
1.303894e+01	0.000000e+00	2.437537e-01	1.672173e-03	2.833522e-01	4.682280e-06
1.322942e+01	0.000000e+00	2.436402e-01	1.671593e-03	2.832579e-01	4.672573e-06
1.342121e+01	0.000000e+00	2.435305e-01	1.670747e-03	2.831631e-01	4.662087e-06
1.361434e+01	0.000000e+00	2.434246e-01	1.669636e-03	2.830677e-01	4.650529e-06
1.380880e+01	0.000000e+00	2.433226e-01	1.668257e-03	2.829716e-01	4.638281e-06
1.400461e+01	0.000000e+00	2.432243e-01	1.666627e-03	2.828749e-01	4.625373e-06
1.420178e+01	0.000000e+00	2.431295e-01	1.664766e-03	2.827780e-01	4.611463e-06
1.440032e+01	0.000000e+00	2.430382e-01	1.662672e-03	2.826807e-01	4.596639e-06
1.460023e+01	0.000000e+00	2.429505e-01	1.660343e-03	2.825827e-01	4.580931e-06
1.480152e+01	0.000000e+00	2.428662e-01	1.657786e-03	2.824843e-01	4.565006e-06
1.500422e+01	0.000000e+00	2.427852e-01	1.655002e-03	2.823854e-01	4.548329e-06
1.520831e+01	0.000000e+00	2.427077e-01	1.651996e-03	2.822859e-01	4.530884e-06
1.541383e+01	0.000000e+00	2.426334e-01	1.648776e-03	2.821859e-01	4.512691e-06
1.562076e+01	0.000000e+00	2.425624e-01	1.645345e-03	2.820855e-01	4.493743e-06
1.582913e+01	0.000000e+00	2.424944e-01	1.641711e-03	2.819847e-01	4.473946e-06
1.603895e+01	0.000000e+00	2.424296e-01	1.637879e-03	2.818835e-01	4.453358e-06
1.625022e+01	0.000000e+00	2.423678e-01	1.633852e-03	2.817819e-01	4.432024e-06
1.646295e+01	0.000000e+00	2.423090e-01	1.629641e-03	2.816801e-01	4.409879e-06
1.667716e+01	0.000000e+00	2.422531e-01	1.625246e-03	2.815779e-01	4.387129e-06
1.689286e+01	0.000000e+00	2.422001e-01	1.620670e-03	2.814754e-01	4.363716e-06
1.711005e+01	0.000000e+00	2.421499e-01	1.615914e-03	2.813725e-01	4.339742e-06
1.732874e+01	0.000000e+00	2.421025e-01	1.610990e-03	2.812694e-01	4.315226e-06
1.754895e+01	0.000000e+00	2.420578e-01	1.605902e-03	2.811659e-01	4.290109e-06
1.777069e+01	0.000000e+00	2.420157e-01	1.600655e-03	2.810622e-01	4.264365e-06
1.799396e+01	0.000000e+00	2.419763e-01	1.595248e-03	2.809583e-01	4.238100e-06
1.821878e+01	0.000000e+00	2.419395e-01	1.589682e-03	2.808540e-01	4.211281e-06
1.844516e+01	0.000000e+00	2.419051e-01	1.583972e-03	2.807496e-01	4.184094e-06
1.867311e+01	0.000000e+00	2.418732e-01	1.578123e-03	2.806451e-01	4.156470e-06
1.890264e+01	0.000000e+00	2.418437e-01	1.572138e-03	2.805403e-01	4.128380e-06
1.913376e+01	0.000000e+00	2.418166e-01	1.566018e-03	2.804355e-01	4.099886e-06
1.936648e+01	0.000000e+00	2.417918e-01	1.559765e-03	2.803304e-01	4.070960e-06
1.960082e+01	0.000000e+00	2.417693e-01	1.553384e-03	2.802253e-01	4.041666e-06
1.983678e+01	0.000000e+00	2.417490e-01	1.546885e-03	2.801201e-01	4.012217e-06
2.007437e+01	0.000000e+00	2.417308e-01	1.540273e-03	2.800148e-01	3.982415e-06
2.031362e+01	0.000000e+00	2.417148e-01	1.533548e-03	2.799095e-01	3.952250e-06
2.055452e+01	0.000000e+00	2.417008e-01	1.526718e-03	2.798042e-01	3.921746e-06
2.079709e+01	0.000000e+00	2.416889e-01	1.519781e-03	2.796988e-01	3.891024e-06
2.104134e+01	0.000000e+00	2.416790e-01	1.512736e-03	2.795933e-01	3.860022e-06
2.128728e+01	0.000000e+00	2.416712e-01	1.505587e-03	2.794877e-01	3.828932e-06
2.153493e+01	0.000000e+00	2.416653e-01	1.498342e-03	2.793821e-01	3.797569e-06
2.178430e+01	0.000000e+00	2.416613e-01	1.491006e-03	2.792765e-01	3.765958e-06
2.203539e+01	0.000000e+00	2.416591e-01	1.483583e-03	2.791708e-01	3.733991e-06
2.228823e+01	0.000000e+00	2.416587e-01	1.476076e-03	2.790653e-01	3.701823e-06
2.254282e+01	0.000000e+00	2.416601e-01	1.468490e-03	2.789597e-01	3.669370e-06
2.279917e+01	0.000000e+00	2.416631e-01	1.460827e-03	2.788542e-01	3.636685e-06
2.305730e+01	0.000000e+00	2.416679e-01	1.453090e-03	2.787488e-01	3.603654e-06
2.331722e+01	0.000000e+00	2.416743e-01	1.445275e-03	2.786434e-01	3.570417e-06
2.357894e+01	0.000000e+00	2.416823e-01	1.437392e-03	2.785381e-01	3.536980e-06
2.384247e+01	0.000000e+00	2.416919e-01	1.429440e-03	2.784328e-01	3.503427e-06
2.410784e+01	0.000000e+00	2.417031e-01	1.421426e-03	2.783277e-01	3.469778e-06
2.437504e+01	0.000000e+00	2.417158e-01	1.413351e-03	2.782227e-01	3.435939e-06
2.464409e+01	0.000000e+00	2.417299e-01	1.405218e-03	2.781177e-01	3.402055e-06
2.491501e+01	0.000000e+00	2.417456e-01	1.397024e-03	2.780128e-01	3.368293e-06
2.518780e+01	0.000000e+00	2.417627e-01	1.388780e-03	2.779081e-01	3.334557e-06
2.546249e+01	0.000000e+00	2.417812e-01	1.380489e-03	2.778035e-01	3.300732e-06
2.573908e+01	0.000000e+00	2.418010e-01	1.372154e-03	2.776990e-01	3.266812e-06
2.601759e+01	0.000000e+00	2.418221e-01	1.363778e-03	2.775947e-01	3.232924e-06
2.629803e+01	0.000000e+00	2.418444e-01	1.355362e-03	2.774907e-01	3.199069e-06
2.658041e+01	0.000000e+00	2.418680e-01	1.346902e-03	2.773868e-01	3.165219e-06
2.686475e+01	0.000000e+00	2.418929e-01	1.338408e-03	2.772830e-01	3.131323e-06
2.715106e+01	0.000000e+00	2.419189e-01	1.329884e-03	2.771796e-01	3.097450e-06
2.743936e+01	0.000000e+00	2.419460e-01	1.321331e-03	2.770763e-01	3.063653e-06
2.772965e+01	0.000000e+00	2.419743e-01	1.312744e-03	2.769731e-01	3.030154e-06
2.802196e+01	0.000000e+00	2.420037e-01	1.304125e-03	2.768701e-01	2.996713e-06
2.831629e+01	0.000000e+00	2.420342e-01	1.295480e-03	2.767674e-01	2.963467e-06
2.861266e+01	0.000000e+00	2.420658e-01	1.286816e-03	2.766649e-01	2.930321e-06
2.891109e+01	0.000000e+00	2.420984e-01	1.278134e-03	2.765626e-01	2.897289e-06
2.921158e+01	0.000000e+00	2.421319e-01	1.269434e-03	2.764606e-01	2.864401e-06
2.951416e+01	0.000000e+00	2.421664e-01	1.260719e-03	2.763588e-01	2.831623e-06
2.981884e+01	0.000000e+00	2.422019e-01	1.251991e-03	2.762573e-01	2.798983e-06
3.012562e+01	0.000000e+00	2.422383e-01	1.243251e-03	2.761561e-01	2.766495e-06
3.043454e+01	0.000000e+00	2.422755e-01	1.234501e-03	2.760551e-01	2.734157e-06
3.074559e+01	0.000000e+00	2.423137e-01	1.225743e-03	2.759543e-01	2.701879e-06
3.105881e+01	0.000000e+00	2.423527e-01	1.216976e-03	2.758538e-01	2.669769e-06
3.137419e+01	0.000000e+00	2.423926e-01	1.208200e-03	2.757536e-01	2.637576e-06
3.169176e+01	0.000000e+00	2.424332e-01	1.199419e-03	2.756537e-01	2.605546e-06
3.201153e+01	0.000000e+00	2.424746e-01	1.190639e-03	2.755540e-01	2.573723e-06
3.233351e+01	0.000000e+00	2.425168e-01	1.181862e-03	2.754547e-01	2.542072e-06
3.265773e+01	0.000000e+00	2.425597e-01	1.173091e-03	2.753556e-01	2.510619e-06
3.298420e+01	0.000000e+00	2.426033e-01	1.164317e-03	2.752569e-01	2.479378e-06
3.331293e+01	0.000000e+00	2.426476e-01	1.155548e-03	2.751584e-01	2.448294e-06
3.364393e+01	0.000000e+00	2.426925e-01	1.146790e-03	2.750604e-01	2.417415e-06
3.397724e+01	0.000000e+00	2.427380e-01	1.138038e-03	2.749626e-01	2.386743e-06
3.431285e+01	0.000000e+00	2.427842e-01	1.129296e-03	2.748652e-01	2.356295e-06
3.465079e+01	0.000000e+00	2.428310e-01	1.120561e-03	2.747681e-01	2.326128e-06
3.499107e+01	0.000000e+00	2.428785e-01	1.111828e-03	2.746711e-01	2.296439e-06
3.533371e+01	0.000000e+00	2.429267e-01	1.103108e-03	2.745743e-01	2.267082e-06
3.567872e+01	0.000000e+00	2.429754e-01	1.094407e-03	2.744780e-01	2.237913e-06
3.602613e+01	0.000000e+00	2.430245e-01	1.085725e-03	2.743821e-01	2.208917e-06
3.637594e+01	0.000000e+00	2.430741e-01	1.077065e-03	2.742865e-01	2.180132e-06
3.672818e+01	0.000000e+00	2.431243e-01	1.068421e-03	2.741913e-01	2.151524e-06
3.708286e+01	0.000000e+00	2.431749e-01	1.059797e-03	2.740965e-01	2.123112e-06
3.744000e+01	0.000000e+00	2.432259e-01	1.051197e-03	2.740020e-01	2.094895e-06
3.779962e+01	0.000000e+00	2.432773e-01	1.042622e-03	2.739079e-01	2.066902e-06
3.816173e+01	0.000000e+00	2.433292e-01	1.034072e-03	2.738141e-01	2.039174e-06
3.852634e+01	0.000000e+00	2.433815e-01	1.025545e-03	2.737208e-01	2.011497e-06
3.889349e+01	0.000000e+00	2.434342e-01	1.017045e-03	2.736277e-01	1.984075e-06
3.926318e+01	0.000000e+00	2.434872e-01	1.008572e-03	2.735351e-01	1.956952e-06
3.963543e+01	0.000000e+00	2.435407e-01	1.000119e-03	2.734427e-01	1.930140e-06
4.001027e+01	0.000000e+00	2.435946e-01	9.916884e-04	2.733506e-01	1.903548e-06
4.038770e+01	0.000000e+00	2.436489e-01	9.832803e-04	2.732589e-01	1.877106e-06
4.076774e+01	0.000000e+00	2.437035e-01	9.748997e-04	2.731675e-01	1.850756e-06
4.115043e+01	0.000000e+00	2.437585e-01	9.665524e-04	2.730765e-01	1.824665e-06
4.153576e+01	0.000000e+00	2.438137e-01	9.582362e-04	2.729858e-01	1.798754e-06
4.192377e+01	0.000000e+00	2.438691e-01	9.499556e-04	2.728956e-01	1.773097e-06
4.231446e+01	0.000000e+00	2.439248e-01	9.417109e-04	2.728057e-01	1.747714e-06
4.270786e+01	0.000000e+00	2.439808e-01	9.334999e-04	2.727163e-01	1.722504e-06
4.310399e+01	0.000000e+00	2.440371e-01	9.253197e-04	2.726271e-01	1.697579e-06
4.350287e+01	0.000000e+00	2.440935e-01	9.171771e-04	2.725384e-01	1.672917e-06
4.390451e+01	0.000000e+00	2.441502e-01	9.090714e-04	2.724501e-01	1.648532e-06
4.430894e+01	0.000000e+00	2.442071e-01	9.010017e-04	2.723622e-01	1.624390e-06
4.471616e+01	0.000000e+00	2.442642e-01	8.929710e-04	2.722746e-01	1.600504e-06
4.512621e+01	0.000000e+00	2.443214e-01	8.849771e-04	2.721874e-01	1.576867e-06
4.553911e+01	0.000000e+00	2.443789e-01	8.770197e-04	2.721006e-01	1.553479e-06
4.595486e+01	0.000000e+00	2.444365e-01	8.691043e-04	2.720142e-01	1.530356e-06
4.637350e+01	0.000000e+00	2.444942e-01	8.612284e-04	2.719282e-01	1.507468e-06
4.679504e+01	0.000000e+00	2.445522e-01	8.533913e-04	2.718425e-01	1.484850e-06
4.721950e+01	0.000000e+00	2.446102e-01	8.455957e-04	2.717572e-01	1.462454e-06
4.764690e+01	0.000000e+00	2.446684e-01	8.378409e-04	2.716724e-01	1.440276e-06
4.807727e+01	0.000000e+00	2.447266e-01	8.301250e-04	2.715879e-01	1.418351e-06
4.851062e+01	0.000000e+00	2.447851e-01	8.224495e-04	2.715037e-01	1.396598e-06
4.894697e+01	0.000000e+00	2.448435e-01	8.148166e-04	2.714200e-01	1.375059e-06
4.938635e+01	0.000000e+00	2.449021e-01	8.072280e-04	2.713366e-01	1.353765e-06
4.982877e+01	0.000000e+00	2.449608e-01	7.996827e-04	2.712537e-01	1.332657e-06
5.027426e+01	0.000000e+00	2.450195e-01	7.921800e-04	2.711711e-01	1.311761e-06
5.072284e+01	0.000000e+00	2.450783e-01	7.847187e-04	2.710889e-01	1.291081e-06
5.117453e+01	0.000000e+00	2.451371e-01	7.773020e-04	2.710071e-01	1.270627e-06
5.162934e+01	0.000000e+00	2.451959e-01	7.699320e-04	2.709257e-01	1.250441e-06
5.208732e+01	0.000000e+00	2.452548e-01	7.626041e-04	2.708447e-01	1.230518e-06
5.254846e+01	0.000000e+00	2.453138e-01	7.553231e-04	2.707641e-01	1.210852e-06
5.301280e+01	0.000000e+00	2.453727e-01	7.480867e-04	2.706839e-01	1.191465e-06
5.348036e+01	0.000000e+00	2.454316e-01	7.408968e-04	2.706041e-01	1.172354e-06
5.395116e+01	0.000000e+00	2.454906e-01	7.337525e-04	2.705246e-01	1.153497e-06
5.442523e+01	0.000000e+00	2.455495e-01	7.266537e-04	2.704456e-01	1.134875e-06
5.490258e+01	0.000000e+00	2.456085e-01	7.196018e-04	2.703669e-01	1.116525e-06
5.538324e+01	0.000000e+00	2.456674e-01	7.125969e-04	2.702886e-01	1.098428e-06
5.586723e+01	0.000000e+00	2.457263e-01	7.056382e-04	2.702107e-01	1.080576e-06
5.635458e+01	0.000000e+00	2.457852e-01	6.987275e-04	2.701332e-01	1.063002e-06
5.684530e+01	0.000000e+00	2.458440e-01	6.918647e-04	2.700561e-01	1.045610e-06
5.733943e+01	0.000000e+00	2.459027e-01	6.850509e-04	2.699795e-01	1.028464e-06
5.783698e+01	0.000000e+00	2.459614e-01	6.782840e-04	2.699032e-01	1.011524e-06
5.833798e+01	0.000000e+00	2.460200e-01	6.715651e-04	2.698274e-01	9.948084e-07
5.884245e+01	0.000000e+00	2.460785e-01	6.648938e-04	2.697519e-01	9.783325e-07
5.935042e+01	0.000000e+00	2.461370e-01	6.582669e-04	2.696768e-01	9.621145e-07
5.986191e+01	0.000000e+00	2.461955e-01	6.516781e-04	2.696019e-01	9.462415e-07
6.037695e+01	0.000000e+00	2.462540e-01	6.451373e-04	2.695274e-01	9.305710e-07
6.089556e+01	0.000000e+00	2.463124e-01	6.386465e-04	2.694534e-01	9.151298e-07
6.141776e+01	0.000000e+00	2.463706e-01	6.322053e-04	2.693797e-01	8.999280e-07
6.194358e+01	0.000000e+00	2.464288e-01	6.258127e-04	2.693065e-01	8.849791e-07
6.247304e+01	0.000000e+00	2.464868e-01	6.194696e-04	2.692336e-01	8.702590e-07
6.300618e+01	0.000000e+00	2.465447e-01	6.131748e-04	2.691611e-01	8.557975e-07
6.354301e+01	0.000000e+00	2.466025e-01	6.069293e-04	2.690891e-01	8.415545e-07
6.408356e+01	0.000000e+00	2.466601e-01	6.007322e-04	2.690174e-01	8.275138e-07
6.462786e+01	0.000000e+00	2.467177e-01	5.945837e-04	2.689462e-01	8.137051e-07
6.517594e+01	0.000000e+00	2.467751e-01	5.884827e-04	2.688753e-01	8.001432e-07
6.572781e+01	0.000000e+00	2.468324e-01	5.824299e-04	2.688047e-01	7.868232e-07
6.628350e+01	0.000000e+00	2.468896e-01	5.764241e-04	2.687346e-01	7.737463e-07
6.684305e+01	0.000000e+00	2.469467e-01	5.704658e-04	2.686648e-01	7.608997e-07
6.740648e+01	0.000000e+00	2.470036e-01	5.645544e-04	2.685954e-01	7.482517e-07
6.797381e+01	0.000000e+00	2.470604e-01	5.586887e-04	2.685263e-01	7.357929e-07
6.854508e+01	0.000000e+00	2.471171e-01	5.528675e-04	2.684576e-01	7.235092e-07
6.912030e+01	0.000000e+00	2.471737e-01	5.470912e-04	2.683892e-01	7.112834e-07
6.969951e+01	0.000000e+00	2.472301e-01	5.413627e-04	2.683213e-01	6.992539e-07
7.028274e+01	0.000000e+00	2.472863e-01	5.356826e-04	2.682537e-01	6.874172e-07
7.087001e+01	0.000000e+00	2.473424e-01	5.300504e-04	2.681865e-01	6.757810e-07
7.146135e+01	0.000000e+00	2.473983e-01	5.244641e-04	2.681196e-01	6.643523e-07
7.205679e+01	0.000000e+00	2.474541e-01	5.189242e-04	2.680531e-01	6.531150e-07
7.265636e+01	0.000000e+00	2.475097e-01	5.134315e-04	2.679870e-01	6.420641e-07
7.326008e+01	0.000000e+00	2.475651e-01	5.079858e-04	2.679213e-01	6.311948e-07
7.386799e+01	0.000000e+00	2.476204e-01	5.025874e-04	2.678559e-01	6.205005e-07
7.448011e+01	0.000000e+00	2.476754e-01	4.972351e-04	2.677909e-01	6.099722e-07
7.509648e+01	0.000000e+00	2.477304e-01	4.919287e-04	2.677262e-01	5.996008e-07
7.571711e+01	0.000000e+00	2.477851e-01	4.866678e-04	2.676619e-01	5.894041e-07
7.634205e+01	0.000000e+00	2.478397e-01	4.814501e-04	2.675980e-01	5.793521e-07
7.697132e+01	0.000000e+00	2.478941e-01	4.762782e-04	2.675343e-01	5.694487e-07
7.760496e+01	0.000000e+00	2.479483e-01	4.711529e-04	2.674711e-01	5.597058e-07
7.824298e+01	0.000000e+00	2.480023e-01	4.660719e-04	2.674082e-01	5.500689e-07
7.888543e+01	0.000000e+00	2.480562e-01	4.610359e-04	2.673457e-01	5.405741e-07
7.953233e+01	0.000000e+00	2.481098e-01	4.560442e-04	2.672835e-01	5.312257e-07
8.018372e+01	0.000000e+00	2.481633e-01	4.510979e-04	2.672216e-01	5.220216e-07
8.083962e+01	0.000000e+00	2.482165e-01	4.461958e-04	2.671602e-01	5.129109e-07
8.150006e+01	0.000000e+00	2.482697e-01	4.413354e-04	2.670990e-01	5.039396e-07
8.216509e+01	0.000000e+00	2.483226e-01	4.365194e-04	2.670382e-01	4.951043e-07
8.283472e+01	0.000000e+00	2.483753e-01	4.317477e-04	2.669777e-01	4.864055e-07
8.350900e+01	0.000000e+00	2.484277e-01	4.270197e-04	2.669176e-01	4.778256e-07
8.418795e+01	0.000000e+00	2.484801e-01	4.223343e-04	2.668578e-01	4.693469e-07
8.487160e+01	0.000000e+00	2.485322e-01	4.176912e-04	2.667984e-01	4.610035e-07
