-7.740000e+00	0.000000e+00	8.812934e-01	-1.669041e-05
-7.739307e+00	0.000000e+00	8.807590e-01	-1.669075e-05
-7.738609e+00	0.000000e+00	8.802215e-01	-1.669106e-05
-7.737906e+00	0.000000e+00	8.796809e-01	-1.669134e-05
-7.737198e+00	0.000000e+00	8.791372e-01	-1.669160e-05
-7.736486e+00	0.000000e+00	8.785905e-01	-1.669183e-05
-7.735768e+00	0.000000e+00	8.780407e-01	-1.669205e-05
-7.735046e+00	0.000000e+00	8.774877e-01	-1.669226e-05
-7.734318e+00	0.000000e+00	8.769316e-01	-1.669243e-05
-7.733586e+00	0.000000e+00	8.763724e-01	-1.669254e-05
-7.732848e+00	0.000000e+00	8.758100e-01	-1.669259e-05
-7.732105e+00	0.000000e+00	8.752444e-01	-1.669261e-05
-7.731357e+00	0.000000e+00	8.746755e-01	-1.669260e-05
-7.730604e+00	0.000000e+00	8.741035e-01	-1.669256e-05
-7.729846e+00	0.000000e+00	8.735283e-01	-1.669245e-05
-7.729083e+00	0.000000e+00	8.729499e-01	-1.669220e-05
-7.728314e+00	0.000000e+00	8.723683e-01	-1.669191e-05
-7.727540e+00	0.000000e+00	8.717844e-01	-1.669177e-05
-7.726760e+00	0.000000e+00	8.711974e-01	-1.669174e-05
-7.725975e+00	0.000000e+00	8.706072e-01	-1.669201e-05
-7.725185e+00	0.000000e+00	8.700138e-01	-1.669225e-05
-7.724389e+00	0.000000e+00	8.694170e-01	-1.669246e-05
-7.723587e+00	0.000000e+00	8.688168e-01	-1.669299e-05
-7.722780e+00	0.000000e+00	8.682134e-01	-1.669347e-05
-7.721968e+00	0.000000e+00	8.676066e-01	-1.669391e-05
-7.721150e+00	0.000000e+00	8.669964e-01	-1.669431e-05
-7.720326e+00	0.000000e+00	8.663828e-01	-1.669461e-05
-7.719496e+00	0.000000e+00	8.657658e-01	-1.669479e-05
-7.718661e+00	0.000000e+00	8.651454e-01	-1.669500e-05
-7.717820e+00	0.000000e+00	8.645215e-01	-1.669517e-05
-7.716973e+00	0.000000e+00	8.638942e-01	-1.669531e-05
-7.716120e+00	0.000000e+00	8.632633e-01	-1.669543e-05
-7.715262e+00	0.000000e+00	8.626289e-01	-1.669552e-05
-7.714397e+00	0.000000e+00	8.619911e-01	-1.669556e-05
-7.713526e+00	0.000000e+00	8.613497e-01	-1.669613e-05
-7.712650e+00	0.000000e+00	8.607047e-01	-1.669690e-05
-7.711767e+00	0.000000e+00	8.600561e-01	-1.669760e-05
-7.710878e+00	0.000000e+00	8.594040e-01	-1.669826e-05
-7.709983e+00	0.000000e+00	8.587484e-01	-1.669887e-05
-7.709082e+00	0.000000e+00	8.580891e-01	-1.670009e-05
-7.708174e+00	0.000000e+00	8.574261e-01	-1.670144e-05
-7.707261e+00	0.000000e+00	8.567593e-01	-1.670272e-05
-7.706340e+00	0.000000e+00	8.560889e-01	-1.670396e-05
-7.705414e+00	0.000000e+00	8.554149e-01	-1.670534e-05
-7.704481e+00	0.000000e+00	8.547374e-01	-1.670702e-05
-7.703542e+00	0.000000e+00	8.540562e-01	-1.670867e-05
-7.702596e+00	0.000000e+00	8.533714e-01	-1.671028e-05
-7.701643e+00	0.000000e+00	8.526829e-01	-1.671177e-05
-7.700684e+00	0.000000e+00	8.519908e-01	-1.671309e-05
-7.699719e+00	0.000000e+00	8.512950e-01	-1.671436e-05
-7.698746e+00	0.000000e+00	8.505955e-01	-1.671559e-05
-7.697767e+00	0.000000e+00	8.498923e-01	-1.671716e-05
-7.696781e+00	0.000000e+00	8.491854e-01	-1.671918e-05
-7.695788e+00	0.000000e+00	8.484747e-01	-1.672116e-05
-7.694789e+00	0.000000e+00	8.477603e-01	-1.672310e-05
-7.693782e+00	0.000000e+00	8.470421e-01	-1.672499e-05
-7.692769e+00	0.000000e+00	8.463202e-01	-1.672684e-05
-7.691748e+00	0.000000e+00	8.455944e-01	-1.672860e-05
-7.690721e+00	0.000000e+00	8.448648e-01	-1.673027e-05
-7.689686e+00	0.000000e+00	8.441314e-01	-1.673183e-05
-7.688644e+00	0.000000e+00	8.433941e-01	-1.673334e-05
-7.687595e+00	0.000000e+00	8.426530e-01	-1.673480e-05
-7.686538e+00	0.000000e+00	8.419081e-01	-1.673618e-05
-7.685475e+00	0.000000e+00	8.411590e-01	-1.673751e-05
-7.684403e+00	0.000000e+00	8.404064e-01	-1.673893e-05
-7.683325e+00	0.000000e+00	8.396497e-01	-1.674017e-05
-7.682239e+00	0.000000e+00	8.388891e-01	-1.674151e-05
-7.681145e+00	0.000000e+00	8.381248e-01	-1.674344e-05
-7.680044e+00	0.000000e+00	8.373565e-01	-1.674533e-05
-7.678935e+00	0.000000e+00	8.365842e-01	-1.674723e-05
-7.677819e+00	0.000000e+00	8.358080e-01	-1.674914e-05
-7.676695e+00	0.000000e+00	8.350277e-01	-1.675106e-05
-7.675563e+00	0.000000e+00	8.342434e-01	-1.675296e-05
-7.674423e+00	0.000000e+00	8.334551e-01	-1.675487e-05
-7.673275e+00	0.000000e+00	8.326628e-01	-1.675674e-05
-7.672120e+00	0.000000e+00	8.318665e-01	-1.675836e-05
-7.670956e+00	0.000000e+00	8.310662e-01	-1.675986e-05
-7.669784e+00	0.000000e+00	8.302619e-01	-1.676132e-05
-7.668604e+00	0.000000e+00	8.294535e-01	-1.676273e-05
-7.667416e+00	0.000000e+00	8.286412e-01	-1.676397e-05
-7.666220e+00	0.000000e+00	8.278248e-01	-1.676507e-05
-7.665015e+00	0.000000e+00	8.270044e-01	-1.676611e-05
-7.663802e+00	0.000000e+00	8.261799e-01	-1.676713e-05
-7.662581e+00	0.000000e+00	8.253511e-01	-1.676816e-05
-7.661351e+00	0.000000e+00	8.245182e-01	-1.676911e-05
-7.660113e+00	0.000000e+00	8.236812e-01	-1.676997e-05
-7.658866e+00	0.000000e+00	8.228402e-01	-1.677085e-05
-7.657610e+00	0.000000e+00	8.219951e-01	-1.677157e-05
-7.656346e+00	0.000000e+00	8.211459e-01	-1.677213e-05
-7.655073e+00	0.000000e+00	8.202925e-01	-1.677252e-05
-7.653791e+00	0.000000e+00	8.194349e-01	-1.677277e-05
-7.652501e+00	0.000000e+00	8.185732e-01	-1.677295e-05
-7.651201e+00	0.000000e+00	8.177072e-01	-1.677304e-05
-7.649892e+00	0.000000e+00	8.168371e-01	-1.677302e-05
-7.648574e+00	0.000000e+00	8.159628e-01	-1.677291e-05
-7.647248e+00	0.000000e+00	8.150843e-01	-1.677273e-05
-7.645911e+00	0.000000e+00	8.142016e-01	-1.677245e-05
-7.644566e+00	0.000000e+00	8.133147e-01	-1.677205e-05
-7.643211e+00	0.000000e+00	8.124235e-01	-1.677155e-05
-7.641847e+00	0.000000e+00	8.115282e-01	-1.677049e-05
-7.640474e+00	0.000000e+00	8.106286e-01	-1.676920e-05
-7.639091e+00	0.000000e+00	8.097252e-01	-1.676778e-05
-7.637698e+00	0.000000e+00	8.088176e-01	-1.676629e-05
-7.636296e+00	0.000000e+00	8.079057e-01	-1.676470e-05
-7.634884e+00	0.000000e+00	8.069894e-01	-1.676309e-05
-7.633462e+00	0.000000e+00	8.060687e-01	-1.676105e-05
-7.632030e+00	0.000000e+00	8.051438e-01	-1.675894e-05
-7.630589e+00	0.000000e+00	8.042145e-01	-1.675660e-05
-7.629137e+00	0.000000e+00	8.032809e-01	-1.675411e-05
-7.627676e+00	0.000000e+00	8.023430e-01	-1.675134e-05
-7.626204e+00	0.000000e+00	8.014008e-01	-1.674817e-05
-7.624722e+00	0.000000e+00	8.004543e-01	-1.674489e-05
-7.623230e+00	0.000000e+00	7.995034e-01	-1.674152e-05
-7.621727e+00	0.000000e+00	7.985481e-01	-1.673812e-05
-7.620214e+00	0.000000e+00	7.975886e-01	-1.673462e-05
-7.618691e+00	0.000000e+00	7.966246e-01	-1.673078e-05
-7.617156e+00	0.000000e+00	7.956564e-01	-1.672733e-05
-7.615612e+00	0.000000e+00	7.946837e-01	-1.672433e-05
-7.614056e+00	0.000000e+00	7.937067e-01	-1.672115e-05
-7.612490e+00	0.000000e+00	7.927250e-01	-1.671830e-05
-7.610913e+00	0.000000e+00	7.917385e-01	-1.671606e-05
-7.609325e+00	0.000000e+00	7.907475e-01	-1.671419e-05
-7.607726e+00	0.000000e+00	7.897520e-01	-1.671244e-05
-7.606116e+00	0.000000e+00	7.887521e-01	-1.671058e-05
-7.604495e+00	0.000000e+00	7.877478e-01	-1.670867e-05
-7.602863e+00	0.000000e+00	7.867388e-01	-1.670721e-05
-7.601219e+00	0.000000e+00	7.857251e-01	-1.670566e-05
-7.599564e+00	0.000000e+00	7.847068e-01	-1.670406e-05
-7.597897e+00	0.000000e+00	7.836837e-01	-1.670281e-05
-7.596219e+00	0.000000e+00	7.826560e-01	-1.670188e-05
-7.594529e+00	0.000000e+00	7.816240e-01	-1.670125e-05
-7.592828e+00	0.000000e+00	7.805871e-01	-1.670060e-05
-7.591114e+00	0.000000e+00	7.795458e-01	-1.670025e-05
-7.589389e+00	0.000000e+00	7.785001e-01	-1.669984e-05
-7.587652e+00	0.000000e+00	7.774501e-01	-1.669939e-05
-7.585903e+00	0.000000e+00	7.763957e-01	-1.669896e-05
-7.584141e+00	0.000000e+00	7.753369e-01	-1.669848e-05
-7.582368e+00	0.000000e+00	7.742735e-01	-1.669769e-05
-7.580582e+00	0.000000e+00	7.732055e-01	-1.669647e-05
-7.578784e+00	0.000000e+00	7.721332e-01	-1.669546e-05
-7.576973e+00	0.000000e+00	7.710564e-01	-1.669487e-05
-7.575150e+00	0.000000e+00	7.699752e-01	-1.669414e-05
-7.573314e+00	0.000000e+00	7.688893e-01	-1.669325e-05
-7.571466e+00	0.000000e+00	7.677989e-01	-1.669220e-05
-7.569604e+00	0.000000e+00	7.667041e-01	-1.669106e-05
-7.567730e+00	0.000000e+00	7.656048e-01	-1.668931e-05
-7.565843e+00	0.000000e+00	7.645005e-01	-1.668766e-05
-7.563942e+00	0.000000e+00	7.633917e-01	-1.668587e-05
-7.562029e+00	0.000000e+00	7.622782e-01	-1.668435e-05
-7.560102e+00	0.000000e+00	7.611602e-01	-1.668300e-05
-7.558162e+00	0.000000e+00	7.600374e-01	-1.668180e-05
-7.556208e+00	0.000000e+00	7.589099e-01	-1.668070e-05
-7.554241e+00	0.000000e+00	7.577778e-01	-1.668054e-05
-7.552260e+00	0.000000e+00	7.566411e-01	-1.667981e-05
-7.550266e+00	0.000000e+00	7.554994e-01	-1.667875e-05
-7.548257e+00	0.000000e+00	7.543529e-01	-1.667747e-05
-7.546235e+00	0.000000e+00	7.532018e-01	-1.667590e-05
-7.544199e+00	0.000000e+00	7.520460e-01	-1.667417e-05
-7.542148e+00	0.000000e+00	7.508854e-01	-1.667229e-05
-7.540084e+00	0.000000e+00	7.497202e-01	-1.667039e-05
-7.538005e+00	0.000000e+00	7.485503e-01	-1.666930e-05
-7.535911e+00	0.000000e+00	7.473761e-01	-1.666818e-05
-7.533804e+00	0.000000e+00	7.461977e-01	-1.666694e-05
-7.531681e+00	0.000000e+00	7.450157e-01	-1.666572e-05
-7.529544e+00	0.000000e+00	7.438293e-01	-1.666432e-05
-7.527392e+00	0.000000e+00	7.426382e-01	-1.666280e-05
-7.525225e+00	0.000000e+00	7.414444e-01	-1.666172e-05
-7.523043e+00	0.000000e+00	7.402471e-01	-1.666075e-05
-7.520846e+00	0.000000e+00	7.390452e-01	-1.665946e-05
-7.518634e+00	0.000000e+00	7.378389e-01	-1.665836e-05
-7.516406e+00	0.000000e+00	7.366283e-01	-1.665731e-05
-7.514163e+00	0.000000e+00	7.354130e-01	-1.665602e-05
-7.511905e+00	0.000000e+00	7.341932e-01	-1.665442e-05
-7.509630e+00	0.000000e+00	7.329694e-01	-1.665135e-05
-7.507340e+00	0.000000e+00	7.317414e-01	-1.664676e-05
-7.505035e+00	0.000000e+00	7.305089e-01	-1.664195e-05
-7.502713e+00	0.000000e+00	7.292713e-01	-1.663684e-05
-7.500375e+00	0.000000e+00	7.280292e-01	-1.663144e-05
-7.498021e+00	0.000000e+00	7.267826e-01	-1.662560e-05
-7.495650e+00	0.000000e+00	7.255315e-01	-1.661900e-05
-7.493263e+00	0.000000e+00	7.242758e-01	-1.661266e-05
-7.490860e+00	0.000000e+00	7.230158e-01	-1.660621e-05
-7.488440e+00	0.000000e+00	7.217513e-01	-1.659927e-05
-7.486003e+00	0.000000e+00	7.204822e-01	-1.659190e-05
-7.483549e+00	0.000000e+00	7.192082e-01	-1.658479e-05
-7.481078e+00	0.000000e+00	7.179298e-01	-1.657869e-05
-7.478590e+00	0.000000e+00	7.166469e-01	-1.657273e-05
-7.476085e+00	0.000000e+00	7.153594e-01	-1.656741e-05
-7.473562e+00	0.000000e+00	7.140675e-01	-1.656185e-05
-7.471022e+00	0.000000e+00	7.127713e-01	-1.655582e-05
-7.468465e+00	0.000000e+00	7.114708e-01	-1.655057e-05
-7.465889e+00	0.000000e+00	7.101659e-01	-1.654533e-05
-7.463296e+00	0.000000e+00	7.088566e-01	-1.653979e-05
-7.460685e+00	0.000000e+00	7.075431e-01	-1.653387e-05
-7.458056e+00	0.000000e+00	7.062252e-01	-1.652740e-05
-7.455408e+00	0.000000e+00	7.049026e-01	-1.652080e-05
-7.452742e+00	0.000000e+00	7.035757e-01	-1.651418e-05
-7.450058e+00	0.000000e+00	7.022445e-01	-1.650752e-05
-7.447355e+00	0.000000e+00	7.009088e-01	-1.650060e-05
-7.444633e+00	0.000000e+00	6.995689e-01	-1.649420e-05
-7.441893e+00	0.000000e+00	6.982246e-01	-1.648770e-05
-7.439133e+00	0.000000e+00	6.968757e-01	-1.648119e-05
-7.436355e+00	0.000000e+00	6.955222e-01	-1.647449e-05
-7.433557e+00	0.000000e+00	6.941644e-01	-1.646715e-05
-7.430739e+00	0.000000e+00	6.928024e-01	-1.645942e-05
-7.427902e+00	0.000000e+00	6.914364e-01	-1.645174e-05
-7.425046e+00	0.000000e+00	6.900663e-01	-1.644388e-05
-7.422170e+00	0.000000e+00	6.886921e-01	-1.643653e-05
-7.419273e+00	0.000000e+00	6.873136e-01	-1.643002e-05
-7.416357e+00	0.000000e+00	6.859305e-01	-1.642331e-05
-7.413420e+00	0.000000e+00	6.845429e-01	-1.641606e-05
-7.410464e+00	0.000000e+00	6.831511e-01	-1.640953e-05
-7.407486e+00	0.000000e+00	6.817550e-01	-1.640342e-05
-7.404488e+00	0.000000e+00	6.803549e-01	-1.639747e-05
-7.401469e+00	0.000000e+00	6.789508e-01	-1.639126e-05
-7.398430e+00	0.000000e+00	6.775425e-01	-1.638477e-05
-7.395369e+00	0.000000e+00	6.761301e-01	-1.637797e-05
-7.392287e+00	0.000000e+00	6.747137e-01	-1.637085e-05
-7.389183e+00	0.000000e+00	6.732933e-01	-1.636313e-05
-7.386058e+00	0.000000e+00	6.718690e-01	-1.635665e-05
-7.382912e+00	0.000000e+00	6.704406e-01	-1.635086e-05
-7.379743e+00	0.000000e+00	6.690086e-01	-1.634526e-05
-7.376553e+00	0.000000e+00	6.675728e-01	-1.633933e-05
-7.373341e+00	0.000000e+00	6.661332e-01	-1.633301e-05
-7.370106e+00	0.000000e+00	6.646896e-01	-1.632600e-05
-7.366849e+00	0.000000e+00	6.632418e-01	-1.631879e-05
-7.363569e+00	0.000000e+00	6.617899e-01	-1.631143e-05
-7.360267e+00	0.000000e+00	6.603343e-01	-1.630349e-05
-7.356941e+00	0.000000e+00	6.588750e-01	-1.629515e-05
-7.353593e+00	0.000000e+00	6.574117e-01	-1.628765e-05
-7.350221e+00	0.000000e+00	6.559444e-01	-1.627983e-05
-7.346826e+00	0.000000e+00	6.544732e-01	-1.627156e-05
-7.343408e+00	0.000000e+00	6.529982e-01	-1.626271e-05
-7.339965e+00	0.000000e+00	6.515192e-01	-1.625343e-05
-7.336499e+00	0.000000e+00	6.500355e-01	-1.624407e-05
-7.333009e+00	0.000000e+00	6.485479e-01	-1.623553e-05
-7.329495e+00	0.000000e+00	6.470569e-01	-1.622729e-05
-7.325956e+00	0.000000e+00	6.455617e-01	-1.621910e-05
-7.322393e+00	0.000000e+00	6.440631e-01	-1.621093e-05
-7.318805e+00	0.000000e+00	6.425610e-01	-1.620272e-05
-7.315193e+00	0.000000e+00	6.410555e-01	-1.619499e-05
-7.311555e+00	0.000000e+00	6.395461e-01	-1.618682e-05
-7.307892e+00	0.000000e+00	6.380332e-01	-1.617817e-05
-7.304203e+00	0.000000e+00	6.365169e-01	-1.616930e-05
-7.300489e+00	0.000000e+00	6.349971e-01	-1.616203e-05
-7.296750e+00	0.000000e+00	6.334738e-01	-1.615444e-05
-7.292984e+00	0.000000e+00	6.319474e-01	-1.614640e-05
-7.289192e+00	0.000000e+00	6.304169e-01	-1.613962e-05
-7.285374e+00	0.000000e+00	6.288829e-01	-1.613326e-05
-7.281530e+00	0.000000e+00	6.273460e-01	-1.612614e-05
-7.277659e+00	0.000000e+00	6.258057e-01	-1.611826e-05
-7.273761e+00	0.000000e+00	6.242617e-01	-1.610991e-05
-7.269836e+00	0.000000e+00	6.227145e-01	-1.610107e-05
-7.265884e+00	0.000000e+00	6.211639e-01	-1.609144e-05
-7.261904e+00	0.000000e+00	6.196100e-01	-1.608200e-05
-7.257897e+00	0.000000e+00	6.180526e-01	-1.607465e-05
-7.253862e+00	0.000000e+00	6.164914e-01	-1.606763e-05
-7.249799e+00	0.000000e+00	6.149269e-01	-1.606009e-05
-7.245708e+00	0.000000e+00	6.133586e-01	-1.605256e-05
-7.241588e+00	0.000000e+00	6.117873e-01	-1.604492e-05
-7.237440e+00	0.000000e+00	6.102131e-01	-1.603717e-05
-7.233264e+00	0.000000e+00	6.086361e-01	-1.602973e-05
-7.229058e+00	0.000000e+00	6.070558e-01	-1.602161e-05
-7.224823e+00	0.000000e+00	6.054726e-01	-1.601311e-05
-7.220559e+00	0.000000e+00	6.038861e-01	-1.600430e-05
-7.216265e+00	0.000000e+00	6.022966e-01	-1.599470e-05
-7.211942e+00	0.000000e+00	6.007043e-01	-1.598465e-05
-7.207588e+00	0.000000e+00	5.991089e-01	-1.597412e-05
-7.203204e+00	0.000000e+00	5.975105e-01	-1.596301e-05
-7.198790e+00	0.000000e+00	5.959089e-01	-1.595201e-05
-7.194346e+00	0.000000e+00	5.943041e-01	-1.594082e-05
-7.189870e+00	0.000000e+00	5.926967e-01	-1.592870e-05
-7.185364e+00	0.000000e+00	5.910866e-01	-1.591663e-05
-7.180826e+00	0.000000e+00	5.894736e-01	-1.590353e-05
-7.176257e+00	0.000000e+00	5.878575e-01	-1.588985e-05
-7.171656e+00	0.000000e+00	5.862391e-01	-1.587634e-05
-7.167023e+00	0.000000e+00	5.846183e-01	-1.586307e-05
-7.162358e+00	0.000000e+00	5.829950e-01	-1.585043e-05
-7.157661e+00	0.000000e+00	5.813693e-01	-1.583668e-05
-7.152932e+00	0.000000e+00	5.797412e-01	-1.582223e-05
-7.148169e+00	0.000000e+00	5.781106e-01	-1.580831e-05
-7.143373e+00	0.000000e+00	5.764775e-01	-1.579400e-05
-7.138545e+00	0.000000e+00	5.748414e-01	-1.578068e-05
-7.133682e+00	0.000000e+00	5.732026e-01	-1.576787e-05
-7.128786e+00	0.000000e+00	5.715616e-01	-1.575424e-05
-7.123857e+00	0.000000e+00	5.699186e-01	-1.573965e-05
-7.118893e+00	0.000000e+00	5.682736e-01	-1.572462e-05
-7.113894e+00	0.000000e+00	5.666260e-01	-1.571074e-05
-7.108861e+00	0.000000e+00	5.649765e-01	-1.569689e-05
-7.103793e+00	0.000000e+00	5.633249e-01	-1.568371e-05
-7.098690e+00	0.000000e+00	5.616710e-01	-1.567017e-05
-7.093551e+00	0.000000e+00	5.600153e-01	-1.565786e-05
-7.088377e+00	0.000000e+00	5.583577e-01	-1.564566e-05
-7.083167e+00	0.000000e+00	5.566983e-01	-1.563436e-05
-7.077921e+00	0.000000e+00	5.550368e-01	-1.562276e-05
-7.072639e+00	0.000000e+00	5.533728e-01	-1.561078e-05
-7.067319e+00	0.000000e+00	5.517066e-01	-1.559796e-05
-7.061963e+00	0.000000e+00	5.500384e-01	-1.558532e-05
-7.056570e+00	0.000000e+00	5.483696e-01	-1.557431e-05
-7.051140e+00	0.000000e+00	5.467000e-01	-1.556350e-05
-7.045672e+00	0.000000e+00	5.450289e-01	-1.555374e-05
-7.040166e+00	0.000000e+00	5.433561e-01	-1.554365e-05
-7.034622e+00	0.000000e+00	5.416813e-01	-1.553378e-05
-7.029039e+00	0.000000e+00	5.400051e-01	-1.552425e-05
-7.023418e+00	0.000000e+00	5.383272e-01	-1.551376e-05
-7.017757e+00	0.000000e+00	5.366476e-01	-1.550267e-05
-7.012058e+00	0.000000e+00	5.349665e-01	-1.549077e-05
-7.006319e+00	0.000000e+00	5.332839e-01	-1.547847e-05
-7.000540e+00	0.000000e+00	5.315997e-01	-1.546655e-05
-6.994721e+00	0.000000e+00	5.299138e-01	-1.545398e-05
-6.988862e+00	0.000000e+00	5.282287e-01	-1.544086e-05
-6.982962e+00	0.000000e+00	5.265436e-01	-1.542769e-05
-6.977021e+00	0.000000e+00	5.248568e-01	-1.541337e-05
-6.971040e+00	0.000000e+00	5.231682e-01	-1.540016e-05
-6.965016e+00	0.000000e+00	5.214780e-01	-1.538774e-05
-6.958951e+00	0.000000e+00	5.197860e-01	-1.537438e-05
-6.952844e+00	0.000000e+00	5.180928e-01	-1.536051e-05
-6.946695e+00	0.000000e+00	5.163983e-01	-1.534570e-05
-6.940502e+00	0.000000e+00	5.147035e-01	-1.533083e-05
-6.934267e+00	0.000000e+00	5.130081e-01	-1.531646e-05
-6.927989e+00	0.000000e+00	5.113119e-01	-1.530115e-05
-6.921667e+00	0.000000e+00	5.096146e-01	-1.528573e-05
-6.915302e+00	0.000000e+00	5.079164e-01	-1.527065e-05
-6.908892e+00	0.000000e+00	5.062174e-01	-1.525457e-05
-6.902438e+00	0.000000e+00	5.045179e-01	-1.523751e-05
-6.895939e+00	0.000000e+00	5.028179e-01	-1.522014e-05
-6.889395e+00	0.000000e+00	5.011171e-01	-1.520218e-05
-6.882806e+00	0.000000e+00	4.994159e-01	-1.518443e-05
-6.876171e+00	0.000000e+00	4.977147e-01	-1.516622e-05
-6.869490e+00	0.000000e+00	4.960162e-01	-1.515005e-05
-6.862763e+00	0.000000e+00	4.943167e-01	-1.513483e-05
-6.855989e+00	0.000000e+00	4.926166e-01	-1.511869e-05
-6.849168e+00	0.000000e+00	4.909163e-01	-1.510166e-05
-6.842300e+00	0.000000e+00	4.892155e-01	-1.508409e-05
-6.835384e+00	0.000000e+00	4.875144e-01	-1.506655e-05
-6.828421e+00	0.000000e+00	4.858123e-01	-1.504971e-05
-6.821409e+00	0.000000e+00	4.841098e-01	-1.503231e-05
-6.814348e+00	0.000000e+00	4.824064e-01	-1.501373e-05
-6.807239e+00	0.000000e+00	4.807026e-01	-1.499640e-05
-6.800080e+00	0.000000e+00	4.789989e-01	-1.497903e-05
-6.792871e+00	0.000000e+00	4.772951e-01	-1.496259e-05
-6.785613e+00	0.000000e+00	4.755914e-01	-1.494831e-05
-6.778304e+00	0.000000e+00	4.738880e-01	-1.493398e-05
-6.770945e+00	0.000000e+00	4.721849e-01	-1.491941e-05
-6.763535e+00	0.000000e+00	4.704817e-01	-1.490435e-05
-6.756073e+00	0.000000e+00	4.687777e-01	-1.488748e-05
-6.748560e+00	0.000000e+00	4.670738e-01	-1.486962e-05
-6.740994e+00	0.000000e+00	4.653700e-01	-1.485116e-05
-6.733376e+00	0.000000e+00	4.636661e-01	-1.483207e-05
-6.725705e+00	0.000000e+00	4.619625e-01	-1.481189e-05
-6.717982e+00	0.000000e+00	4.602590e-01	-1.478995e-05
-6.710204e+00	0.000000e+00	4.585565e-01	-1.476855e-05
-6.702373e+00	0.000000e+00	4.568545e-01	-1.474729e-05
-6.694487e+00	0.000000e+00	4.551537e-01	-1.472679e-05
-6.686547e+00	0.000000e+00	4.534544e-01	-1.470742e-05
-6.678551e+00	0.000000e+00	4.517555e-01	-1.468844e-05
-6.670501e+00	0.000000e+00	4.500571e-01	-1.466993e-05
-6.662394e+00	0.000000e+00	4.483592e-01	-1.465104e-05
-6.654231e+00	0.000000e+00	4.466621e-01	-1.463050e-05
-6.646012e+00	0.000000e+00	4.449660e-01	-1.461006e-05
-6.637736e+00	0.000000e+00	4.432707e-01	-1.458871e-05
-6.629402e+00	0.000000e+00	4.415762e-01	-1.456707e-05
-6.621010e+00	0.000000e+00	4.398828e-01	-1.454598e-05
-6.612561e+00	0.000000e+00	4.381912e-01	-1.452455e-05
-6.604053e+00	0.000000e+00	4.365004e-01	-1.450266e-05
-6.595485e+00	0.000000e+00	4.348101e-01	-1.448043e-05
-6.586859e+00	0.000000e+00	4.331207e-01	-1.445806e-05
-6.578172e+00	0.000000e+00	4.314329e-01	-1.443702e-05
-6.569426e+00	0.000000e+00	4.297456e-01	-1.441499e-05
-6.560619e+00	0.000000e+00	4.280588e-01	-1.439132e-05
-6.551750e+00	0.000000e+00	4.263732e-01	-1.436748e-05
-6.542821e+00	0.000000e+00	4.246887e-01	-1.434392e-05
-6.533829e+00	0.000000e+00	4.230053e-01	-1.432154e-05
-6.524775e+00	0.000000e+00	4.213232e-01	-1.430007e-05
-6.515658e+00	0.000000e+00	4.196421e-01	-1.427751e-05
-6.506479e+00	0.000000e+00	4.179619e-01	-1.425563e-05
-6.497235e+00	0.000000e+00	4.162828e-01	-1.423348e-05
-6.487927e+00	0.000000e+00	4.146051e-01	-1.421094e-05
-6.478555e+00	0.000000e+00	4.129291e-01	-1.418796e-05
-6.469118e+00	0.000000e+00	4.112549e-01	-1.416415e-05
-6.459616e+00	0.000000e+00	4.095822e-01	-1.413918e-05
-6.450047e+00	0.000000e+00	4.079109e-01	-1.411313e-05
-6.440413e+00	0.000000e+00	4.062412e-01	-1.408589e-05
-6.430711e+00	0.000000e+00	4.045723e-01	-1.405785e-05
-6.420942e+00	0.000000e+00	4.029048e-01	-1.403050e-05
-6.411106e+00	0.000000e+00	4.012390e-01	-1.400444e-05
-6.401201e+00	0.000000e+00	3.995752e-01	-1.397892e-05
-6.391228e+00	0.000000e+00	3.979135e-01	-1.395310e-05
-6.381186e+00	0.000000e+00	3.962539e-01	-1.392681e-05
-6.371074e+00	0.000000e+00	3.945967e-01	-1.390067e-05
-6.360892e+00	0.000000e+00	3.929418e-01	-1.387420e-05
-6.350639e+00	0.000000e+00	3.912892e-01	-1.384691e-05
-6.340315e+00	0.000000e+00	3.896383e-01	-1.381979e-05
-6.329920e+00	0.000000e+00	3.879891e-01	-1.379143e-05
-6.319452e+00	0.000000e+00	3.863422e-01	-1.376272e-05
-6.308913e+00	0.000000e+00	3.846971e-01	-1.373430e-05
-6.298300e+00	0.000000e+00	3.830537e-01	-1.370584e-05
-6.287613e+00	0.000000e+00	3.814132e-01	-1.367721e-05
-6.276852e+00	0.000000e+00	3.797751e-01	-1.364980e-05
-6.266017e+00	0.000000e+00	3.781400e-01	-1.362300e-05
-6.255107e+00	0.000000e+00	3.765084e-01	-1.359633e-05
-6.244121e+00	0.000000e+00	3.748819e-01	-1.356916e-05
-6.233059e+00	0.000000e+00	3.732583e-01	-1.354116e-05
-6.221920e+00	0.000000e+00	3.716372e-01	-1.351304e-05
-6.210704e+00	0.000000e+00	3.700216e-01	-1.348494e-05
-6.199410e+00	0.000000e+00	3.684099e-01	-1.345593e-05
-6.188038e+00	0.000000e+00	3.668021e-01	-1.342715e-05
-6.176587e+00	0.000000e+00	3.651982e-01	-1.339819e-05
-6.165057e+00	0.000000e+00	3.635968e-01	-1.336966e-05
-6.153447e+00	0.000000e+00	3.619985e-01	-1.334148e-05
-6.141756e+00	0.000000e+00	3.604033e-01	-1.331346e-05
-6.129985e+00	0.000000e+00	3.588119e-01	-1.328487e-05
-6.118131e+00	0.000000e+00	3.572231e-01	-1.325556e-05
-6.106196e+00	0.000000e+00	3.556366e-01	-1.322524e-05
-6.094178e+00	0.000000e+00	3.540526e-01	-1.319565e-05
-6.082076e+00	0.000000e+00	3.524708e-01	-1.316619e-05
-6.069891e+00	0.000000e+00	3.508921e-01	-1.313573e-05
-6.057621e+00	0.000000e+00	3.493164e-01	-1.310430e-05
-6.045266e+00	0.000000e+00	3.477444e-01	-1.307278e-05
-6.032826e+00	0.000000e+00	3.461773e-01	-1.304205e-05
-6.020299e+00	0.000000e+00	3.446132e-01	-1.301134e-05
-6.007686e+00	0.000000e+00	3.430525e-01	-1.297958e-05
-5.994985e+00	0.000000e+00	3.414949e-01	-1.294721e-05
-5.982196e+00	0.000000e+00	3.399406e-01	-1.291447e-05
-5.969318e+00	0.000000e+00	3.383899e-01	-1.288009e-05
-5.956351e+00	0.000000e+00	3.368431e-01	-1.284605e-05
-5.943294e+00	0.000000e+00	3.352998e-01	-1.281180e-05
-5.930147e+00	0.000000e+00	3.337605e-01	-1.277709e-05
-5.916908e+00	0.000000e+00	3.322242e-01	-1.274201e-05
-5.903578e+00	0.000000e+00	3.306911e-01	-1.270673e-05
-5.890155e+00	0.000000e+00	3.291614e-01	-1.267208e-05
-5.876640e+00	0.000000e+00	3.276348e-01	-1.263864e-05
-5.863030e+00	0.000000e+00	3.261109e-01	-1.260474e-05
-5.849327e+00	0.000000e+00	3.245904e-01	-1.257049e-05
-5.835528e+00	0.000000e+00	3.230738e-01	-1.253657e-05
-5.821634e+00	0.000000e+00	3.215613e-01	-1.250141e-05
-5.807643e+00	0.000000e+00	3.200528e-01	-1.246501e-05
-5.793555e+00	0.000000e+00	3.185479e-01	-1.242855e-05
-5.779370e+00	0.000000e+00	3.170465e-01	-1.239226e-05
-5.765086e+00	0.000000e+00	3.155490e-01	-1.235640e-05
-5.750704e+00	0.000000e+00	3.140553e-01	-1.232074e-05
-5.736222e+00	0.000000e+00	3.125650e-01	-1.228437e-05
-5.721639e+00	0.000000e+00	3.110781e-01	-1.224686e-05
-5.706955e+00	0.000000e+00	3.095953e-01	-1.220926e-05
-5.692170e+00	0.000000e+00	3.081176e-01	-1.217148e-05
-5.677281e+00	0.000000e+00	3.066435e-01	-1.213354e-05
-5.662290e+00	0.000000e+00	3.051726e-01	-1.209522e-05
-5.647195e+00	0.000000e+00	3.037055e-01	-1.205712e-05
-5.631995e+00	0.000000e+00	3.022425e-01	-1.201920e-05
-5.616690e+00	0.000000e+00	3.007854e-01	-1.198173e-05
-5.601279e+00	0.000000e+00	2.993343e-01	-1.194321e-05
-5.585761e+00	0.000000e+00	2.978892e-01	-1.190490e-05
-5.570135e+00	0.000000e+00	2.964486e-01	-1.186634e-05
-5.554401e+00	0.000000e+00	2.950123e-01	-1.182753e-05
-5.538558e+00	0.000000e+00	2.935815e-01	-1.178882e-05
-5.522605e+00	0.000000e+00	2.921544e-01	-1.174982e-05
-5.506542e+00	0.000000e+00	2.907314e-01	-1.171092e-05
-5.490367e+00	0.000000e+00	2.893124e-01	-1.167181e-05
-5.474080e+00	0.000000e+00	2.878971e-01	-1.163190e-05
-5.457681e+00	0.000000e+00	2.864866e-01	-1.159259e-05
-5.441167e+00	0.000000e+00	2.850814e-01	-1.155288e-05
-5.424539e+00	0.000000e+00	2.836807e-01	-1.151307e-05
-5.407796e+00	0.000000e+00	2.822846e-01	-1.147365e-05
-5.390937e+00	0.000000e+00	2.808941e-01	-1.143366e-05
-5.373961e+00	0.000000e+00	2.795094e-01	-1.139407e-05
-5.356867e+00	0.000000e+00	2.781291e-01	-1.135418e-05
-5.339655e+00	0.000000e+00	2.767532e-01	-1.131463e-05
-5.322323e+00	0.000000e+00	2.753819e-01	-1.127533e-05
-5.304871e+00	0.000000e+00	2.740155e-01	-1.123542e-05
-5.287299e+00	0.000000e+00	2.726534e-01	-1.119473e-05
-5.269604e+00	0.000000e+00	2.712952e-01	-1.115428e-05
-5.251787e+00	0.000000e+00	2.699413e-01	-1.111318e-05
-5.233846e+00	0.000000e+00	2.685918e-01	-1.107146e-05
-5.215781e+00	0.000000e+00	2.672468e-01	-1.102915e-05
-5.197591e+00	0.000000e+00	2.659062e-01	-1.098744e-05
-5.179275e+00	0.000000e+00	2.645704e-01	-1.094531e-05
-5.160832e+00	0.000000e+00	2.632388e-01	-1.090308e-05
-5.142261e+00	0.000000e+00	2.619122e-01	-1.086014e-05
-5.123561e+00	0.000000e+00	2.605904e-01	-1.081645e-05
-5.104731e+00	0.000000e+00	2.592732e-01	-1.077224e-05
-5.085771e+00	0.000000e+00	2.579606e-01	-1.072746e-05
-5.066680e+00	0.000000e+00	2.566536e-01	-1.068238e-05
-5.047456e+00	0.000000e+00	2.553528e-01	-1.063749e-05
-5.028099e+00	0.000000e+00	2.540574e-01	-1.059264e-05
-5.008608e+00	0.000000e+00	2.527672e-01	-1.054773e-05
-4.988982e+00	0.000000e+00	2.514816e-01	-1.050224e-05
-4.969219e+00	0.000000e+00	2.502018e-01	-1.045654e-05
-4.949320e+00	0.000000e+00	2.489272e-01	-1.041116e-05
-4.929283e+00	0.000000e+00	2.476572e-01	-1.036625e-05
-4.909107e+00	0.000000e+00	2.463924e-01	-1.032097e-05
-4.888791e+00	0.000000e+00	2.451320e-01	-1.027555e-05
-4.868334e+00	0.000000e+00	2.438770e-01	-1.022929e-05
-4.847735e+00	0.000000e+00	2.426303e-01	-1.018262e-05
-4.826994e+00	0.000000e+00	2.413890e-01	-1.013531e-05
-4.806109e+00	0.000000e+00	2.401527e-01	-1.008898e-05
-4.785079e+00	0.000000e+00	2.389211e-01	-1.004256e-05
-4.763903e+00	0.000000e+00	2.376943e-01	-9.996105e-06
-4.742581e+00	0.000000e+00	2.364718e-01	-9.949256e-06
-4.721110e+00	0.000000e+00	2.352538e-01	-9.902069e-06
-4.699491e+00	0.000000e+00	2.340409e-01	-9.855306e-06
-4.677722e+00	0.000000e+00	2.328328e-01	-9.808253e-06
-4.655802e+00	0.000000e+00	2.316298e-01	-9.760797e-06
-4.633731e+00	0.000000e+00	2.304325e-01	-9.713159e-06
-4.611506e+00	0.000000e+00	2.292406e-01	-9.664833e-06
-4.589127e+00	0.000000e+00	2.280544e-01	-9.616820e-06
-4.566593e+00	0.000000e+00	2.268730e-01	-9.568756e-06
-4.543903e+00	0.000000e+00	2.256965e-01	-9.520056e-06
-4.521055e+00	0.000000e+00	2.245257e-01	-9.471212e-06
-4.498050e+00	0.000000e+00	2.233626e-01	-9.422909e-06
-4.474884e+00	0.000000e+00	2.222061e-01	-9.375226e-06
-4.451558e+00	0.000000e+00	2.210547e-01	-9.326667e-06
-4.428071e+00	0.000000e+00	2.199078e-01	-9.277398e-06
-4.404421e+00	0.000000e+00	2.187660e-01	-9.227440e-06
-4.380606e+00	0.000000e+00	2.176299e-01	-9.177471e-06
-4.356627e+00	0.000000e+00	2.165008e-01	-9.128504e-06
-4.332481e+00	0.000000e+00	2.153776e-01	-9.079708e-06
-4.308168e+00	0.000000e+00	2.142610e-01	-9.030777e-06
-4.283687e+00	0.000000e+00	2.131501e-01	-8.981216e-06
-4.259036e+00	0.000000e+00	2.120435e-01	-8.931343e-06
-4.234214e+00	0.000000e+00	2.109420e-01	-8.880898e-06
-4.209219e+00	0.000000e+00	2.098460e-01	-8.830356e-06
-4.184052e+00	0.000000e+00	2.087552e-01	-8.779759e-06
-4.158710e+00	0.000000e+00	2.076690e-01	-8.728809e-06
-4.133193e+00	0.000000e+00	2.065875e-01	-8.677820e-06
-4.107498e+00	0.000000e+00	2.055110e-01	-8.626411e-06
-4.081626e+00	0.000000e+00	2.044394e-01	-8.574731e-06
-4.055574e+00	0.000000e+00	2.033729e-01	-8.522852e-06
-4.029342e+00	0.000000e+00	2.023121e-01	-8.470916e-06
-4.002928e+00	0.000000e+00	2.012576e-01	-8.419176e-06
-3.976330e+00	0.000000e+00	2.002078e-01	-8.367197e-06
-3.949549e+00	0.000000e+00	1.991637e-01	-8.315065e-06
-3.922581e+00	0.000000e+00	1.981257e-01	-8.262945e-06
-3.895427e+00	0.000000e+00	1.970947e-01	-8.211267e-06
-3.868085e+00	0.000000e+00	1.960696e-01	-8.158765e-06
-3.840553e+00	0.000000e+00	1.950501e-01	-8.105986e-06
-3.812830e+00	0.000000e+00	1.940350e-01	-8.053377e-06
-3.784915e+00	0.000000e+00	1.930249e-01	-8.001050e-06
-3.756806e+00	0.000000e+00	1.920199e-01	-7.948526e-06
-3.728503e+00	0.000000e+00	1.910204e-01	-7.895784e-06
-3.700003e+00	0.000000e+00	1.900263e-01	-7.842758e-06
-3.671306e+00	0.000000e+00	1.890369e-01	-7.789251e-06
-3.642410e+00	0.000000e+00	1.880532e-01	-7.736121e-06
-3.613314e+00	0.000000e+00	1.870746e-01	-7.682700e-06
-3.584016e+00	0.000000e+00	1.861018e-01	-7.629631e-06
-3.554515e+00	0.000000e+00	1.851345e-01	-7.576330e-06
-3.524809e+00	0.000000e+00	1.841738e-01	-7.523693e-06
-3.494898e+00	0.000000e+00	1.832195e-01	-7.471357e-06
-3.464779e+00	0.000000e+00	1.822699e-01	-7.418394e-06
-3.434451e+00	0.000000e+00	1.813249e-01	-7.364642e-06
-3.403914e+00	0.000000e+00	1.803851e-01	-7.310062e-06
-3.373164e+00	0.000000e+00	1.794507e-01	-7.255354e-06
-3.342201e+00	0.000000e+00	1.785220e-01	-7.201095e-06
-3.311024e+00	0.000000e+00	1.775995e-01	-7.146828e-06
-3.279631e+00	0.000000e+00	1.766826e-01	-7.092196e-06
-3.248020e+00	0.000000e+00	1.757727e-01	-7.037978e-06
-3.216190e+00	0.000000e+00	1.748678e-01	-6.983229e-06
-3.184139e+00	0.000000e+00	1.739675e-01	-6.928464e-06
-3.151866e+00	0.000000e+00	1.730728e-01	-6.873667e-06
-3.119370e+00	0.000000e+00	1.721841e-01	-6.819222e-06
-3.086648e+00	0.000000e+00	1.713003e-01	-6.764570e-06
-3.053699e+00	0.000000e+00	1.704225e-01	-6.710046e-06
-3.020522e+00	0.000000e+00	1.695499e-01	-6.655320e-06
-2.987115e+00	0.000000e+00	1.686821e-01	-6.600561e-06
-2.953476e+00	0.000000e+00	1.678188e-01	-6.545756e-06
-2.919605e+00	0.000000e+00	1.669603e-01	-6.490297e-06
-2.885498e+00	0.000000e+00	1.661086e-01	-6.435067e-06
-2.851155e+00	0.000000e+00	1.652626e-01	-6.380133e-06
-2.816574e+00	0.000000e+00	1.644211e-01	-6.325105e-06
-2.781753e+00	0.000000e+00	1.635849e-01	-6.270266e-06
-2.746691e+00	0.000000e+00	1.627529e-01	-6.214735e-06
-2.711386e+00	0.000000e+00	1.619261e-01	-6.159309e-06
-2.675836e+00	0.000000e+00	1.611046e-01	-6.104404e-06
-2.640040e+00	0.000000e+00	1.602880e-01	-6.049530e-06
-2.603996e+00	0.000000e+00	1.594760e-01	-5.994092e-06
-2.567701e+00	0.000000e+00	1.586696e-01	-5.937734e-06
-2.531156e+00	0.000000e+00	1.578697e-01	-5.881884e-06
-2.494356e+00	0.000000e+00	1.570748e-01	-5.825929e-06
-2.457302e+00	0.000000e+00	1.562855e-01	-5.770482e-06
-2.419991e+00	0.000000e+00	1.555008e-01	-5.714283e-06
-2.382421e+00	0.000000e+00	1.547213e-01	-5.657816e-06
-2.344591e+00	0.000000e+00	1.539473e-01	-5.602191e-06
-2.306499e+00	0.000000e+00	1.531776e-01	-5.546555e-06
-2.268143e+00	0.000000e+00	1.524134e-01	-5.490736e-06
-2.229520e+00	0.000000e+00	1.516547e-01	-5.434694e-06
-2.190630e+00	0.000000e+00	1.509020e-01	-5.378940e-06
-2.151471e+00	0.000000e+00	1.501543e-01	-5.323292e-06
-2.112040e+00	0.000000e+00	1.494114e-01	-5.267489e-06
-2.072335e+00	0.000000e+00	1.486750e-01	-5.211873e-06
-2.032356e+00	0.000000e+00	1.479429e-01	-5.156450e-06
-1.992099e+00	0.000000e+00	1.472145e-01	-5.100738e-06
-1.951563e+00	0.000000e+00	1.464906e-01	-5.044538e-06
-1.910747e+00	0.000000e+00	1.457712e-01	-4.988200e-06
-1.869647e+00	0.000000e+00	1.450567e-01	-4.932329e-06
-1.828263e+00	0.000000e+00	1.443479e-01	-4.876258e-06
-1.786591e+00	0.000000e+00	1.436448e-01	-4.820375e-06
-1.744631e+00	0.000000e+00	1.429462e-01	-4.764544e-06
-1.702380e+00	0.000000e+00	1.422516e-01	-4.708440e-06
-1.659836e+00	0.000000e+00	1.415611e-01	-4.652178e-06
-1.616997e+00	0.000000e+00	1.408761e-01	-4.596253e-06
-1.573861e+00	0.000000e+00	1.401961e-01	-4.540421e-06
-1.530427e+00	0.000000e+00	1.395211e-01	-4.484839e-06
-1.486691e+00	0.000000e+00	1.388512e-01	-4.429369e-06
-1.442652e+00	0.000000e+00	1.381855e-01	-4.373745e-06
-1.398307e+00	0.000000e+00	1.375243e-01	-4.318530e-06
-1.353656e+00	0.000000e+00	1.368679e-01	-4.263338e-06
-1.308694e+00	0.000000e+00	1.362168e-01	-4.208649e-06
-1.263422e+00	0.000000e+00	1.355707e-01	-4.153698e-06
-1.217835e+00	0.000000e+00	1.349284e-01	-4.098952e-06
-1.171932e+00	0.000000e+00	1.342902e-01	-4.044112e-06
-1.125711e+00	0.000000e+00	1.336561e-01	-3.989524e-06
-1.079170e+00	0.000000e+00	1.330262e-01	-3.934925e-06
-1.032306e+00	0.000000e+00	1.324011e-01	-3.880441e-06
-9.851177e-01	0.000000e+00	1.317803e-01	-3.826043e-06
-9.376020e-01	0.000000e+00	1.311636e-01	-3.771978e-06
-8.897568e-01	0.000000e+00	1.305514e-01	-3.718444e-06
-8.415800e-01	0.000000e+00	1.299438e-01	-3.665630e-06
-7.930693e-01	0.000000e+00	1.293396e-01	-3.611936e-06
-7.442223e-01	0.000000e+00	1.287395e-01	-3.559776e-06
-6.950367e-01	0.000000e+00	1.281437e-01	-3.507191e-06
-6.455102e-01	0.000000e+00	1.275520e-01	-3.455620e-06
-5.956404e-01	0.000000e+00	1.269644e-01	-3.404391e-06
-5.454249e-01	0.000000e+00	1.263805e-01	-3.353982e-06
-4.948613e-01	0.000000e+00	1.258004e-01	-3.305014e-06
-4.439472e-01	0.000000e+00	1.252250e-01	-3.256763e-06
-3.926803e-01	0.000000e+00	1.246528e-01	-3.209171e-06
-3.410579e-01	0.000000e+00	1.240839e-01	-3.164712e-06
-2.890777e-01	0.000000e+00	1.235179e-01	-3.120975e-06
-2.367372e-01	0.000000e+00	1.229549e-01	-3.079956e-06
-1.840339e-01	0.000000e+00	1.223952e-01	-3.044173e-06
-1.309653e-01	0.000000e+00	1.218387e-01	-3.015442e-06
-7.752883e-02	0.000000e+00	1.212839e-01	-3.000078e-06
-2.372195e-02	0.000000e+00	1.207292e-01	-3.020903e-06
3.045790e-02	0.000000e+00	1.201813e-01	-7.032537e-06
8.501330e-02	0.000000e+00	1.196266e-01	-2.108893e-05
1.399469e-01	0.000000e+00	1.190781e-01	-4.039119e-05
1.952612e-01	0.000000e+00	1.185361e-01	-6.339445e-05
2.509590e-01	0.000000e+00	1.180006e-01	-8.926790e-05
3.070428e-01	0.000000e+00	1.174718e-01	-1.174593e-04
3.635154e-01	0.000000e+00	1.169492e-01	-1.475599e-04
4.203795e-01	0.000000e+00	1.164333e-01	-1.792574e-04
4.776377e-01	0.000000e+00	1.159233e-01	-2.122907e-04
5.352928e-01	0.000000e+00	1.154196e-01	-2.464500e-04
5.933476e-01	0.000000e+00	1.149219e-01	-2.815526e-04
6.518048e-01	0.000000e+00	1.144302e-01	-3.174438e-04
7.106671e-01	0.000000e+00	1.139444e-01	-3.539864e-04
7.699375e-01	0.000000e+00	1.134645e-01	-3.910623e-04
8.296188e-01	0.000000e+00	1.129903e-01	-4.285650e-04
8.897137e-01	0.000000e+00	1.125219e-01	-4.664056e-04
9.502252e-01	0.000000e+00	1.120590e-01	-5.044914e-04
1.011156e+00	0.000000e+00	1.116017e-01	-5.427481e-04
1.072509e+00	0.000000e+00	1.111498e-01	-5.811081e-04
1.134288e+00	0.000000e+00	1.107033e-01	-6.195097e-04
1.196495e+00	0.000000e+00	1.102621e-01	-6.578956e-04
1.259133e+00	0.000000e+00	1.098263e-01	-6.962190e-04
1.322205e+00	0.000000e+00	1.093957e-01	-7.344338e-04
1.385714e+00	0.000000e+00	1.089702e-01	-7.724865e-04
1.449664e+00	0.000000e+00	1.085497e-01	-8.103383e-04
1.514057e+00	0.000000e+00	1.081343e-01	-8.479623e-04
1.578896e+00	0.000000e+00	1.077238e-01	-8.853224e-04
1.644185e+00	0.000000e+00	1.073182e-01	-9.223906e-04
1.709926e+00	0.000000e+00	1.069175e-01	-9.591424e-04
1.776123e+00	0.000000e+00	1.065216e-01	-9.955528e-04
1.842779e+00	0.000000e+00	1.061304e-01	-1.031591e-03
1.909896e+00	0.000000e+00	1.057438e-01	-1.067232e-03
1.977479e+00	0.000000e+00	1.053618e-01	-1.102459e-03
2.045531e+00	0.000000e+00	1.049843e-01	-1.137265e-03
2.114054e+00	0.000000e+00	1.046114e-01	-1.171630e-03
2.183052e+00	0.000000e+00	1.042430e-01	-1.205540e-03
2.252529e+00	0.000000e+00	1.038790e-01	-1.238985e-03
2.322487e+00	0.000000e+00	1.035193e-01	-1.271949e-03
2.392930e+00	0.000000e+00	1.031639e-01	-1.304425e-03
2.463861e+00	0.000000e+00	1.028129e-01	-1.336405e-03
2.535284e+00	0.000000e+00	1.024660e-01	-1.367873e-03
2.607202e+00	0.000000e+00	1.021232e-01	-1.398822e-03
2.679619e+00	0.000000e+00	1.017845e-01	-1.429243e-03
2.752537e+00	0.000000e+00	1.014499e-01	-1.459133e-03
2.825961e+00	0.000000e+00	1.011193e-01	-1.488488e-03
2.899894e+00	0.000000e+00	1.007927e-01	-1.517302e-03
2.974340e+00	0.000000e+00	1.004701e-01	-1.545572e-03
3.049301e+00	0.000000e+00	1.001513e-01	-1.573308e-03
3.124782e+00	0.000000e+00	9.983643e-02	-1.600492e-03
3.200786e+00	0.000000e+00	9.952533e-02	-1.627122e-03
3.277317e+00	0.000000e+00	9.921805e-02	-1.653212e-03
3.354379e+00	0.000000e+00	9.891450e-02	-1.678757e-03
3.431975e+00	0.000000e+00	9.861464e-02	-1.703756e-03
3.510108e+00	0.000000e+00	9.831842e-02	-1.728206e-03
3.588783e+00	0.000000e+00	9.802579e-02	-1.752097e-03
3.668004e+00	0.000000e+00	9.773671e-02	-1.775430e-03
3.747774e+00	0.000000e+00	9.745118e-02	-1.798216e-03
3.828096e+00	0.000000e+00	9.716914e-02	-1.820451e-03
3.908976e+00	0.000000e+00	9.689055e-02	-1.842140e-03
3.990416e+00	0.000000e+00	9.661538e-02	-1.863282e-03
4.072420e+00	0.000000e+00	9.634359e-02	-1.883879e-03
4.154993e+00	0.000000e+00	9.607517e-02	-1.903948e-03
4.238138e+00	0.000000e+00	9.581008e-02	-1.923486e-03
4.321860e+00	0.000000e+00	9.554825e-02	-1.942486e-03
4.406162e+00	0.000000e+00	9.528969e-02	-1.960952e-03
4.491048e+00	0.000000e+00	9.503435e-02	-1.978897e-03
4.576523e+00	0.000000e+00	9.478220e-02	-1.996325e-03
4.662590e+00	0.000000e+00	9.453319e-02	-2.013233e-03
4.749254e+00	0.000000e+00	9.428731e-02	-2.029639e-03
4.836519e+00	0.000000e+00	9.404452e-02	-2.045535e-03
4.924388e+00	0.000000e+00	9.380477e-02	-2.060917e-03
5.012867e+00	0.000000e+00	9.356803e-02	-2.075790e-03
5.101958e+00	0.000000e+00	9.333430e-02	-2.090167e-03
5.191668e+00	0.000000e+00	9.310352e-02	-2.104050e-03
5.281999e+00	0.000000e+00	9.287568e-02	-2.117446e-03
5.372956e+00	0.000000e+00	9.265075e-02	-2.130364e-03
5.464544e+00	0.000000e+00	9.242869e-02	-2.142802e-03
5.556767e+00	0.000000e+00	9.220949e-02	-2.154772e-03
5.649629e+00	0.000000e+00	9.199310e-02	-2.166277e-03
5.743134e+00	0.000000e+00	9.177948e-02	-2.177326e-03
5.837288e+00	0.000000e+00	9.156862e-02	-2.187915e-03
5.932095e+00	0.000000e+00	9.136049e-02	-2.198048e-03
6.027558e+00	0.000000e+00	9.115508e-02	-2.207731e-03
6.123684e+00	0.000000e+00	9.095234e-02	-2.216979e-03
6.220475e+00	0.000000e+00	9.075225e-02	-2.225786e-03
6.317938e+00	0.000000e+00	9.055479e-02	-2.234157e-03
6.416076e+00	0.000000e+00	9.035993e-02	-2.242099e-03
6.514894e+00	0.000000e+00	9.016764e-02	-2.249628e-03
6.614398e+00	0.000000e+00	8.997790e-02	-2.256743e-03
6.714591e+00	0.000000e+00	8.979069e-02	-2.263447e-03
6.815478e+00	0.000000e+00	8.960598e-02	-2.269748e-03
6.917065e+00	0.000000e+00	8.942374e-02	-2.275647e-03
7.019356e+00	0.000000e+00	8.924394e-02	-2.281156e-03
7.122357e+00	0.000000e+00	8.906656e-02	-2.286281e-03
7.226071e+00	0.000000e+00	8.889156e-02	-2.291029e-03
7.330504e+00	0.000000e+00	8.871894e-02	-2.295400e-03
7.435661e+00	0.000000e+00	8.854868e-02	-2.299401e-03
7.541546e+00	0.000000e+00	8.838075e-02	-2.303036e-03
7.648166e+00	0.000000e+00	8.821513e-02	-2.306311e-03
7.755525e+00	0.000000e+00	8.805179e-02	-2.309231e-03
7.863628e+00	0.000000e+00	8.789069e-02	-2.311804e-03
7.972480e+00	0.000000e+00	8.773185e-02	-2.314033e-03
8.082087e+00	0.000000e+00	8.757522e-02	-2.315920e-03
8.192454e+00	0.000000e+00	8.742079e-02	-2.317469e-03
8.303586e+00	0.000000e+00	8.726854e-02	-2.318692e-03
8.415488e+00	0.000000e+00	8.711841e-02	-2.319601e-03
8.528165e+00	0.000000e+00	8.697041e-02	-2.320189e-03
8.641624e+00	0.000000e+00	8.682453e-02	-2.320458e-03
8.755869e+00	0.000000e+00	8.668074e-02	-2.320417e-03
8.870906e+00	0.000000e+00	8.653902e-02	-2.320075e-03
8.986741e+00	0.000000e+00	8.639934e-02	-2.319441e-03
9.103378e+00	0.000000e+00	8.626167e-02	-2.318519e-03
9.220824e+00	0.000000e+00	8.612602e-02	-2.317305e-03
9.339084e+00	0.000000e+00	8.599235e-02	-2.315808e-03
9.458164e+00	0.000000e+00	8.586064e-02	-2.314040e-03
9.578069e+00	0.000000e+00	8.573087e-02	-2.312002e-03
9.698805e+00	0.000000e+00	8.560301e-02	-2.309702e-03
9.820378e+00	0.000000e+00	8.547703e-02	-2.307148e-03
9.942794e+00	0.000000e+00	8.535294e-02	-2.304339e-03
1.006606e+01	0.000000e+00	8.523071e-02	-2.301276e-03
1.019018e+01	0.000000e+00	8.511034e-02	-2.297964e-03
1.031516e+01	0.000000e+00	8.499180e-02	-2.294411e-03
1.044100e+01	0.000000e+00	8.487508e-02	-2.290615e-03
1.056772e+01	0.000000e+00	8.476016e-02	-2.286584e-03
1.069532e+01	0.000000e+00	8.464701e-02	-2.282324e-03
1.082380e+01	0.000000e+00	8.453563e-02	-2.277837e-03
1.095317e+01	0.000000e+00	8.442599e-02	-2.273133e-03
1.108344e+01	0.000000e+00	8.431807e-02	-2.268213e-03
1.121461e+01	0.000000e+00	8.421187e-02	-2.263081e-03
1.134669e+01	0.000000e+00	8.410734e-02	-2.257744e-03
1.147968e+01	0.000000e+00	8.400448e-02	-2.252210e-03
1.161360e+01	0.000000e+00	8.390325e-02	-2.246481e-03
1.174845e+01	0.000000e+00	8.380367e-02	-2.240557e-03
1.188423e+01	0.000000e+00	8.370572e-02	-2.234441e-03
1.202095e+01	0.000000e+00	8.360936e-02	-2.228144e-03
1.215862e+01	0.000000e+00	8.351457e-02	-2.221673e-03
1.229724e+01	0.000000e+00	8.342134e-02	-2.215027e-03
1.243683e+01	0.000000e+00	8.332964e-02	-2.208212e-03
1.257738e+01	0.000000e+00	8.323949e-02	-2.201230e-03
1.271891e+01	0.000000e+00	8.315086e-02	-2.194081e-03
1.286141e+01	0.000000e+00	8.306373e-02	-2.186773e-03
1.300491e+01	0.000000e+00	8.297809e-02	-2.179307e-03
1.314940e+01	0.000000e+00	8.289391e-02	-2.171691e-03
1.329489e+01	0.000000e+00	8.281119e-02	-2.163929e-03
1.344139e+01	0.000000e+00	8.272990e-02	-2.156024e-03
1.358891e+01	0.000000e+00	8.265003e-02	-2.147979e-03
1.373744e+01	0.000000e+00	8.257158e-02	-2.139795e-03
1.388701e+01	0.000000e+00	8.249453e-02	-2.131478e-03
1.403762e+01	0.000000e+00	8.241885e-02	-2.123034e-03
1.418926e+01	0.000000e+00	8.234455e-02	-2.114462e-03
1.434196e+01	0.000000e+00	8.227159e-02	-2.105766e-03
1.449572e+01	0.000000e+00	8.219998e-02	-2.096949e-03
1.465055e+01	0.000000e+00	8.212968e-02	-2.088017e-03
1.480644e+01	0.000000e+00	8.206070e-02	-2.078971e-03
1.496342e+01	0.000000e+00	8.199301e-02	-2.069814e-03
1.512149e+01	0.000000e+00	8.192660e-02	-2.060554e-03
1.528065e+01	0.000000e+00	8.186146e-02	-2.051190e-03
1.544091e+01	0.000000e+00	8.179757e-02	-2.041726e-03
1.560229e+01	0.000000e+00	8.173492e-02	-2.032168e-03
1.576478e+01	0.000000e+00	8.167348e-02	-2.022517e-03
1.592840e+01	0.000000e+00	8.161325e-02	-2.012778e-03
1.609316e+01	0.000000e+00	8.155420e-02	-2.002952e-03
1.625905e+01	0.000000e+00	8.149637e-02	-1.993042e-03
1.642610e+01	0.000000e+00	8.143970e-02	-1.983051e-03
1.659431e+01	0.000000e+00	8.138418e-02	-1.972986e-03
1.676368e+01	0.000000e+00	8.132978e-02	-1.962849e-03
1.693422e+01	0.000000e+00	8.127650e-02	-1.952642e-03
1.710595e+01	0.000000e+00	8.122434e-02	-1.942366e-03
1.727886e+01	0.000000e+00	8.117329e-02	-1.932023e-03
1.745298e+01	0.000000e+00	8.112332e-02	-1.921617e-03
1.762830e+01	0.000000e+00	8.107443e-02	-1.911150e-03
1.780484e+01	0.000000e+00	8.102660e-02	-1.900625e-03
1.798260e+01	0.000000e+00	8.097984e-02	-1.890043e-03
1.816160e+01	0.000000e+00	8.093412e-02	-1.879409e-03
1.834183e+01	0.000000e+00	8.088944e-02	-1.868723e-03
1.852331e+01	0.000000e+00	8.084578e-02	-1.857990e-03
1.870606e+01	0.000000e+00	8.080313e-02	-1.847212e-03
1.889006e+01	0.000000e+00	8.076147e-02	-1.836390e-03
1.907535e+01	0.000000e+00	8.072079e-02	-1.825528e-03
1.926192e+01	0.000000e+00	8.068107e-02	-1.814628e-03
1.944978e+01	0.000000e+00	8.064231e-02	-1.803692e-03
1.963894e+01	0.000000e+00	8.060449e-02	-1.792723e-03
1.982942e+01	0.000000e+00	8.056760e-02	-1.781722e-03
2.002121e+01	0.000000e+00	8.053165e-02	-1.770691e-03
2.021434e+01	0.000000e+00	8.049660e-02	-1.759633e-03
2.040880e+01	0.000000e+00	8.046246e-02	-1.748549e-03
2.060461e+01	0.000000e+00	8.042920e-02	-1.737443e-03
2.080178e+01	0.000000e+00	8.039683e-02	-1.726316e-03
2.100032e+01	0.000000e+00	8.036532e-02	-1.715172e-03
2.120023e+01	0.000000e+00	8.033469e-02	-1.704009e-03
2.140152e+01	0.000000e+00	8.030492e-02	-1.692834e-03
2.160422e+01	0.000000e+00	8.027598e-02	-1.681646e-03
2.180831e+01	0.000000e+00	8.024786e-02	-1.670448e-03
2.201383e+01	0.000000e+00	8.022055e-02	-1.659240e-03
2.222076e+01	0.000000e+00	8.019406e-02	-1.648024e-03
2.242913e+01	0.000000e+00	8.016835e-02	-1.636804e-03
2.263895e+01	0.000000e+00	8.014341e-02	-1.625580e-03
2.285022e+01	0.000000e+00	8.011926e-02	-1.614355e-03
2.306295e+01	0.000000e+00	8.009587e-02	-1.603131e-03
2.327716e+01	0.000000e+00	8.007323e-02	-1.591909e-03
2.349286e+01	0.000000e+00	8.005132e-02	-1.580690e-03
2.371005e+01	0.000000e+00	8.003015e-02	-1.569474e-03
2.392874e+01	0.000000e+00	8.000972e-02	-1.558265e-03
2.414895e+01	0.000000e+00	7.999000e-02	-1.547064e-03
2.437069e+01	0.000000e+00	7.997097e-02	-1.535873e-03
2.459396e+01	0.000000e+00	7.995265e-02	-1.524693e-03
2.481878e+01	0.000000e+00	7.993501e-02	-1.513525e-03
2.504516e+01	0.000000e+00	7.991805e-02	-1.502371e-03
2.527311e+01	0.000000e+00	7.990176e-02	-1.491233e-03
2.550264e+01	0.000000e+00	7.988614e-02	-1.480112e-03
2.573376e+01	0.000000e+00	7.987117e-02	-1.469009e-03
2.596648e+01	0.000000e+00	7.985684e-02	-1.457925e-03
2.620082e+01	0.000000e+00	7.984314e-02	-1.446861e-03
2.643678e+01	0.000000e+00	7.983006e-02	-1.435818e-03
2.667437e+01	0.000000e+00	7.981760e-02	-1.424798e-03
2.691362e+01	0.000000e+00	7.980574e-02	-1.413803e-03
2.715452e+01	0.000000e+00	7.979448e-02	-1.402832e-03
2.739709e+01	0.000000e+00	7.978381e-02	-1.391888e-03
2.764134e+01	0.000000e+00	7.977372e-02	-1.380971e-03
2.788728e+01	0.000000e+00	7.976420e-02	-1.370083e-03
2.813493e+01	0.000000e+00	7.975524e-02	-1.359225e-03
2.838430e+01	0.000000e+00	7.974684e-02	-1.348397e-03
2.863539e+01	0.000000e+00	7.973898e-02	-1.337601e-03
2.888823e+01	0.000000e+00	7.973164e-02	-1.326839e-03
2.914282e+01	0.000000e+00	7.972485e-02	-1.316110e-03
2.939917e+01	0.000000e+00	7.971859e-02	-1.305417e-03
2.965730e+01	0.000000e+00	7.971285e-02	-1.294760e-03
2.991722e+01	0.000000e+00	7.970764e-02	-1.284140e-03
3.017894e+01	0.000000e+00	7.970295e-02	-1.273557e-03
3.044247e+01	0.000000e+00	7.969874e-02	-1.263012e-03
3.070784e+01	0.000000e+00	7.969501e-02	-1.252506e-03
3.097504e+01	0.000000e+00	7.969174e-02	-1.242040e-03
3.124409e+01	0.000000e+00	7.968893e-02	-1.231615e-03
3.151501e+01	0.000000e+00	7.968659e-02	-1.221231e-03
3.178780e+01	0.000000e+00	7.968471e-02	-1.210889e-03
3.206249e+01	0.000000e+00	7.968326e-02	-1.200590e-03
3.233908e+01	0.000000e+00	7.968225e-02	-1.190334e-03
3.261759e+01	0.000000e+00	7.968166e-02	-1.180122e-03
3.289803e+01	0.000000e+00	7.968151e-02	-1.169954e-03
3.318041e+01	0.000000e+00	7.968179e-02	-1.159833e-03
3.346475e+01	0.000000e+00	7.968248e-02	-1.149757e-03
3.375106e+01	0.000000e+00	7.968358e-02	-1.139729e-03
3.403936e+01	0.000000e+00	7.968509e-02	-1.129747e-03
3.432965e+01	0.000000e+00	7.968699e-02	-1.119813e-03
3.462196e+01	0.000000e+00	7.968930e-02	-1.109929e-03
3.491629e+01	0.000000e+00	7.969198e-02	-1.100095e-03
3.521266e+01	0.000000e+00	7.969504e-02	-1.090309e-03
3.551109e+01	0.000000e+00	7.969847e-02	-1.080573e-03
3.581158e+01	0.000000e+00	7.970225e-02	-1.070888e-03
3.611416e+01	0.000000e+00	7.970638e-02	-1.061253e-03
3.641884e+01	0.000000e+00	7.971086e-02	-1.051670e-03
3.672562e+01	0.000000e+00	7.971569e-02	-1.042138e-03
3.703454e+01	0.000000e+00	7.972086e-02	-1.032659e-03
3.734559e+01	0.000000e+00	7.972635e-02	-1.023232e-03
3.765881e+01	0.000000e+00	7.973218e-02	-1.013857e-03
3.797419e+01	0.000000e+00	7.973832e-02	-1.004536e-03
3.829176e+01	0.000000e+00	7.974477e-02	-9.952674e-04
3.861153e+01	0.000000e+00	7.975153e-02	-9.860528e-04
3.893351e+01	0.000000e+00	7.975860e-02	-9.768922e-04
3.925773e+01	0.000000e+00	7.976596e-02	-9.677858e-04
3.958420e+01	0.000000e+00	7.977360e-02	-9.587338e-04
3.991293e+01	0.000000e+00	7.978152e-02	-9.497366e-04
4.024393e+01	0.000000e+00	7.978973e-02	-9.407944e-04
4.057724e+01	0.000000e+00	7.979821e-02	-9.319075e-04
4.091285e+01	0.000000e+00	7.980696e-02	-9.230762e-04
4.125079e+01	0.000000e+00	7.981601e-02	-9.143012e-04
4.159107e+01	0.000000e+00	7.982533e-02	-9.055826e-04
4.193371e+01	0.000000e+00	7.983490e-02	-8.969200e-04
4.227872e+01	0.000000e+00	7.984470e-02	-8.883132e-04
4.262613e+01	0.000000e+00	7.985475e-02	-8.797625e-04
4.297594e+01	0.000000e+00	7.986503e-02	-8.712683e-04
4.332818e+01	0.000000e+00	7.987555e-02	-8.628307e-04
4.368286e+01	0.000000e+00	7.988630e-02	-8.544496e-04
4.404000e+01	0.000000e+00	7.989726e-02	-8.461249e-04
4.439962e+01	0.000000e+00	7.990845e-02	-8.378569e-04
4.476173e+01	0.000000e+00	7.991984e-02	-8.296458e-04
4.512634e+01	0.000000e+00	7.993144e-02	-8.214915e-04
4.549349e+01	0.000000e+00	7.994326e-02	-8.133943e-04
4.586318e+01	0.000000e+00	7.995527e-02	-8.053541e-04
4.623543e+01	0.000000e+00	7.996747e-02	-7.973710e-04
4.661027e+01	0.000000e+00	7.997989e-02	-7.894451e-04
4.698770e+01	0.000000e+00	7.999250e-02	-7.815763e-04
4.736774e+01	0.000000e+00	8.000530e-02	-7.737651e-04
4.775043e+01	0.000000e+00	8.001830e-02	-7.660114e-04
4.813576e+01	0.000000e+00	8.003146e-02	-7.583147e-04
4.852377e+01	0.000000e+00	8.004480e-02	-7.506750e-04
4.891446e+01	0.000000e+00	8.005829e-02	-7.430920e-04
4.930786e+01	0.000000e+00	8.007194e-02	-7.355659e-04
4.970399e+01	0.000000e+00	8.008575e-02	-7.280967e-04
5.010287e+01	0.000000e+00	8.009970e-02	-7.206842e-04
5.050451e+01	0.000000e+00	8.011381e-02	-7.133284e-04
5.090894e+01	0.000000e+00	8.012808e-02	-7.060293e-04
5.131616e+01	0.000000e+00	8.014252e-02	-6.987868e-04
5.172621e+01	0.000000e+00	8.015711e-02	-6.916010e-04
5.213911e+01	0.000000e+00	8.017182e-02	-6.844715e-04
5.255486e+01	0.000000e+00	8.018666e-02	-6.773981e-04
5.297350e+01	0.000000e+00	8.020163e-02	-6.703804e-04
5.339504e+01	0.000000e+00	8.021673e-02	-6.634188e-04
5.381950e+01	0.000000e+00	8.023194e-02	-6.565130e-04
5.424690e+01	0.000000e+00	8.024727e-02	-6.496626e-04
5.467727e+01	0.000000e+00	8.026272e-02	-6.428680e-04
5.511062e+01	0.000000e+00	8.027827e-02	-6.361288e-04
5.554697e+01	0.000000e+00	8.029394e-02	-6.294447e-04
5.598635e+01	0.000000e+00	8.030972e-02	-6.228157e-04
5.642877e+01	0.000000e+00	8.032560e-02	-6.162416e-04
5.687426e+01	0.000000e+00	8.034159e-02	-6.097221e-04
5.732284e+01	0.000000e+00	8.035767e-02	-6.032574e-04
5.777453e+01	0.000000e+00	8.037386e-02	-5.968471e-04
5.822934e+01	0.000000e+00	8.039013e-02	-5.904909e-04
5.868732e+01	0.000000e+00	8.040650e-02	-5.841887e-04
5.914846e+01	0.000000e+00	8.042296e-02	-5.779405e-04
5.961280e+01	0.000000e+00	8.043951e-02	-5.717458e-04
6.008036e+01	0.000000e+00	8.045613e-02	-5.656045e-04
6.055116e+01	0.000000e+00	8.047283e-02	-5.595164e-04
6.102523e+01	0.000000e+00	8.048959e-02	-5.534809e-04
6.150258e+01	0.000000e+00	8.050644e-02	-5.474981e-04
6.198324e+01	0.000000e+00	8.052335e-02	-5.415677e-04
6.246723e+01	0.000000e+00	8.054033e-02	-5.356894e-04
6.295458e+01	0.000000e+00	8.055737e-02	-5.298630e-04
6.344530e+01	0.000000e+00	8.057447e-02	-5.240882e-04
6.393943e+01	0.000000e+00	8.059163e-02	-5.183651e-04
6.443698e+01	0.000000e+00	8.060885e-02	-5.126931e-04
6.493798e+01	0.000000e+00	8.062612e-02	-5.070721e-04
6.544245e+01	0.000000e+00	8.064345e-02	-5.015018e-04
6.595042e+01	0.000000e+00	8.066084e-02	-4.959819e-04
6.646191e+01	0.000000e+00	8.067826e-02	-4.905120e-04
6.697695e+01	0.000000e+00	8.069573e-02	-4.850921e-04
6.749556e+01	0.000000e+00	8.071324e-02	-4.797218e-04
6.801776e+01	0.000000e+00	8.073078e-02	-4.744008e-04
6.854358e+01	0.000000e+00	8.074836e-02	-4.691288e-04
6.907304e+01	0.000000e+00	8.076597e-02	-4.639057e-04
6.960618e+01	0.000000e+00	8.078362e-02	-4.587312e-04
7.014301e+01	0.000000e+00	8.080131e-02	-4.536051e-04
7.068356e+01	0.000000e+00	8.081906e-02	-4.485275e-04
7.122786e+01	0.000000e+00	8.083683e-02	-4.434977e-04
7.177594e+01	0.000000e+00	8.085462e-02	-4.385153e-04
7.232781e+01	0.000000e+00	8.087244e-02	-4.335800e-04
7.288350e+01	0.000000e+00	8.089028e-02	-4.286914e-04
7.344305e+01	0.000000e+00	8.090813e-02	-4.238493e-04
7.400648e+01	0.000000e+00	8.092600e-02	-4.190535e-04
7.457381e+01	0.000000e+00	8.094388e-02	-4.143035e-04
7.514508e+01	0.000000e+00	8.096178e-02	-4.095993e-04
7.572030e+01	0.000000e+00	8.097969e-02	-4.049406e-04
7.629951e+01	0.000000e+00	8.099761e-02	-4.003269e-04
7.688274e+01	0.000000e+00	8.101554e-02	-3.957580e-04
7.747001e+01	0.000000e+00	8.103348e-02	-3.912337e-04
7.806135e+01	0.000000e+00	8.105143e-02	-3.867536e-04
7.865679e+01	0.000000e+00	8.106939e-02	-3.823174e-04
7.925636e+01	0.000000e+00	8.108735e-02	-3.779250e-04
7.986008e+01	0.000000e+00	8.110531e-02	-3.735759e-04
8.046799e+01	0.000000e+00	8.112328e-02	-3.692700e-04
8.108011e+01	0.000000e+00	8.114125e-02	-3.650068e-04
8.169648e+01	0.000000e+00	8.115922e-02	-3.607863e-04
8.231711e+01	0.000000e+00	8.117719e-02	-3.566079e-04
8.294205e+01	0.000000e+00	8.119515e-02	-3.524714e-04
8.357132e+01	0.000000e+00	8.121310e-02	-3.483764e-04
8.420496e+01	0.000000e+00	8.123104e-02	-3.443226e-04
8.484298e+01	0.000000e+00	8.124898e-02	-3.403097e-04
8.548543e+01	0.000000e+00	8.126692e-02	-3.363374e-04
8.613233e+01	0.000000e+00	8.128484e-02	-3.324054e-04
8.678372e+01	0.000000e+00	8.130274e-02	-3.285134e-04
8.743962e+01	0.000000e+00	8.132062e-02	-3.246612e-04
8.810006e+01	0.000000e+00	8.133849e-02	-3.208485e-04
8.876509e+01	0.000000e+00	8.135633e-02	-3.170748e-04
8.943472e+01	0.000000e+00	8.137415e-02	-3.133400e-04
9.010900e+01	0.000000e+00	8.139196e-02	-3.096438e-04
9.078795e+01	0.000000e+00	8.140976e-02	-3.059858e-04
9.147160e+01	0.000000e+00	8.142755e-02	-3.023658e-04
