-7.740000e+00	0.000000e+00	-9.377274e-01	-3.721690e-06
-7.739307e+00	0.000000e+00	-9.387012e-01	-3.724762e-06
-7.738609e+00	0.000000e+00	-9.396833e-01	-3.727852e-06
-7.737906e+00	0.000000e+00	-9.406736e-01	-3.730917e-06
-7.737198e+00	0.000000e+00	-9.416724e-01	-3.733995e-06
-7.736486e+00	0.000000e+00	-9.426795e-01	-3.737089e-06
-7.735768e+00	0.000000e+00	-9.436952e-01	-3.740198e-06
-7.735046e+00	0.000000e+00	-9.447195e-01	-3.743328e-06
-7.734318e+00	0.000000e+00	-9.457524e-01	-3.746477e-06
-7.733586e+00	0.000000e+00	-9.467942e-01	-3.749643e-06
-7.732848e+00	0.000000e+00	-9.478448e-01	-3.752795e-06
-7.732105e+00	0.000000e+00	-9.489044e-01	-3.755953e-06
-7.731357e+00	0.000000e+00	-9.499731e-01	-3.759129e-06
-7.730604e+00	0.000000e+00	-9.510509e-01	-3.762322e-06
-7.729846e+00	0.000000e+00	-9.521379e-01	-3.765532e-06
-7.729083e+00	0.000000e+00	-9.532342e-01	-3.768760e-06
-7.728314e+00	0.000000e+00	-9.543400e-01	-3.772005e-06
-7.727540e+00	0.000000e+00	-9.554540e-01	-3.775080e-06
-7.726760e+00	0.000000e+00	-9.565776e-01	-3.778177e-06
-7.725975e+00	0.000000e+00	-9.577107e-01	-3.781361e-06
-7.725185e+00	0.000000e+00	-9.588536e-01	-3.784561e-06
-7.724389e+00	0.000000e+00	-9.600064e-01	-3.787779e-06
-7.723587e+00	0.000000e+00	-9.611693e-01	-3.791103e-06
-7.722780e+00	0.000000e+00	-9.623422e-01	-3.794443e-06
-7.721968e+00	0.000000e+00	-9.635254e-01	-3.797804e-06
-7.721150e+00	0.000000e+00	-9.647189e-01	-3.801189e-06
-7.720326e+00	0.000000e+00	-9.659229e-01	-3.804591e-06
-7.719496e+00	0.000000e+00	-9.671373e-01	-3.808010e-06
-7.718661e+00	0.000000e+00	-9.683624e-01	-3.811446e-06
-7.717820e+00	0.000000e+00	-9.695982e-01	-3.814900e-06
-7.716973e+00	0.000000e+00	-9.708449e-01	-3.818369e-06
-7.716120e+00	0.000000e+00	-9.721028e-01	-3.821847e-06
-7.715262e+00	0.000000e+00	-9.733718e-01	-3.825333e-06
-7.714397e+00	0.000000e+00	-9.746519e-01	-3.828808e-06
-7.713526e+00	0.000000e+00	-9.759434e-01	-3.832463e-06
-7.712650e+00	0.000000e+00	-9.772464e-01	-3.836206e-06
-7.711767e+00	0.000000e+00	-9.785610e-01	-3.839968e-06
-7.710878e+00	0.000000e+00	-9.798873e-01	-3.843749e-06
-7.709983e+00	0.000000e+00	-9.812254e-01	-3.847550e-06
-7.709082e+00	0.000000e+00	-9.825756e-01	-3.851533e-06
-7.708174e+00	0.000000e+00	-9.839379e-01	-3.855568e-06
-7.707261e+00	0.000000e+00	-9.853126e-01	-3.859629e-06
-7.706340e+00	0.000000e+00	-9.866996e-01	-3.863713e-06
-7.705414e+00	0.000000e+00	-9.880991e-01	-3.867861e-06
-7.704481e+00	0.000000e+00	-9.895111e-01	-3.872110e-06
-7.703542e+00	0.000000e+00	-9.909359e-01	-3.876382e-06
-7.702596e+00	0.000000e+00	-9.923736e-01	-3.880677e-06
-7.701643e+00	0.000000e+00	-9.938244e-01	-3.884992e-06
-7.700684e+00	0.000000e+00	-9.952883e-01	-3.889319e-06
-7.699719e+00	0.000000e+00	-9.967656e-01	-3.893668e-06
-7.698746e+00	0.000000e+00	-9.982563e-01	-3.898030e-06
-7.697767e+00	0.000000e+00	-9.997606e-01	-3.902515e-06
-7.696781e+00	0.000000e+00	-1.001279e+00	-3.907163e-06
-7.695788e+00	0.000000e+00	-1.002811e+00	-3.911836e-06
-7.694789e+00	0.000000e+00	-1.004357e+00	-3.916535e-06
-7.693782e+00	0.000000e+00	-1.005917e+00	-3.921261e-06
-7.692769e+00	0.000000e+00	-1.007492e+00	-3.926006e-06
-7.691748e+00	0.000000e+00	-1.009081e+00	-3.930759e-06
-7.690721e+00	0.000000e+00	-1.010685e+00	-3.935539e-06
-7.689686e+00	0.000000e+00	-1.012304e+00	-3.940344e-06
-7.688644e+00	0.000000e+00	-1.013938e+00	-3.945175e-06
-7.687595e+00	0.000000e+00	-1.015588e+00	-3.949949e-06
-7.686538e+00	0.000000e+00	-1.017252e+00	-3.954739e-06
-7.685475e+00	0.000000e+00	-1.018933e+00	-3.959611e-06
-7.684403e+00	0.000000e+00	-1.020629e+00	-3.964464e-06
-7.683325e+00	0.000000e+00	-1.022341e+00	-3.969341e-06
-7.682239e+00	0.000000e+00	-1.024069e+00	-3.974330e-06
-7.681145e+00	0.000000e+00	-1.025814e+00	-3.979533e-06
-7.680044e+00	0.000000e+00	-1.027575e+00	-3.984762e-06
-7.678935e+00	0.000000e+00	-1.029352e+00	-3.990020e-06
-7.677819e+00	0.000000e+00	-1.031147e+00	-3.995275e-06
-7.676695e+00	0.000000e+00	-1.032959e+00	-4.000467e-06
-7.675563e+00	0.000000e+00	-1.034788e+00	-4.005682e-06
-7.674423e+00	0.000000e+00	-1.036635e+00	-4.010922e-06
-7.673275e+00	0.000000e+00	-1.038499e+00	-4.016004e-06
-7.672120e+00	0.000000e+00	-1.040381e+00	-4.021102e-06
-7.670956e+00	0.000000e+00	-1.042282e+00	-4.026091e-06
-7.669784e+00	0.000000e+00	-1.044201e+00	-4.031120e-06
-7.668604e+00	0.000000e+00	-1.046138e+00	-4.036180e-06
-7.667416e+00	0.000000e+00	-1.048095e+00	-4.041261e-06
-7.666220e+00	0.000000e+00	-1.050070e+00	-4.046362e-06
-7.665015e+00	0.000000e+00	-1.052064e+00	-4.051480e-06
-7.663802e+00	0.000000e+00	-1.054078e+00	-4.056645e-06
-7.662581e+00	0.000000e+00	-1.056112e+00	-4.061866e-06
-7.661351e+00	0.000000e+00	-1.058166e+00	-4.067108e-06
-7.660113e+00	0.000000e+00	-1.060241e+00	-4.072369e-06
-7.658866e+00	0.000000e+00	-1.062335e+00	-4.077581e-06
-7.657610e+00	0.000000e+00	-1.064451e+00	-4.082733e-06
-7.656346e+00	0.000000e+00	-1.066587e+00	-4.087807e-06
-7.655073e+00	0.000000e+00	-1.068745e+00	-4.092892e-06
-7.653791e+00	0.000000e+00	-1.070924e+00	-4.097950e-06
-7.652501e+00	0.000000e+00	-1.073125e+00	-4.102963e-06
-7.651201e+00	0.000000e+00	-1.075348e+00	-4.107833e-06
-7.649892e+00	0.000000e+00	-1.077593e+00	-4.112709e-06
-7.648574e+00	0.000000e+00	-1.079861e+00	-4.117598e-06
-7.647248e+00	0.000000e+00	-1.082152e+00	-4.122496e-06
-7.645911e+00	0.000000e+00	-1.084466e+00	-4.127400e-06
-7.644566e+00	0.000000e+00	-1.086804e+00	-4.132286e-06
-7.643211e+00	0.000000e+00	-1.089166e+00	-4.137144e-06
-7.641847e+00	0.000000e+00	-1.091551e+00	-4.141981e-06
-7.640474e+00	0.000000e+00	-1.093961e+00	-4.146814e-06
-7.639091e+00	0.000000e+00	-1.096396e+00	-4.151677e-06
-7.637698e+00	0.000000e+00	-1.098855e+00	-4.156570e-06
-7.636296e+00	0.000000e+00	-1.101340e+00	-4.161523e-06
-7.634884e+00	0.000000e+00	-1.103851e+00	-4.166506e-06
-7.633462e+00	0.000000e+00	-1.106387e+00	-4.171468e-06
-7.632030e+00	0.000000e+00	-1.108951e+00	-4.176429e-06
-7.630589e+00	0.000000e+00	-1.111541e+00	-4.181360e-06
-7.629137e+00	0.000000e+00	-1.114158e+00	-4.186258e-06
-7.627676e+00	0.000000e+00	-1.116803e+00	-4.191097e-06
-7.626204e+00	0.000000e+00	-1.119476e+00	-4.195916e-06
-7.624722e+00	0.000000e+00	-1.122178e+00	-4.200676e-06
-7.623230e+00	0.000000e+00	-1.124908e+00	-4.205359e-06
-7.621727e+00	0.000000e+00	-1.127667e+00	-4.210061e-06
-7.620214e+00	0.000000e+00	-1.130456e+00	-4.214763e-06
-7.618691e+00	0.000000e+00	-1.133274e+00	-4.219442e-06
-7.617156e+00	0.000000e+00	-1.136123e+00	-4.224234e-06
-7.615612e+00	0.000000e+00	-1.139003e+00	-4.229374e-06
-7.614056e+00	0.000000e+00	-1.141915e+00	-4.234535e-06
-7.612490e+00	0.000000e+00	-1.144858e+00	-4.239919e-06
-7.610913e+00	0.000000e+00	-1.147834e+00	-4.245654e-06
-7.609325e+00	0.000000e+00	-1.150842e+00	-4.251677e-06
-7.607726e+00	0.000000e+00	-1.153884e+00	-4.257868e-06
-7.606116e+00	0.000000e+00	-1.156959e+00	-4.264066e-06
-7.604495e+00	0.000000e+00	-1.160069e+00	-4.270202e-06
-7.602863e+00	0.000000e+00	-1.163213e+00	-4.276440e-06
-7.601219e+00	0.000000e+00	-1.166393e+00	-4.282648e-06
-7.599564e+00	0.000000e+00	-1.169609e+00	-4.288775e-06
-7.597897e+00	0.000000e+00	-1.172861e+00	-4.294983e-06
-7.596219e+00	0.000000e+00	-1.176150e+00	-4.301435e-06
-7.594529e+00	0.000000e+00	-1.179476e+00	-4.308097e-06
-7.592828e+00	0.000000e+00	-1.182840e+00	-4.314808e-06
-7.591114e+00	0.000000e+00	-1.186243e+00	-4.321704e-06
-7.589389e+00	0.000000e+00	-1.189685e+00	-4.328678e-06
-7.587652e+00	0.000000e+00	-1.193165e+00	-4.335688e-06
-7.585903e+00	0.000000e+00	-1.196686e+00	-4.342775e-06
-7.584141e+00	0.000000e+00	-1.200248e+00	-4.349913e-06
-7.582368e+00	0.000000e+00	-1.203851e+00	-4.357050e-06
-7.580582e+00	0.000000e+00	-1.207495e+00	-4.364180e-06
-7.578784e+00	0.000000e+00	-1.211183e+00	-4.371434e-06
-7.576973e+00	0.000000e+00	-1.214914e+00	-4.378781e-06
-7.575150e+00	0.000000e+00	-1.218688e+00	-4.386127e-06
-7.573314e+00	0.000000e+00	-1.222508e+00	-4.393452e-06
-7.571466e+00	0.000000e+00	-1.226373e+00	-4.400731e-06
-7.569604e+00	0.000000e+00	-1.230283e+00	-4.408094e-06
-7.567730e+00	0.000000e+00	-1.234242e+00	-4.415185e-06
-7.565843e+00	0.000000e+00	-1.238248e+00	-4.422296e-06
-7.563942e+00	0.000000e+00	-1.242303e+00	-4.429405e-06
-7.562029e+00	0.000000e+00	-1.246408e+00	-4.436814e-06
-7.560102e+00	0.000000e+00	-1.250563e+00	-4.444476e-06
-7.558162e+00	0.000000e+00	-1.254769e+00	-4.452320e-06
-7.556208e+00	0.000000e+00	-1.259027e+00	-4.460401e-06
-7.554241e+00	0.000000e+00	-1.263338e+00	-4.469295e-06
-7.552260e+00	0.000000e+00	-1.267702e+00	-4.478032e-06
-7.550266e+00	0.000000e+00	-1.272122e+00	-4.487044e-06
-7.548257e+00	0.000000e+00	-1.276597e+00	-4.496289e-06
-7.546235e+00	0.000000e+00	-1.281130e+00	-4.505625e-06
-7.544199e+00	0.000000e+00	-1.285720e+00	-4.514760e-06
-7.542148e+00	0.000000e+00	-1.290370e+00	-4.523812e-06
-7.540084e+00	0.000000e+00	-1.295079e+00	-4.532946e-06
-7.538005e+00	0.000000e+00	-1.299849e+00	-4.542853e-06
-7.535911e+00	0.000000e+00	-1.304681e+00	-4.552963e-06
-7.533804e+00	0.000000e+00	-1.309574e+00	-4.562829e-06
-7.531681e+00	0.000000e+00	-1.314528e+00	-4.572136e-06
-7.529544e+00	0.000000e+00	-1.319548e+00	-4.581475e-06
-7.527392e+00	0.000000e+00	-1.324633e+00	-4.590984e-06
-7.525225e+00	0.000000e+00	-1.329782e+00	-4.600834e-06
-7.523043e+00	0.000000e+00	-1.334996e+00	-4.610782e-06
-7.520846e+00	0.000000e+00	-1.340280e+00	-4.620726e-06
-7.518634e+00	0.000000e+00	-1.345634e+00	-4.630810e-06
-7.516406e+00	0.000000e+00	-1.351060e+00	-4.640958e-06
-7.514163e+00	0.000000e+00	-1.356560e+00	-4.651118e-06
-7.511905e+00	0.000000e+00	-1.362133e+00	-4.661406e-06
-7.509630e+00	0.000000e+00	-1.367782e+00	-4.671311e-06
-7.507340e+00	0.000000e+00	-1.373508e+00	-4.680901e-06
-7.505035e+00	0.000000e+00	-1.379312e+00	-4.690479e-06
-7.502713e+00	0.000000e+00	-1.385199e+00	-4.700165e-06
-7.500375e+00	0.000000e+00	-1.391168e+00	-4.709819e-06
-7.498021e+00	0.000000e+00	-1.397221e+00	-4.719433e-06
-7.495650e+00	0.000000e+00	-1.403359e+00	-4.728842e-06
-7.493263e+00	0.000000e+00	-1.409586e+00	-4.738282e-06
-7.490860e+00	0.000000e+00	-1.415900e+00	-4.747111e-06
-7.488440e+00	0.000000e+00	-1.422306e+00	-4.755838e-06
-7.486003e+00	0.000000e+00	-1.428804e+00	-4.764834e-06
-7.483549e+00	0.000000e+00	-1.435398e+00	-4.774469e-06
-7.481078e+00	0.000000e+00	-1.442089e+00	-4.785164e-06
-7.478590e+00	0.000000e+00	-1.448878e+00	-4.796189e-06
-7.476085e+00	0.000000e+00	-1.455768e+00	-4.807495e-06
-7.473562e+00	0.000000e+00	-1.462760e+00	-4.818315e-06
-7.471022e+00	0.000000e+00	-1.469858e+00	-4.829090e-06
-7.468465e+00	0.000000e+00	-1.477063e+00	-4.840668e-06
-7.465889e+00	0.000000e+00	-1.484377e+00	-4.852368e-06
-7.463296e+00	0.000000e+00	-1.491804e+00	-4.863609e-06
-7.460685e+00	0.000000e+00	-1.499344e+00	-4.874327e-06
-7.458056e+00	0.000000e+00	-1.507001e+00	-4.884928e-06
-7.455408e+00	0.000000e+00	-1.514778e+00	-4.895488e-06
-7.452742e+00	0.000000e+00	-1.522677e+00	-4.905881e-06
-7.450058e+00	0.000000e+00	-1.530700e+00	-4.915573e-06
-7.447355e+00	0.000000e+00	-1.538850e+00	-4.924903e-06
-7.444633e+00	0.000000e+00	-1.547131e+00	-4.934897e-06
-7.441893e+00	0.000000e+00	-1.555546e+00	-4.944864e-06
-7.439133e+00	0.000000e+00	-1.564097e+00	-4.954994e-06
-7.436355e+00	0.000000e+00	-1.572789e+00	-4.964948e-06
-7.433557e+00	0.000000e+00	-1.581623e+00	-4.974650e-06
-7.430739e+00	0.000000e+00	-1.590603e+00	-4.984111e-06
-7.427902e+00	0.000000e+00	-1.599733e+00	-4.993759e-06
-7.425046e+00	0.000000e+00	-1.609015e+00	-5.003418e-06
-7.422170e+00	0.000000e+00	-1.618453e+00	-5.013549e-06
-7.419273e+00	0.000000e+00	-1.628053e+00	-5.025481e-06
-7.416357e+00	0.000000e+00	-1.637820e+00	-5.037717e-06
-7.413420e+00	0.000000e+00	-1.647756e+00	-5.049655e-06
-7.410464e+00	0.000000e+00	-1.657866e+00	-5.062650e-06
-7.407486e+00	0.000000e+00	-1.668155e+00	-5.076262e-06
-7.404488e+00	0.000000e+00	-1.678626e+00	-5.090353e-06
-7.401469e+00	0.000000e+00	-1.689285e+00	-5.104164e-06
-7.398430e+00	0.000000e+00	-1.700135e+00	-5.117816e-06
-7.395369e+00	0.000000e+00	-1.711181e+00	-5.131287e-06
-7.392287e+00	0.000000e+00	-1.722429e+00	-5.144590e-06
-7.389183e+00	0.000000e+00	-1.733884e+00	-5.157486e-06
-7.386058e+00	0.000000e+00	-1.745552e+00	-5.171461e-06
-7.382912e+00	0.000000e+00	-1.757438e+00	-5.186492e-06
-7.379743e+00	0.000000e+00	-1.769547e+00	-5.200998e-06
-7.376553e+00	0.000000e+00	-1.781887e+00	-5.215331e-06
-7.373341e+00	0.000000e+00	-1.794462e+00	-5.229362e-06
-7.370106e+00	0.000000e+00	-1.807283e+00	-5.243274e-06
-7.366849e+00	0.000000e+00	-1.820355e+00	-5.255519e-06
-7.363569e+00	0.000000e+00	-1.833686e+00	-5.266722e-06
-7.360267e+00	0.000000e+00	-1.847282e+00	-5.277518e-06
-7.356941e+00	0.000000e+00	-1.861151e+00	-5.288211e-06
-7.353593e+00	0.000000e+00	-1.875302e+00	-5.299166e-06
-7.350221e+00	0.000000e+00	-1.889744e+00	-5.309612e-06
-7.346826e+00	0.000000e+00	-1.904484e+00	-5.319335e-06
-7.343408e+00	0.000000e+00	-1.919531e+00	-5.325792e-06
-7.339965e+00	0.000000e+00	-1.934898e+00	-5.330634e-06
-7.336499e+00	0.000000e+00	-1.950599e+00	-5.336344e-06
-7.333009e+00	0.000000e+00	-1.966638e+00	-5.344206e-06
-7.329495e+00	0.000000e+00	-1.983024e+00	-5.352543e-06
-7.325956e+00	0.000000e+00	-1.999772e+00	-5.361527e-06
-7.322393e+00	0.000000e+00	-2.016890e+00	-5.370584e-06
-7.318805e+00	0.000000e+00	-2.034392e+00	-5.380414e-06
-7.315193e+00	0.000000e+00	-2.052288e+00	-5.389860e-06
-7.311555e+00	0.000000e+00	-2.070595e+00	-5.398761e-06
-7.307892e+00	0.000000e+00	-2.089325e+00	-5.407332e-06
-7.304203e+00	0.000000e+00	-2.108495e+00	-5.415736e-06
-7.300489e+00	0.000000e+00	-2.128118e+00	-5.427759e-06
-7.296750e+00	0.000000e+00	-2.148211e+00	-5.438046e-06
-7.292984e+00	0.000000e+00	-2.168789e+00	-5.447666e-06
-7.289192e+00	0.000000e+00	-2.189874e+00	-5.459812e-06
-7.285374e+00	0.000000e+00	-2.211481e+00	-5.472792e-06
-7.281530e+00	0.000000e+00	-2.233627e+00	-5.484279e-06
-7.277659e+00	0.000000e+00	-2.256333e+00	-5.495534e-06
-7.273761e+00	0.000000e+00	-2.279624e+00	-5.505898e-06
-7.269836e+00	0.000000e+00	-2.303520e+00	-5.515069e-06
-7.265884e+00	0.000000e+00	-2.328043e+00	-5.523042e-06
-7.261904e+00	0.000000e+00	-2.353219e+00	-5.531637e-06
-7.257897e+00	0.000000e+00	-2.379077e+00	-5.549463e-06
-7.253862e+00	0.000000e+00	-2.405649e+00	-5.569807e-06
-7.249799e+00	0.000000e+00	-2.432961e+00	-5.586325e-06
-7.245708e+00	0.000000e+00	-2.461046e+00	-5.603131e-06
-7.241588e+00	0.000000e+00	-2.489931e+00	-5.620062e-06
-7.237440e+00	0.000000e+00	-2.519651e+00	-5.637709e-06
-7.233264e+00	0.000000e+00	-2.550237e+00	-5.658289e-06
-7.229058e+00	0.000000e+00	-2.581734e+00	-5.678493e-06
-7.224823e+00	0.000000e+00	-2.614184e+00	-5.698441e-06
-7.220559e+00	0.000000e+00	-2.647632e+00	-5.720496e-06
-7.216265e+00	0.000000e+00	-2.682118e+00	-5.741677e-06
-7.211942e+00	0.000000e+00	-2.717698e+00	-5.760841e-06
-7.207588e+00	0.000000e+00	-2.754428e+00	-5.776823e-06
-7.203204e+00	0.000000e+00	-2.792357e+00	-5.795188e-06
-7.198790e+00	0.000000e+00	-2.831543e+00	-5.816786e-06
-7.194346e+00	0.000000e+00	-2.872055e+00	-5.839078e-06
-7.189870e+00	0.000000e+00	-2.913946e+00	-5.856560e-06
-7.185364e+00	0.000000e+00	-2.957294e+00	-5.874233e-06
-7.180826e+00	0.000000e+00	-3.002178e+00	-5.892219e-06
-7.176257e+00	0.000000e+00	-3.048686e+00	-5.906719e-06
-7.171656e+00	0.000000e+00	-3.096894e+00	-5.917442e-06
-7.167023e+00	0.000000e+00	-3.146898e+00	-5.927104e-06
-7.162358e+00	0.000000e+00	-3.198803e+00	-5.941412e-06
-7.157661e+00	0.000000e+00	-3.252717e+00	-5.951404e-06
-7.152932e+00	0.000000e+00	-3.308755e+00	-5.954381e-06
-7.148169e+00	0.000000e+00	-3.367049e+00	-5.958225e-06
-7.143373e+00	0.000000e+00	-3.427742e+00	-5.957518e-06
-7.138545e+00	0.000000e+00	-3.490991e+00	-5.966144e-06
-7.133682e+00	0.000000e+00	-3.556956e+00	-5.982753e-06
-7.128786e+00	0.000000e+00	-3.625802e+00	-5.995210e-06
-7.123857e+00	0.000000e+00	-3.697722e+00	-6.005931e-06
-7.118893e+00	0.000000e+00	-3.772927e+00	-6.016745e-06
-7.113894e+00	0.000000e+00	-3.851670e+00	-6.045310e-06
-7.108861e+00	0.000000e+00	-3.934194e+00	-6.066623e-06
-7.103793e+00	0.000000e+00	-4.020773e+00	-6.091436e-06
-7.098690e+00	0.000000e+00	-4.111713e+00	-6.120559e-06
-7.093551e+00	0.000000e+00	-4.207345e+00	-6.161147e-06
-7.088377e+00	0.000000e+00	-4.308044e+00	-6.200505e-06
-7.083167e+00	0.000000e+00	-4.414218e+00	-6.249481e-06
-7.077921e+00	0.000000e+00	-4.526335e+00	-6.302232e-06
-7.072639e+00	0.000000e+00	-4.644960e+00	-6.347793e-06
-7.067319e+00	0.000000e+00	-4.770655e+00	-6.382486e-06
-7.061963e+00	0.000000e+00	-4.904053e+00	-6.431715e-06
-7.056570e+00	0.000000e+00	-5.045770e+00	-6.517411e-06
-7.051140e+00	0.000000e+00	-5.196646e+00	-6.609690e-06
-7.045672e+00	0.000000e+00	-5.357637e+00	-6.714047e-06
-7.040166e+00	0.000000e+00	-5.529802e+00	-6.797656e-06
-7.034622e+00	0.000000e+00	-5.714358e+00	-6.892257e-06
-7.029039e+00	0.000000e+00	-5.912667e+00	-6.981746e-06
-7.023418e+00	0.000000e+00	-6.126391e+00	-7.046794e-06
-7.017757e+00	0.000000e+00	-6.357380e+00	-7.131672e-06
-7.012058e+00	0.000000e+00	-6.607835e+00	-7.217688e-06
-7.006319e+00	0.000000e+00	-6.880274e+00	-7.312243e-06
-7.000540e+00	0.000000e+00	-7.177746e+00	-7.441980e-06
-6.994721e+00	0.000000e+00	-7.503881e+00	-7.585386e-06
-6.988862e+00	0.000000e+00	-7.862518e+00	-7.679182e-06
-6.982962e+00	0.000000e+00	-8.258896e+00	-7.690108e-06
-6.977021e+00	0.000000e+00	-8.699802e+00	-7.687156e-06
-6.971040e+00	0.000000e+00	-9.193253e+00	-7.801795e-06
-6.965016e+00	0.000000e+00	-9.749127e+00	-8.082217e-06
-6.958951e+00	0.000000e+00	-1.038028e+01	-8.433590e-06
-6.952844e+00	0.000000e+00	-1.110293e+01	-8.859596e-06
-6.946695e+00	0.000000e+00	-1.193845e+01	-9.344951e-06
-6.940502e+00	0.000000e+00	-1.291519e+01	-9.685962e-06
-6.934267e+00	0.000000e+00	-1.407239e+01	-1.007546e-05
-6.927989e+00	0.000000e+00	-1.546516e+01	-1.042767e-05
-6.921667e+00	0.000000e+00	-1.717361e+01	-1.094590e-05
-6.915302e+00	0.000000e+00	-1.931900e+01	-1.195120e-05
-6.908892e+00	0.000000e+00	-2.209322e+01	-1.298158e-05
-6.902438e+00	0.000000e+00	-2.582028e+01	-1.424396e-05
-6.895939e+00	0.000000e+00	-3.109249e+01	-1.587859e-05
-6.889395e+00	0.000000e+00	-3.912320e+01	-1.755359e-05
-6.882806e+00	0.000000e+00	-5.284331e+01	-2.016463e-05
-6.876171e+00	0.000000e+00	-8.159718e+01	-1.845690e-05
-6.869490e+00	0.000000e+00	-1.797789e+02	-1.096679e-05
-6.862763e+00	0.000000e+00	8.563474e+02	-1.135530e-05
-6.855989e+00	0.000000e+00	1.260394e+02	-5.222014e-06
-6.849168e+00	0.000000e+00	6.786297e+01	-3.805308e-06
-6.842300e+00	0.000000e+00	4.635206e+01	-3.400397e-06
-6.835384e+00	0.000000e+00	3.514977e+01	-3.181968e-06
-6.828421e+00	0.000000e+00	2.827649e+01	-4.452049e-06
-6.821409e+00	0.000000e+00	2.363027e+01	-5.333385e-06
-6.814348e+00	0.000000e+00	2.027892e+01	-5.314822e-06
-6.807239e+00	0.000000e+00	1.774697e+01	-5.003742e-06
-6.800080e+00	0.000000e+00	1.576752e+01	-4.761500e-06
-6.792871e+00	0.000000e+00	1.417767e+01	-4.882539e-06
-6.785613e+00	0.000000e+00	1.287239e+01	-5.335773e-06
-6.778304e+00	0.000000e+00	1.178174e+01	-5.592017e-06
-6.770945e+00	0.000000e+00	1.085695e+01	-5.761933e-06
-6.763535e+00	0.000000e+00	1.006269e+01	-5.926585e-06
-6.756073e+00	0.000000e+00	9.372910e+00	-5.952698e-06
-6.748560e+00	0.000000e+00	8.768540e+00	-5.902914e-06
-6.740994e+00	0.000000e+00	8.234613e+00	-5.787538e-06
-6.733376e+00	0.000000e+00	7.759404e+00	-5.687776e-06
-6.725705e+00	0.000000e+00	7.333802e+00	-5.609895e-06
-6.717982e+00	0.000000e+00	6.950399e+00	-5.496425e-06
-6.710204e+00	0.000000e+00	6.603348e+00	-5.444943e-06
-6.702373e+00	0.000000e+00	6.287661e+00	-5.444978e-06
-6.694487e+00	0.000000e+00	5.999399e+00	-5.432812e-06
-6.686547e+00	0.000000e+00	5.735133e+00	-5.441099e-06
-6.678551e+00	0.000000e+00	5.491826e+00	-5.472591e-06
-6.670501e+00	0.000000e+00	5.267042e+00	-5.508339e-06
-6.662394e+00	0.000000e+00	5.058772e+00	-5.526306e-06
-6.654231e+00	0.000000e+00	4.865301e+00	-5.535800e-06
-6.646012e+00	0.000000e+00	4.685088e+00	-5.571505e-06
-6.637736e+00	0.000000e+00	4.516812e+00	-5.573036e-06
-6.629402e+00	0.000000e+00	4.359303e+00	-5.576688e-06
-6.621010e+00	0.000000e+00	4.211582e+00	-5.619088e-06
-6.612561e+00	0.000000e+00	4.072793e+00	-5.653898e-06
-6.604053e+00	0.000000e+00	3.942108e+00	-5.686638e-06
-6.595485e+00	0.000000e+00	3.818821e+00	-5.730057e-06
-6.586859e+00	0.000000e+00	3.702334e+00	-5.757266e-06
-6.578172e+00	0.000000e+00	3.592131e+00	-5.812454e-06
-6.569426e+00	0.000000e+00	3.487674e+00	-5.862265e-06
-6.560619e+00	0.000000e+00	3.388520e+00	-5.901009e-06
-6.551750e+00	0.000000e+00	3.294275e+00	-5.950227e-06
-6.542821e+00	0.000000e+00	3.204602e+00	-5.996284e-06
-6.533829e+00	0.000000e+00	3.119165e+00	-6.022082e-06
-6.524775e+00	0.000000e+00	3.037678e+00	-6.058617e-06
-6.515658e+00	0.000000e+00	2.959855e+00	-6.082151e-06
-6.506479e+00	0.000000e+00	2.885450e+00	-6.120002e-06
-6.497235e+00	0.000000e+00	2.814253e+00	-6.158630e-06
-6.487927e+00	0.000000e+00	2.746075e+00	-6.192156e-06
-6.478555e+00	0.000000e+00	2.680729e+00	-6.225918e-06
-6.469118e+00	0.000000e+00	2.618051e+00	-6.252139e-06
-6.459616e+00	0.000000e+00	2.557875e+00	-6.270580e-06
-6.450047e+00	0.000000e+00	2.500043e+00	-6.280416e-06
-6.440413e+00	0.000000e+00	2.444419e+00	-6.282610e-06
-6.430711e+00	0.000000e+00	2.390858e+00	-6.284294e-06
-6.420942e+00	0.000000e+00	2.339262e+00	-6.297717e-06
-6.411106e+00	0.000000e+00	2.289518e+00	-6.318947e-06
-6.401201e+00	0.000000e+00	2.241535e+00	-6.346031e-06
-6.391228e+00	0.000000e+00	2.195235e+00	-6.372309e-06
-6.381186e+00	0.000000e+00	2.150529e+00	-6.400171e-06
-6.371074e+00	0.000000e+00	2.107340e+00	-6.427765e-06
-6.360892e+00	0.000000e+00	2.065592e+00	-6.452933e-06
-6.350639e+00	0.000000e+00	2.025212e+00	-6.475304e-06
-6.340315e+00	0.000000e+00	1.986125e+00	-6.505087e-06
-6.329920e+00	0.000000e+00	1.948264e+00	-6.526147e-06
-6.319452e+00	0.000000e+00	1.911592e+00	-6.546872e-06
-6.308913e+00	0.000000e+00	1.876037e+00	-6.566733e-06
-6.298300e+00	0.000000e+00	1.841546e+00	-6.585335e-06
-6.287613e+00	0.000000e+00	1.808089e+00	-6.602300e-06
-6.276852e+00	0.000000e+00	1.775614e+00	-6.622227e-06
-6.266017e+00	0.000000e+00	1.744085e+00	-6.645282e-06
-6.255107e+00	0.000000e+00	1.713473e+00	-6.668466e-06
-6.244121e+00	0.000000e+00	1.683768e+00	-6.685131e-06
-6.233059e+00	0.000000e+00	1.654881e+00	-6.694347e-06
-6.221920e+00	0.000000e+00	1.626784e+00	-6.706269e-06
-6.210704e+00	0.000000e+00	1.599499e+00	-6.713371e-06
-6.199410e+00	0.000000e+00	1.572963e+00	-6.713495e-06
-6.188038e+00	0.000000e+00	1.547138e+00	-6.714164e-06
-6.176587e+00	0.000000e+00	1.521998e+00	-6.716077e-06
-6.165057e+00	0.000000e+00	1.497496e+00	-6.719459e-06
-6.153447e+00	0.000000e+00	1.473612e+00	-6.725279e-06
-6.141756e+00	0.000000e+00	1.450326e+00	-6.734561e-06
-6.129985e+00	0.000000e+00	1.427625e+00	-6.741327e-06
-6.118131e+00	0.000000e+00	1.405471e+00	-6.749080e-06
-6.106196e+00	0.000000e+00	1.383835e+00	-6.755972e-06
-6.094178e+00	0.000000e+00	1.362706e+00	-6.767192e-06
-6.082076e+00	0.000000e+00	1.342059e+00	-6.779961e-06
-6.069891e+00	0.000000e+00	1.321888e+00	-6.788300e-06
-6.057621e+00	0.000000e+00	1.302173e+00	-6.794348e-06
-6.045266e+00	0.000000e+00	1.282910e+00	-6.796802e-06
-6.032826e+00	0.000000e+00	1.264104e+00	-6.798025e-06
-6.020299e+00	0.000000e+00	1.245713e+00	-6.798911e-06
-6.007686e+00	0.000000e+00	1.227726e+00	-6.798694e-06
-5.994985e+00	0.000000e+00	1.210127e+00	-6.797719e-06
-5.982196e+00	0.000000e+00	1.192904e+00	-6.794458e-06
-5.969318e+00	0.000000e+00	1.176047e+00	-6.784191e-06
-5.956351e+00	0.000000e+00	1.159551e+00	-6.778298e-06
-5.943294e+00	0.000000e+00	1.143397e+00	-6.772914e-06
-5.930147e+00	0.000000e+00	1.127585e+00	-6.766651e-06
-5.916908e+00	0.000000e+00	1.112089e+00	-6.761742e-06
-5.903578e+00	0.000000e+00	1.096904e+00	-6.757158e-06
-5.890155e+00	0.000000e+00	1.082018e+00	-6.754482e-06
-5.876640e+00	0.000000e+00	1.067422e+00	-6.756909e-06
-5.863030e+00	0.000000e+00	1.053103e+00	-6.757595e-06
-5.849327e+00	0.000000e+00	1.039060e+00	-6.758313e-06
-5.835528e+00	0.000000e+00	1.025288e+00	-6.759614e-06
-5.821634e+00	0.000000e+00	1.011778e+00	-6.758840e-06
-5.807643e+00	0.000000e+00	9.985239e-01	-6.755254e-06
-5.793555e+00	0.000000e+00	9.855138e-01	-6.750733e-06
-5.779370e+00	0.000000e+00	9.727449e-01	-6.746678e-06
-5.765086e+00	0.000000e+00	9.602124e-01	-6.742887e-06
-5.750704e+00	0.000000e+00	9.479074e-01	-6.739046e-06
-5.736222e+00	0.000000e+00	9.358229e-01	-6.734731e-06
-5.721639e+00	0.000000e+00	9.239503e-01	-6.730103e-06
-5.706955e+00	0.000000e+00	9.122908e-01	-6.726617e-06
-5.692170e+00	0.000000e+00	9.008449e-01	-6.721232e-06
-5.677281e+00	0.000000e+00	8.895957e-01	-6.716703e-06
-5.662290e+00	0.000000e+00	8.785373e-01	-6.712118e-06
-5.647195e+00	0.000000e+00	8.676666e-01	-6.708626e-06
-5.631995e+00	0.000000e+00	8.569818e-01	-6.706045e-06
-5.616690e+00	0.000000e+00	8.464899e-01	-6.703380e-06
-5.601279e+00	0.000000e+00	8.361875e-01	-6.697876e-06
-5.585761e+00	0.000000e+00	8.260714e-01	-6.692174e-06
-5.570135e+00	0.000000e+00	8.161236e-01	-6.686037e-06
-5.554401e+00	0.000000e+00	8.063386e-01	-6.680568e-06
-5.538558e+00	0.000000e+00	7.967268e-01	-6.672800e-06
-5.522605e+00	0.000000e+00	7.872706e-01	-6.663163e-06
-5.506542e+00	0.000000e+00	7.779626e-01	-6.653863e-06
-5.490367e+00	0.000000e+00	7.688002e-01	-6.643667e-06
-5.474080e+00	0.000000e+00	7.597809e-01	-6.633753e-06
-5.457681e+00	0.000000e+00	7.509061e-01	-6.624888e-06
-5.441167e+00	0.000000e+00	7.421771e-01	-6.616756e-06
-5.424539e+00	0.000000e+00	7.335836e-01	-6.608667e-06
-5.407796e+00	0.000000e+00	7.251232e-01	-6.601020e-06
-5.390937e+00	0.000000e+00	7.168004e-01	-6.592219e-06
-5.373961e+00	0.000000e+00	7.086180e-01	-6.583560e-06
-5.356867e+00	0.000000e+00	7.005584e-01	-6.573310e-06
-5.339655e+00	0.000000e+00	6.926203e-01	-6.563461e-06
-5.322323e+00	0.000000e+00	6.848018e-01	-6.554276e-06
-5.304871e+00	0.000000e+00	6.771012e-01	-6.544291e-06
-5.287299e+00	0.000000e+00	6.695120e-01	-6.533036e-06
-5.269604e+00	0.000000e+00	6.620305e-01	-6.521005e-06
-5.251787e+00	0.000000e+00	6.546558e-01	-6.508361e-06
-5.233846e+00	0.000000e+00	6.473877e-01	-6.496001e-06
-5.215781e+00	0.000000e+00	6.402248e-01	-6.483875e-06
-5.197591e+00	0.000000e+00	6.331635e-01	-6.472565e-06
-5.179275e+00	0.000000e+00	6.262037e-01	-6.459641e-06
-5.160832e+00	0.000000e+00	6.193417e-01	-6.446999e-06
-5.142261e+00	0.000000e+00	6.125779e-01	-6.433854e-06
-5.123561e+00	0.000000e+00	6.059099e-01	-6.420137e-06
-5.104731e+00	0.000000e+00	5.993352e-01	-6.405994e-06
-5.085771e+00	0.000000e+00	5.928499e-01	-6.391152e-06
-5.066680e+00	0.000000e+00	5.864594e-01	-6.375183e-06
-5.047456e+00	0.000000e+00	5.801637e-01	-6.359612e-06
-5.028099e+00	0.000000e+00	5.739581e-01	-6.343225e-06
-5.008608e+00	0.000000e+00	5.678388e-01	-6.326544e-06
-4.988982e+00	0.000000e+00	5.618025e-01	-6.309768e-06
-4.969219e+00	0.000000e+00	5.558545e-01	-6.293142e-06
-4.949320e+00	0.000000e+00	5.499885e-01	-6.276511e-06
-4.929283e+00	0.000000e+00	5.442003e-01	-6.260204e-06
-4.909107e+00	0.000000e+00	5.384916e-01	-6.244475e-06
-4.888791e+00	0.000000e+00	5.328562e-01	-6.229228e-06
-4.868334e+00	0.000000e+00	5.272977e-01	-6.212983e-06
-4.847735e+00	0.000000e+00	5.218302e-01	-6.194837e-06
-4.826994e+00	0.000000e+00	5.164370e-01	-6.176054e-06
-4.806109e+00	0.000000e+00	5.111140e-01	-6.157915e-06
-4.785079e+00	0.000000e+00	5.058593e-01	-6.139356e-06
-4.763903e+00	0.000000e+00	5.006720e-01	-6.121266e-06
-4.742581e+00	0.000000e+00	4.955492e-01	-6.103305e-06
-4.721110e+00	0.000000e+00	4.904908e-01	-6.085115e-06
-4.699491e+00	0.000000e+00	4.854970e-01	-6.067604e-06
-4.677722e+00	0.000000e+00	4.805664e-01	-6.050008e-06
-4.655802e+00	0.000000e+00	4.757002e-01	-6.031962e-06
-4.633731e+00	0.000000e+00	4.708988e-01	-6.012968e-06
-4.611506e+00	0.000000e+00	4.661597e-01	-5.992969e-06
-4.589127e+00	0.000000e+00	4.614843e-01	-5.973066e-06
-4.566593e+00	0.000000e+00	4.568669e-01	-5.953037e-06
-4.543903e+00	0.000000e+00	4.523058e-01	-5.932943e-06
-4.521055e+00	0.000000e+00	4.478050e-01	-5.912923e-06
-4.498050e+00	0.000000e+00	4.433729e-01	-5.893025e-06
-4.474884e+00	0.000000e+00	4.390028e-01	-5.873382e-06
-4.451558e+00	0.000000e+00	4.346864e-01	-5.853398e-06
-4.428071e+00	0.000000e+00	4.304211e-01	-5.832667e-06
-4.404421e+00	0.000000e+00	4.262082e-01	-5.811477e-06
-4.380606e+00	0.000000e+00	4.220496e-01	-5.790156e-06
-4.356627e+00	0.000000e+00	4.179493e-01	-5.768789e-06
-4.332481e+00	0.000000e+00	4.139031e-01	-5.747835e-06
-4.308168e+00	0.000000e+00	4.099127e-01	-5.726321e-06
-4.283687e+00	0.000000e+00	4.059730e-01	-5.704531e-06
-4.259036e+00	0.000000e+00	4.020787e-01	-5.682667e-06
-4.234214e+00	0.000000e+00	3.982308e-01	-5.660101e-06
-4.209219e+00	0.000000e+00	3.944308e-01	-5.637456e-06
-4.184052e+00	0.000000e+00	3.906763e-01	-5.614745e-06
-4.158710e+00	0.000000e+00	3.869652e-01	-5.591877e-06
-4.133193e+00	0.000000e+00	3.832967e-01	-5.568963e-06
-4.107498e+00	0.000000e+00	3.796718e-01	-5.545948e-06
-4.081626e+00	0.000000e+00	3.760897e-01	-5.522982e-06
-4.055574e+00	0.000000e+00	3.725503e-01	-5.499963e-06
-4.029342e+00	0.000000e+00	3.690553e-01	-5.476468e-06
-4.002928e+00	0.000000e+00	3.656053e-01	-5.452749e-06
-3.976330e+00	0.000000e+00	3.621950e-01	-5.428806e-06
-3.949549e+00	0.000000e+00	3.588277e-01	-5.404808e-06
-3.922581e+00	0.000000e+00	3.555032e-01	-5.380751e-06
-3.895427e+00	0.000000e+00	3.522240e-01	-5.356978e-06
-3.868085e+00	0.000000e+00	3.489859e-01	-5.332760e-06
-3.840553e+00	0.000000e+00	3.457874e-01	-5.308259e-06
-3.812830e+00	0.000000e+00	3.426242e-01	-5.283351e-06
-3.784915e+00	0.000000e+00	3.394974e-01	-5.258639e-06
-3.756806e+00	0.000000e+00	3.364077e-01	-5.233764e-06
-3.728503e+00	0.000000e+00	3.333548e-01	-5.209074e-06
-3.700003e+00	0.000000e+00	3.303389e-01	-5.184298e-06
-3.671306e+00	0.000000e+00	3.273568e-01	-5.159379e-06
-3.642410e+00	0.000000e+00	3.244119e-01	-5.134500e-06
-3.613314e+00	0.000000e+00	3.215008e-01	-5.109593e-06
-3.584016e+00	0.000000e+00	3.186254e-01	-5.084567e-06
-3.554515e+00	0.000000e+00	3.157844e-01	-5.059332e-06
-3.524809e+00	0.000000e+00	3.129818e-01	-5.034151e-06
-3.494898e+00	0.000000e+00	3.102158e-01	-5.009637e-06
-3.464779e+00	0.000000e+00	3.074801e-01	-4.984976e-06
-3.434451e+00	0.000000e+00	3.047741e-01	-4.960167e-06
-3.403914e+00	0.000000e+00	3.020999e-01	-4.934718e-06
-3.373164e+00	0.000000e+00	2.994574e-01	-4.909208e-06
-3.342201e+00	0.000000e+00	2.968468e-01	-4.883613e-06
-3.311024e+00	0.000000e+00	2.942697e-01	-4.857628e-06
-3.279631e+00	0.000000e+00	2.917243e-01	-4.831405e-06
-3.248020e+00	0.000000e+00	2.892140e-01	-4.805278e-06
-3.216190e+00	0.000000e+00	2.867320e-01	-4.778930e-06
-3.184139e+00	0.000000e+00	2.842769e-01	-4.752887e-06
-3.151866e+00	0.000000e+00	2.818512e-01	-4.726673e-06
-3.119370e+00	0.000000e+00	2.794558e-01	-4.700449e-06
-3.086648e+00	0.000000e+00	2.770873e-01	-4.674360e-06
-3.053699e+00	0.000000e+00	2.747489e-01	-4.648181e-06
-3.020522e+00	0.000000e+00	2.724380e-01	-4.622131e-06
-2.987115e+00	0.000000e+00	2.701527e-01	-4.596180e-06
-2.953476e+00	0.000000e+00	2.678918e-01	-4.570366e-06
-2.919605e+00	0.000000e+00	2.656561e-01	-4.544400e-06
-2.885498e+00	0.000000e+00	2.634516e-01	-4.518198e-06
-2.851155e+00	0.000000e+00	2.612741e-01	-4.492099e-06
-2.816574e+00	0.000000e+00	2.591198e-01	-4.466171e-06
-2.781753e+00	0.000000e+00	2.569905e-01	-4.440219e-06
-2.746691e+00	0.000000e+00	2.548832e-01	-4.414072e-06
-2.711386e+00	0.000000e+00	2.528001e-01	-4.387933e-06
-2.675836e+00	0.000000e+00	2.507415e-01	-4.362134e-06
-2.640040e+00	0.000000e+00	2.487057e-01	-4.336409e-06
-2.603996e+00	0.000000e+00	2.466923e-01	-4.310365e-06
-2.567701e+00	0.000000e+00	2.447035e-01	-4.283910e-06
-2.531156e+00	0.000000e+00	2.427413e-01	-4.257335e-06
-2.494356e+00	0.000000e+00	2.408017e-01	-4.230852e-06
-2.457302e+00	0.000000e+00	2.388865e-01	-4.204526e-06
-2.419991e+00	0.000000e+00	2.369920e-01	-4.177959e-06
-2.382421e+00	0.000000e+00	2.351192e-01	-4.151497e-06
-2.344591e+00	0.000000e+00	2.332693e-01	-4.125207e-06
-2.306499e+00	0.000000e+00	2.314388e-01	-4.099313e-06
-2.268143e+00	0.000000e+00	2.296311e-01	-4.073214e-06
-2.229520e+00	0.000000e+00	2.278459e-01	-4.046733e-06
-2.190630e+00	0.000000e+00	2.260835e-01	-4.020468e-06
-2.151471e+00	0.000000e+00	2.243418e-01	-3.994339e-06
-2.112040e+00	0.000000e+00	2.226204e-01	-3.967728e-06
-2.072335e+00	0.000000e+00	2.209219e-01	-3.941360e-06
-2.032356e+00	0.000000e+00	2.192416e-01	-3.915176e-06
-1.992099e+00	0.000000e+00	2.175778e-01	-3.888689e-06
-1.951563e+00	0.000000e+00	2.159318e-01	-3.862269e-06
-1.910747e+00	0.000000e+00	2.143041e-01	-3.835552e-06
-1.869647e+00	0.000000e+00	2.126955e-01	-3.808951e-06
-1.828263e+00	0.000000e+00	2.111077e-01	-3.782355e-06
-1.786591e+00	0.000000e+00	2.095401e-01	-3.755534e-06
-1.744631e+00	0.000000e+00	2.079895e-01	-3.728897e-06
-1.702380e+00	0.000000e+00	2.064549e-01	-3.702079e-06
-1.659836e+00	0.000000e+00	2.049363e-01	-3.674987e-06
-1.616997e+00	0.000000e+00	2.034364e-01	-3.648282e-06
-1.573861e+00	0.000000e+00	2.019547e-01	-3.621186e-06
-1.530427e+00	0.000000e+00	2.004904e-01	-3.594255e-06
-1.486691e+00	0.000000e+00	1.990438e-01	-3.567426e-06
-1.442652e+00	0.000000e+00	1.976127e-01	-3.540348e-06
-1.398307e+00	0.000000e+00	1.961978e-01	-3.513563e-06
-1.353656e+00	0.000000e+00	1.947991e-01	-3.486488e-06
-1.308694e+00	0.000000e+00	1.934180e-01	-3.459371e-06
-1.263422e+00	0.000000e+00	1.920538e-01	-3.431958e-06
-1.217835e+00	0.000000e+00	1.907037e-01	-3.404586e-06
-1.171932e+00	0.000000e+00	1.893679e-01	-3.376994e-06
-1.125711e+00	0.000000e+00	1.880463e-01	-3.349235e-06
-1.079170e+00	0.000000e+00	1.867391e-01	-3.321310e-06
-1.032306e+00	0.000000e+00	1.854474e-01	-3.292971e-06
-9.851177e-01	0.000000e+00	1.841700e-01	-3.264422e-06
-9.376020e-01	0.000000e+00	1.829065e-01	-3.235565e-06
-8.897568e-01	0.000000e+00	1.816573e-01	-3.206590e-06
-8.415800e-01	0.000000e+00	1.804225e-01	-3.177261e-06
-7.930693e-01	0.000000e+00	1.791997e-01	-3.147523e-06
-7.442223e-01	0.000000e+00	1.779904e-01	-3.117411e-06
-6.950367e-01	0.000000e+00	1.767945e-01	-3.086970e-06
-6.455102e-01	0.000000e+00	1.756122e-01	-3.055612e-06
-5.956404e-01	0.000000e+00	1.744426e-01	-3.023780e-06
-5.454249e-01	0.000000e+00	1.732852e-01	-2.991113e-06
-4.948613e-01	0.000000e+00	1.721398e-01	-2.957538e-06
-4.439472e-01	0.000000e+00	1.710078e-01	-2.922970e-06
-3.926803e-01	0.000000e+00	1.698866e-01	-2.886678e-06
-3.410579e-01	0.000000e+00	1.687758e-01	-2.848991e-06
-2.890777e-01	0.000000e+00	1.676749e-01	-2.808522e-06
-2.367372e-01	0.000000e+00	1.665838e-01	-2.765511e-06
-1.840339e-01	0.000000e+00	1.655031e-01	-2.718382e-06
-1.309653e-01	0.000000e+00	1.644326e-01	-2.664772e-06
-7.752883e-02	0.000000e+00	1.633690e-01	-2.599632e-06
-2.372195e-02	0.000000e+00	1.623088e-01	-2.504039e-06
3.045790e-02	0.000000e+00	1.612623e-01	-1.105439e-05
8.501330e-02	0.000000e+00	1.602080e-01	-4.176858e-05
1.399469e-01	0.000000e+00	1.591705e-01	-8.345138e-05
1.952612e-01	0.000000e+00	1.581504e-01	-1.326053e-04
2.509590e-01	0.000000e+00	1.571474e-01	-1.873375e-04
3.070428e-01	0.000000e+00	1.561615e-01	-2.463887e-04
3.635154e-01	0.000000e+00	1.551915e-01	-3.088303e-04
4.203795e-01	0.000000e+00	1.542381e-01	-3.739589e-04
4.776377e-01	0.000000e+00	1.533001e-01	-4.411893e-04
5.352928e-01	0.000000e+00	1.523776e-01	-5.100619e-04
5.933476e-01	0.000000e+00	1.514700e-01	-5.801772e-04
6.518048e-01	0.000000e+00	1.505772e-01	-6.512024e-04
7.106671e-01	0.000000e+00	1.496987e-01	-7.228509e-04
7.699375e-01	0.000000e+00	1.488345e-01	-7.948771e-04
8.296188e-01	0.000000e+00	1.479840e-01	-8.670666e-04
8.897137e-01	0.000000e+00	1.471473e-01	-9.392434e-04
9.502252e-01	0.000000e+00	1.463237e-01	-1.011226e-03
1.011156e+00	0.000000e+00	1.455131e-01	-1.082874e-03
1.072509e+00	0.000000e+00	1.447152e-01	-1.154063e-03
1.134288e+00	0.000000e+00	1.439299e-01	-1.224684e-03
1.196495e+00	0.000000e+00	1.431569e-01	-1.294639e-03
1.259133e+00	0.000000e+00	1.423961e-01	-1.363850e-03
1.322205e+00	0.000000e+00	1.416471e-01	-1.432243e-03
1.385714e+00	0.000000e+00	1.409097e-01	-1.499724e-03
1.449664e+00	0.000000e+00	1.401836e-01	-1.566237e-03
1.514057e+00	0.000000e+00	1.394687e-01	-1.631752e-03
1.578896e+00	0.000000e+00	1.387648e-01	-1.696214e-03
1.644185e+00	0.000000e+00	1.380717e-01	-1.759587e-03
1.709926e+00	0.000000e+00	1.373893e-01	-1.821844e-03
1.776123e+00	0.000000e+00	1.367173e-01	-1.882958e-03
1.842779e+00	0.000000e+00	1.360555e-01	-1.942888e-03
1.909896e+00	0.000000e+00	1.354036e-01	-2.001600e-03
1.977479e+00	0.000000e+00	1.347616e-01	-2.059087e-03
2.045531e+00	0.000000e+00	1.341293e-01	-2.115353e-03
2.114054e+00	0.000000e+00	1.335065e-01	-2.170378e-03
2.183052e+00	0.000000e+00	1.328931e-01	-2.224159e-03
2.252529e+00	0.000000e+00	1.322890e-01	-2.276692e-03
2.322487e+00	0.000000e+00	1.316939e-01	-2.327970e-03
2.392930e+00	0.000000e+00	1.311077e-01	-2.377993e-03
2.463861e+00	0.000000e+00	1.305303e-01	-2.426762e-03
2.535284e+00	0.000000e+00	1.299615e-01	-2.474270e-03
2.607202e+00	0.000000e+00	1.294011e-01	-2.520519e-03
2.679619e+00	0.000000e+00	1.288491e-01	-2.565510e-03
2.752537e+00	0.000000e+00	1.283052e-01	-2.609255e-03
2.825961e+00	0.000000e+00	1.277694e-01	-2.651759e-03
2.899894e+00	0.000000e+00	1.272415e-01	-2.693031e-03
2.974340e+00	0.000000e+00	1.267215e-01	-2.733081e-03
3.049301e+00	0.000000e+00	1.262092e-01	-2.771939e-03
3.124782e+00	0.000000e+00	1.257044e-01	-2.809593e-03
3.200786e+00	0.000000e+00	1.252071e-01	-2.846055e-03
3.277317e+00	0.000000e+00	1.247173e-01	-2.881362e-03
3.354379e+00	0.000000e+00	1.242346e-01	-2.915518e-03
3.431975e+00	0.000000e+00	1.237591e-01	-2.948534e-03
3.510108e+00	0.000000e+00	1.232906e-01	-2.980420e-03
3.588783e+00	0.000000e+00	1.228289e-01	-3.011168e-03
3.668004e+00	0.000000e+00	1.223740e-01	-3.040798e-03
3.747774e+00	0.000000e+00	1.219258e-01	-3.069335e-03
3.828096e+00	0.000000e+00	1.214842e-01	-3.096791e-03
3.908976e+00	0.000000e+00	1.210491e-01	-3.123179e-03
3.990416e+00	0.000000e+00	1.206204e-01	-3.148512e-03
4.072420e+00	0.000000e+00	1.201980e-01	-3.172805e-03
4.154993e+00	0.000000e+00	1.197819e-01	-3.196098e-03
4.238138e+00	0.000000e+00	1.193719e-01	-3.218396e-03
4.321860e+00	0.000000e+00	1.189679e-01	-3.239698e-03
4.406162e+00	0.000000e+00	1.185699e-01	-3.260025e-03
4.491048e+00	0.000000e+00	1.181777e-01	-3.279406e-03
4.576523e+00	0.000000e+00	1.177914e-01	-3.297857e-03
4.662590e+00	0.000000e+00	1.174107e-01	-3.315382e-03
4.749254e+00	0.000000e+00	1.170357e-01	-3.332018e-03
4.836519e+00	0.000000e+00	1.166663e-01	-3.347762e-03
4.924388e+00	0.000000e+00	1.163022e-01	-3.362615e-03
5.012867e+00	0.000000e+00	1.159436e-01	-3.376591e-03
5.101958e+00	0.000000e+00	1.155903e-01	-3.389724e-03
5.191668e+00	0.000000e+00	1.152422e-01	-3.402023e-03
5.281999e+00	0.000000e+00	1.148993e-01	-3.413509e-03
5.372956e+00	0.000000e+00	1.145616e-01	-3.424201e-03
5.464544e+00	0.000000e+00	1.142288e-01	-3.434105e-03
5.556767e+00	0.000000e+00	1.139010e-01	-3.443245e-03
5.649629e+00	0.000000e+00	1.135781e-01	-3.451633e-03
5.743134e+00	0.000000e+00	1.132600e-01	-3.459291e-03
5.837288e+00	0.000000e+00	1.129467e-01	-3.466221e-03
5.932095e+00	0.000000e+00	1.126380e-01	-3.472430e-03
6.027558e+00	0.000000e+00	1.123341e-01	-3.477937e-03
6.123684e+00	0.000000e+00	1.120346e-01	-3.482772e-03
6.220475e+00	0.000000e+00	1.117397e-01	-3.486930e-03
6.317938e+00	0.000000e+00	1.114493e-01	-3.490426e-03
6.416076e+00	0.000000e+00	1.111632e-01	-3.493275e-03
6.514894e+00	0.000000e+00	1.108815e-01	-3.495503e-03
6.614398e+00	0.000000e+00	1.106041e-01	-3.497117e-03
6.714591e+00	0.000000e+00	1.103309e-01	-3.498130e-03
6.815478e+00	0.000000e+00	1.100619e-01	-3.498553e-03
6.917065e+00	0.000000e+00	1.097969e-01	-3.498394e-03
7.019356e+00	0.000000e+00	1.095361e-01	-3.497677e-03
7.122357e+00	0.000000e+00	1.092792e-01	-3.496414e-03
7.226071e+00	0.000000e+00	1.090263e-01	-3.494618e-03
7.330504e+00	0.000000e+00	1.087773e-01	-3.492296e-03
7.435661e+00	0.000000e+00	1.085321e-01	-3.489462e-03
7.541546e+00	0.000000e+00	1.082908e-01	-3.486125e-03
7.648166e+00	0.000000e+00	1.080532e-01	-3.482299e-03
7.755525e+00	0.000000e+00	1.078193e-01	-3.477994e-03
7.863628e+00	0.000000e+00	1.075890e-01	-3.473223e-03
7.972480e+00	0.000000e+00	1.073624e-01	-3.467995e-03
8.082087e+00	0.000000e+00	1.071394e-01	-3.462318e-03
8.192454e+00	0.000000e+00	1.069199e-01	-3.456198e-03
8.303586e+00	0.000000e+00	1.067039e-01	-3.449658e-03
8.415488e+00	0.000000e+00	1.064912e-01	-3.442715e-03
8.528165e+00	0.000000e+00	1.062820e-01	-3.435363e-03
8.641624e+00	0.000000e+00	1.060762e-01	-3.427608e-03
8.755869e+00	0.000000e+00	1.058736e-01	-3.419468e-03
8.870906e+00	0.000000e+00	1.056743e-01	-3.410955e-03
8.986741e+00	0.000000e+00	1.054783e-01	-3.402084e-03
9.103378e+00	0.000000e+00	1.052854e-01	-3.392866e-03
9.220824e+00	0.000000e+00	1.050956e-01	-3.383296e-03
9.339084e+00	0.000000e+00	1.049090e-01	-3.373389e-03
9.458164e+00	0.000000e+00	1.047255e-01	-3.363162e-03
9.578069e+00	0.000000e+00	1.045449e-01	-3.352620e-03
9.698805e+00	0.000000e+00	1.043673e-01	-3.341778e-03
9.820378e+00	0.000000e+00	1.041926e-01	-3.330646e-03
9.942794e+00	0.000000e+00	1.040209e-01	-3.319225e-03
1.006606e+01	0.000000e+00	1.038520e-01	-3.307519e-03
1.019018e+01	0.000000e+00	1.036859e-01	-3.295537e-03
1.031516e+01	0.000000e+00	1.035227e-01	-3.283291e-03
1.044100e+01	0.000000e+00	1.033623e-01	-3.270780e-03
1.056772e+01	0.000000e+00	1.032046e-01	-3.258015e-03
1.069532e+01	0.000000e+00	1.030496e-01	-3.245008e-03
1.082380e+01	0.000000e+00	1.028973e-01	-3.231762e-03
1.095317e+01	0.000000e+00	1.027477e-01	-3.218292e-03
1.108344e+01	0.000000e+00	1.026006e-01	-3.204600e-03
1.121461e+01	0.000000e+00	1.024562e-01	-3.190694e-03
1.134669e+01	0.000000e+00	1.023143e-01	-3.176583e-03
1.147968e+01	0.000000e+00	1.021748e-01	-3.162278e-03
1.161360e+01	0.000000e+00	1.020379e-01	-3.147785e-03
1.174845e+01	0.000000e+00	1.019034e-01	-3.133105e-03
1.188423e+01	0.000000e+00	1.017713e-01	-3.118241e-03
1.202095e+01	0.000000e+00	1.016416e-01	-3.103209e-03
1.215862e+01	0.000000e+00	1.015142e-01	-3.088019e-03
1.229724e+01	0.000000e+00	1.013892e-01	-3.072671e-03
1.243683e+01	0.000000e+00	1.012664e-01	-3.057174e-03
1.257738e+01	0.000000e+00	1.011459e-01	-3.041531e-03
1.271891e+01	0.000000e+00	1.010277e-01	-3.025742e-03
1.286141e+01	0.000000e+00	1.009117e-01	-3.009817e-03
1.300491e+01	0.000000e+00	1.007978e-01	-2.993763e-03
1.314940e+01	0.000000e+00	1.006861e-01	-2.977585e-03
1.329489e+01	0.000000e+00	1.005766e-01	-2.961292e-03
1.344139e+01	0.000000e+00	1.004691e-01	-2.944888e-03
1.358891e+01	0.000000e+00	1.003637e-01	-2.928376e-03
1.373744e+01	0.000000e+00	1.002604e-01	-2.911760e-03
1.388701e+01	0.000000e+00	1.001591e-01	-2.895048e-03
1.403762e+01	0.000000e+00	1.000598e-01	-2.878245e-03
1.418926e+01	0.000000e+00	9.996251e-02	-2.861352e-03
1.434196e+01	0.000000e+00	9.986715e-02	-2.844376e-03
1.449572e+01	0.000000e+00	9.977372e-02	-2.827318e-03
1.465055e+01	0.000000e+00	9.968219e-02	-2.810188e-03
1.480644e+01	0.000000e+00	9.959256e-02	-2.792987e-03
1.496342e+01	0.000000e+00	9.950478e-02	-2.775719e-03
1.512149e+01	0.000000e+00	9.941883e-02	-2.758393e-03
1.528065e+01	0.000000e+00	9.933470e-02	-2.741011e-03
1.544091e+01	0.000000e+00	9.925236e-02	-2.723575e-03
1.560229e+01	0.000000e+00	9.917179e-02	-2.706095e-03
1.576478e+01	0.000000e+00	9.909293e-02	-2.688570e-03
1.592840e+01	0.000000e+00	9.901578e-02	-2.671008e-03
1.609316e+01	0.000000e+00	9.894033e-02	-2.653409e-03
1.625905e+01	0.000000e+00	9.886659e-02	-2.635778e-03
1.642610e+01	0.000000e+00	9.879451e-02	-2.618119e-03
1.659431e+01	0.000000e+00	9.872405e-02	-2.600438e-03
1.676368e+01	0.000000e+00	9.865518e-02	-2.582740e-03
1.693422e+01	0.000000e+00	9.858788e-02	-2.565027e-03
1.710595e+01	0.000000e+00	9.852214e-02	-2.547298e-03
1.727886e+01	0.000000e+00	9.845796e-02	-2.529558e-03
1.745298e+01	0.000000e+00	9.839530e-02	-2.511811e-03
1.762830e+01	0.000000e+00	9.833413e-02	-2.494058e-03
1.780484e+01	0.000000e+00	9.827446e-02	-2.476304e-03
1.798260e+01	0.000000e+00	9.821625e-02	-2.458550e-03
1.816160e+01	0.000000e+00	9.815950e-02	-2.440803e-03
1.834183e+01	0.000000e+00	9.810420e-02	-2.423061e-03
1.852331e+01	0.000000e+00	9.805032e-02	-2.405331e-03
1.870606e+01	0.000000e+00	9.799783e-02	-2.387613e-03
1.889006e+01	0.000000e+00	9.794672e-02	-2.369911e-03
1.907535e+01	0.000000e+00	9.789697e-02	-2.352227e-03
1.926192e+01	0.000000e+00	9.784855e-02	-2.334567e-03
1.944978e+01	0.000000e+00	9.780145e-02	-2.316929e-03
1.963894e+01	0.000000e+00	9.775564e-02	-2.299316e-03
1.982942e+01	0.000000e+00	9.771112e-02	-2.281732e-03
2.002121e+01	0.000000e+00	9.766786e-02	-2.264178e-03
2.021434e+01	0.000000e+00	9.762587e-02	-2.246656e-03
2.040880e+01	0.000000e+00	9.758509e-02	-2.229169e-03
2.060461e+01	0.000000e+00	9.754552e-02	-2.211718e-03
2.080178e+01	0.000000e+00	9.750715e-02	-2.194308e-03
2.100032e+01	0.000000e+00	9.746997e-02	-2.176940e-03
2.120023e+01	0.000000e+00	9.743397e-02	-2.159615e-03
2.140152e+01	0.000000e+00	9.739915e-02	-2.142338e-03
2.160422e+01	0.000000e+00	9.736545e-02	-2.125108e-03
2.180831e+01	0.000000e+00	9.733286e-02	-2.107928e-03
2.201383e+01	0.000000e+00	9.730137e-02	-2.090797e-03
2.222076e+01	0.000000e+00	9.727097e-02	-2.073720e-03
2.242913e+01	0.000000e+00	9.724163e-02	-2.056697e-03
2.263895e+01	0.000000e+00	9.721333e-02	-2.039731e-03
2.285022e+01	0.000000e+00	9.718608e-02	-2.022823e-03
2.306295e+01	0.000000e+00	9.715988e-02	-2.005976e-03
2.327716e+01	0.000000e+00	9.713466e-02	-1.989190e-03
2.349286e+01	0.000000e+00	9.711044e-02	-1.972467e-03
2.371005e+01	0.000000e+00	9.708719e-02	-1.955806e-03
2.392874e+01	0.000000e+00	9.706493e-02	-1.939210e-03
2.414895e+01	0.000000e+00	9.704363e-02	-1.922683e-03
2.437069e+01	0.000000e+00	9.702325e-02	-1.906223e-03
2.459396e+01	0.000000e+00	9.700380e-02	-1.889831e-03
2.481878e+01	0.000000e+00	9.698526e-02	-1.873511e-03
2.504516e+01	0.000000e+00	9.696763e-02	-1.857263e-03
2.527311e+01	0.000000e+00	9.695088e-02	-1.841088e-03
2.550264e+01	0.000000e+00	9.693503e-02	-1.824988e-03
2.573376e+01	0.000000e+00	9.692005e-02	-1.808963e-03
2.596648e+01	0.000000e+00	9.690590e-02	-1.793014e-03
2.620082e+01	0.000000e+00	9.689258e-02	-1.777140e-03
2.643678e+01	0.000000e+00	9.688007e-02	-1.761343e-03
2.667437e+01	0.000000e+00	9.686836e-02	-1.745625e-03
2.691362e+01	0.000000e+00	9.685745e-02	-1.729987e-03
2.715452e+01	0.000000e+00	9.684732e-02	-1.714429e-03
2.739709e+01	0.000000e+00	9.683795e-02	-1.698952e-03
2.764134e+01	0.000000e+00	9.682935e-02	-1.683556e-03
2.788728e+01	0.000000e+00	9.682149e-02	-1.668243e-03
2.813493e+01	0.000000e+00	9.681436e-02	-1.653013e-03
2.838430e+01	0.000000e+00	9.680794e-02	-1.637868e-03
2.863539e+01	0.000000e+00	9.680224e-02	-1.622807e-03
2.888823e+01	0.000000e+00	9.679722e-02	-1.607832e-03
2.914282e+01	0.000000e+00	9.679291e-02	-1.592944e-03
2.939917e+01	0.000000e+00	9.678930e-02	-1.578145e-03
2.965730e+01	0.000000e+00	9.678637e-02	-1.563435e-03
2.991722e+01	0.000000e+00	9.678412e-02	-1.548812e-03
3.017894e+01	0.000000e+00	9.678254e-02	-1.534278e-03
3.044247e+01	0.000000e+00	9.678159e-02	-1.519831e-03
3.070784e+01	0.000000e+00	9.678124e-02	-1.505474e-03
3.097504e+01	0.000000e+00	9.678148e-02	-1.491206e-03
3.124409e+01	0.000000e+00	9.678231e-02	-1.477027e-03
3.151501e+01	0.000000e+00	9.678374e-02	-1.462939e-03
3.178780e+01	0.000000e+00	9.678575e-02	-1.448941e-03
3.206249e+01	0.000000e+00	9.678832e-02	-1.435032e-03
3.233908e+01	0.000000e+00	9.679144e-02	-1.421215e-03
3.261759e+01	0.000000e+00	9.679510e-02	-1.407488e-03
3.289803e+01	0.000000e+00	9.679932e-02	-1.393853e-03
3.318041e+01	0.000000e+00	9.680408e-02	-1.380310e-03
3.346475e+01	0.000000e+00	9.680936e-02	-1.366859e-03
3.375106e+01	0.000000e+00	9.681516e-02	-1.353500e-03
3.403936e+01	0.000000e+00	9.682148e-02	-1.340234e-03
3.432965e+01	0.000000e+00	9.682831e-02	-1.327060e-03
3.462196e+01	0.000000e+00	9.683564e-02	-1.313981e-03
3.491629e+01	0.000000e+00	9.684344e-02	-1.300995e-03
3.521266e+01	0.000000e+00	9.685171e-02	-1.288101e-03
3.551109e+01	0.000000e+00	9.686045e-02	-1.275300e-03
3.581158e+01	0.000000e+00	9.686963e-02	-1.262592e-03
3.611416e+01	0.000000e+00	9.687925e-02	-1.249976e-03
3.641884e+01	0.000000e+00	9.688930e-02	-1.237453e-03
3.672562e+01	0.000000e+00	9.689980e-02	-1.225024e-03
3.703454e+01	0.000000e+00	9.691072e-02	-1.212689e-03
3.734559e+01	0.000000e+00	9.692205e-02	-1.200445e-03
3.765881e+01	0.000000e+00	9.693378e-02	-1.188295e-03
3.797419e+01	0.000000e+00	9.694590e-02	-1.176236e-03
3.829176e+01	0.000000e+00	9.695841e-02	-1.164269e-03
3.861153e+01	0.000000e+00	9.697130e-02	-1.152395e-03
3.893351e+01	0.000000e+00	9.698457e-02	-1.140613e-03
3.925773e+01	0.000000e+00	9.699819e-02	-1.128923e-03
3.958420e+01	0.000000e+00	9.701216e-02	-1.117325e-03
3.991293e+01	0.000000e+00	9.702648e-02	-1.105818e-03
4.024393e+01	0.000000e+00	9.704114e-02	-1.094402e-03
4.057724e+01	0.000000e+00	9.705613e-02	-1.083078e-03
4.091285e+01	0.000000e+00	9.707146e-02	-1.071846e-03
4.125079e+01	0.000000e+00	9.708716e-02	-1.060706e-03
4.159107e+01	0.000000e+00	9.710320e-02	-1.049658e-03
4.193371e+01	0.000000e+00	9.711954e-02	-1.038700e-03
4.227872e+01	0.000000e+00	9.713616e-02	-1.027832e-03
4.262613e+01	0.000000e+00	9.715308e-02	-1.017053e-03
4.297594e+01	0.000000e+00	9.717026e-02	-1.006364e-03
4.332818e+01	0.000000e+00	9.718774e-02	-9.957641e-04
4.368286e+01	0.000000e+00	9.720549e-02	-9.852533e-04
4.404000e+01	0.000000e+00	9.722351e-02	-9.748306e-04
4.439962e+01	0.000000e+00	9.724178e-02	-9.644962e-04
4.476173e+01	0.000000e+00	9.726030e-02	-9.542498e-04
4.512634e+01	0.000000e+00	9.727907e-02	-9.440910e-04
4.549349e+01	0.000000e+00	9.729809e-02	-9.340201e-04
4.586318e+01	0.000000e+00	9.731734e-02	-9.240362e-04
4.623543e+01	0.000000e+00	9.733683e-02	-9.141391e-04
4.661027e+01	0.000000e+00	9.735656e-02	-9.043287e-04
4.698770e+01	0.000000e+00	9.737653e-02	-8.946047e-04
4.736774e+01	0.000000e+00	9.739673e-02	-8.849672e-04
4.775043e+01	0.000000e+00	9.741717e-02	-8.754162e-04
4.813576e+01	0.000000e+00	9.743780e-02	-8.659500e-04
4.852377e+01	0.000000e+00	9.745863e-02	-8.565681e-04
4.891446e+01	0.000000e+00	9.747965e-02	-8.472699e-04
4.930786e+01	0.000000e+00	9.750083e-02	-8.380551e-04
4.970399e+01	0.000000e+00	9.752220e-02	-8.289235e-04
5.010287e+01	0.000000e+00	9.754373e-02	-8.198745e-04
5.050451e+01	0.000000e+00	9.756545e-02	-8.109080e-04
5.090894e+01	0.000000e+00	9.758736e-02	-8.020237e-04
5.131616e+01	0.000000e+00	9.760946e-02	-7.932216e-04
5.172621e+01	0.000000e+00	9.763173e-02	-7.845008e-04
5.213911e+01	0.000000e+00	9.765414e-02	-7.758606e-04
5.255486e+01	0.000000e+00	9.767670e-02	-7.673003e-04
5.297350e+01	0.000000e+00	9.769940e-02	-7.588193e-04
5.339504e+01	0.000000e+00	9.772224e-02	-7.504178e-04
5.381950e+01	0.000000e+00	9.774522e-02	-7.420951e-04
5.424690e+01	0.000000e+00	9.776832e-02	-7.338505e-04
5.467727e+01	0.000000e+00	9.779155e-02	-7.256839e-04
5.511062e+01	0.000000e+00	9.781491e-02	-7.175951e-04
5.554697e+01	0.000000e+00	9.783839e-02	-7.095830e-04
5.598635e+01	0.000000e+00	9.786198e-02	-7.016476e-04
5.642877e+01	0.000000e+00	9.788569e-02	-6.937881e-04
5.687426e+01	0.000000e+00	9.790952e-02	-6.860044e-04
5.732284e+01	0.000000e+00	9.793346e-02	-6.782960e-04
5.777453e+01	0.000000e+00	9.795750e-02	-6.706622e-04
5.822934e+01	0.000000e+00	9.798164e-02	-6.631025e-04
5.868732e+01	0.000000e+00	9.800588e-02	-6.556167e-04
5.914846e+01	0.000000e+00	9.803021e-02	-6.482043e-04
5.961280e+01	0.000000e+00	9.805464e-02	-6.408647e-04
6.008036e+01	0.000000e+00	9.807916e-02	-6.335973e-04
6.055116e+01	0.000000e+00	9.810374e-02	-6.264015e-04
6.102523e+01	0.000000e+00	9.812839e-02	-6.192766e-04
6.150258e+01	0.000000e+00	9.815313e-02	-6.122224e-04
6.198324e+01	0.000000e+00	9.817794e-02	-6.052384e-04
6.246723e+01	0.000000e+00	9.820280e-02	-5.983239e-04
6.295458e+01	0.000000e+00	9.822773e-02	-5.914785e-04
6.344530e+01	0.000000e+00	9.825271e-02	-5.847016e-04
6.393943e+01	0.000000e+00	9.827776e-02	-5.779932e-04
6.443698e+01	0.000000e+00	9.830286e-02	-5.713524e-04
6.493798e+01	0.000000e+00	9.832801e-02	-5.647788e-04
6.544245e+01	0.000000e+00	9.835323e-02	-5.582719e-04
6.595042e+01	0.000000e+00	9.837849e-02	-5.518312e-04
6.646191e+01	0.000000e+00	9.840379e-02	-5.454559e-04
6.697695e+01	0.000000e+00	9.842912e-02	-5.391458e-04
6.749556e+01	0.000000e+00	9.845447e-02	-5.329002e-04
6.801776e+01	0.000000e+00	9.847986e-02	-5.267187e-04
6.854358e+01	0.000000e+00	9.850528e-02	-5.206008e-04
6.907304e+01	0.000000e+00	9.853072e-02	-5.145459e-04
6.960618e+01	0.000000e+00	9.855618e-02	-5.085538e-04
7.014301e+01	0.000000e+00	9.858169e-02	-5.026242e-04
7.068356e+01	0.000000e+00	9.860726e-02	-4.967571e-04
7.122786e+01	0.000000e+00	9.863285e-02	-4.909513e-04
7.177594e+01	0.000000e+00	9.865844e-02	-4.852061e-04
7.232781e+01	0.000000e+00	9.868404e-02	-4.795209e-04
7.288350e+01	0.000000e+00	9.870965e-02	-4.738954e-04
7.344305e+01	0.000000e+00	9.873527e-02	-4.683288e-04
7.400648e+01	0.000000e+00	9.876089e-02	-4.628209e-04
7.457381e+01	0.000000e+00	9.878650e-02	-4.573710e-04
7.514508e+01	0.000000e+00	9.881213e-02	-4.519789e-04
7.572030e+01	0.000000e+00	9.883775e-02	-4.466443e-04
7.629951e+01	0.000000e+00	9.886337e-02	-4.413663e-04
7.688274e+01	0.000000e+00	9.888898e-02	-4.361446e-04
7.747001e+01	0.000000e+00	9.891460e-02	-4.309788e-04
7.806135e+01	0.000000e+00	9.894020e-02	-4.258683e-04
7.865679e+01	0.000000e+00	9.896580e-02	-4.208127e-04
7.925636e+01	0.000000e+00	9.899139e-02	-4.158116e-04
7.986008e+01	0.000000e+00	9.901697e-02	-4.108645e-04
8.046799e+01	0.000000e+00	9.904254e-02	-4.059710e-04
8.108011e+01	0.000000e+00	9.906810e-02	-4.011306e-04
8.169648e+01	0.000000e+00	9.909364e-02	-3.963428e-04
8.231711e+01	0.000000e+00	9.911916e-02	-3.916072e-04
8.294205e+01	0.000000e+00	9.914466e-02	-3.869231e-04
8.357132e+01	0.000000e+00	9.917013e-02	-3.822902e-04
8.420496e+01	0.000000e+00	9.919558e-02	-3.777080e-04
8.484298e+01	0.000000e+00	9.922101e-02	-3.731759e-04
8.548543e+01	0.000000e+00	9.924643e-02	-3.686936e-04
8.613233e+01	0.000000e+00	9.927180e-02	-3.642606e-04
8.678372e+01	0.000000e+00	9.929714e-02	-3.598763e-04
8.743962e+01	0.000000e+00	9.932243e-02	-3.555404e-04
8.810006e+01	0.000000e+00	9.934768e-02	-3.512526e-04
8.876509e+01	0.000000e+00	9.937290e-02	-3.470121e-04
8.943472e+01	0.000000e+00	9.939807e-02	-3.428187e-04
9.010900e+01	0.000000e+00	9.942322e-02	-3.386722e-04
9.078795e+01	0.000000e+00	9.944834e-02	-3.345718e-04
9.147160e+01	0.000000e+00	9.947343e-02	-3.305175e-04
