-7.740000e+00	0.000000e+00	-2.207544e-01	6.899118e-05
-7.739307e+00	0.000000e+00	-2.209877e-01	6.906663e-05
-7.738609e+00	0.000000e+00	-2.212228e-01	6.914266e-05
-7.737906e+00	0.000000e+00	-2.214597e-01	6.921929e-05
-7.737198e+00	0.000000e+00	-2.216985e-01	6.929649e-05
-7.736486e+00	0.000000e+00	-2.219392e-01	6.937428e-05
-7.735768e+00	0.000000e+00	-2.221818e-01	6.945273e-05
-7.735046e+00	0.000000e+00	-2.224263e-01	6.953179e-05
-7.734318e+00	0.000000e+00	-2.226728e-01	6.961145e-05
-7.733586e+00	0.000000e+00	-2.229212e-01	6.969170e-05
-7.732848e+00	0.000000e+00	-2.231716e-01	6.977256e-05
-7.732105e+00	0.000000e+00	-2.234240e-01	6.985401e-05
-7.731357e+00	0.000000e+00	-2.236784e-01	6.993606e-05
-7.730604e+00	0.000000e+00	-2.239348e-01	7.001865e-05
-7.729846e+00	0.000000e+00	-2.241933e-01	7.010184e-05
-7.729083e+00	0.000000e+00	-2.244538e-01	7.018564e-05
-7.728314e+00	0.000000e+00	-2.247165e-01	7.027009e-05
-7.727540e+00	0.000000e+00	-2.249812e-01	7.035519e-05
-7.726760e+00	0.000000e+00	-2.252480e-01	7.044093e-05
-7.725975e+00	0.000000e+00	-2.255170e-01	7.052731e-05
-7.725185e+00	0.000000e+00	-2.257881e-01	7.061436e-05
-7.724389e+00	0.000000e+00	-2.260614e-01	7.070208e-05
-7.723587e+00	0.000000e+00	-2.263369e-01	7.079060e-05
-7.722780e+00	0.000000e+00	-2.266146e-01	7.087981e-05
-7.721968e+00	0.000000e+00	-2.268946e-01	7.096970e-05
-7.721150e+00	0.000000e+00	-2.271768e-01	7.106029e-05
-7.720326e+00	0.000000e+00	-2.274613e-01	7.115157e-05
-7.719496e+00	0.000000e+00	-2.277480e-01	7.124357e-05
-7.718661e+00	0.000000e+00	-2.280371e-01	7.133627e-05
-7.717820e+00	0.000000e+00	-2.283285e-01	7.142969e-05
-7.716973e+00	0.000000e+00	-2.286223e-01	7.152385e-05
-7.716120e+00	0.000000e+00	-2.289185e-01	7.161875e-05
-7.715262e+00	0.000000e+00	-2.292171e-01	7.171437e-05
-7.714397e+00	0.000000e+00	-2.295181e-01	7.181074e-05
-7.713526e+00	0.000000e+00	-2.298215e-01	7.190785e-05
-7.712650e+00	0.000000e+00	-2.301274e-01	7.200569e-05
-7.711767e+00	0.000000e+00	-2.304358e-01	7.210429e-05
-7.710878e+00	0.000000e+00	-2.307468e-01	7.220366e-05
-7.709983e+00	0.000000e+00	-2.310602e-01	7.230380e-05
-7.709082e+00	0.000000e+00	-2.313762e-01	7.240472e-05
-7.708174e+00	0.000000e+00	-2.316949e-01	7.250643e-05
-7.707261e+00	0.000000e+00	-2.320161e-01	7.260892e-05
-7.706340e+00	0.000000e+00	-2.323399e-01	7.271222e-05
-7.705414e+00	0.000000e+00	-2.326664e-01	7.281628e-05
-7.704481e+00	0.000000e+00	-2.329956e-01	7.292113e-05
-7.703542e+00	0.000000e+00	-2.333275e-01	7.302678e-05
-7.702596e+00	0.000000e+00	-2.336621e-01	7.313324e-05
-7.701643e+00	0.000000e+00	-2.339995e-01	7.324053e-05
-7.700684e+00	0.000000e+00	-2.343397e-01	7.334866e-05
-7.699719e+00	0.000000e+00	-2.346827e-01	7.345763e-05
-7.698746e+00	0.000000e+00	-2.350285e-01	7.356745e-05
-7.697767e+00	0.000000e+00	-2.353772e-01	7.367813e-05
-7.696781e+00	0.000000e+00	-2.357287e-01	7.378972e-05
-7.695788e+00	0.000000e+00	-2.360832e-01	7.390257e-05
-7.694789e+00	0.000000e+00	-2.364406e-01	7.401631e-05
-7.693782e+00	0.000000e+00	-2.368010e-01	7.413094e-05
-7.692769e+00	0.000000e+00	-2.371644e-01	7.424646e-05
-7.691748e+00	0.000000e+00	-2.375309e-01	7.436290e-05
-7.690721e+00	0.000000e+00	-2.379004e-01	7.448025e-05
-7.689686e+00	0.000000e+00	-2.382729e-01	7.459868e-05
-7.688644e+00	0.000000e+00	-2.386486e-01	7.471818e-05
-7.687595e+00	0.000000e+00	-2.390275e-01	7.483869e-05
-7.686538e+00	0.000000e+00	-2.394095e-01	7.496016e-05
-7.685475e+00	0.000000e+00	-2.397947e-01	7.508247e-05
-7.684403e+00	0.000000e+00	-2.401832e-01	7.520570e-05
-7.683325e+00	0.000000e+00	-2.405749e-01	7.532991e-05
-7.682239e+00	0.000000e+00	-2.409700e-01	7.545508e-05
-7.681145e+00	0.000000e+00	-2.413683e-01	7.558130e-05
-7.680044e+00	0.000000e+00	-2.417701e-01	7.570867e-05
-7.678935e+00	0.000000e+00	-2.421752e-01	7.583698e-05
-7.677819e+00	0.000000e+00	-2.425837e-01	7.596631e-05
-7.676695e+00	0.000000e+00	-2.429958e-01	7.609666e-05
-7.675563e+00	0.000000e+00	-2.434113e-01	7.622805e-05
-7.674423e+00	0.000000e+00	-2.438303e-01	7.636049e-05
-7.673275e+00	0.000000e+00	-2.442529e-01	7.649394e-05
-7.672120e+00	0.000000e+00	-2.446792e-01	7.662845e-05
-7.670956e+00	0.000000e+00	-2.451090e-01	7.676403e-05
-7.669784e+00	0.000000e+00	-2.455425e-01	7.690068e-05
-7.668604e+00	0.000000e+00	-2.459797e-01	7.703837e-05
-7.667416e+00	0.000000e+00	-2.464207e-01	7.717715e-05
-7.666220e+00	0.000000e+00	-2.468655e-01	7.731719e-05
-7.665015e+00	0.000000e+00	-2.473141e-01	7.745862e-05
-7.663802e+00	0.000000e+00	-2.477665e-01	7.760125e-05
-7.662581e+00	0.000000e+00	-2.482228e-01	7.774502e-05
-7.661351e+00	0.000000e+00	-2.486831e-01	7.788992e-05
-7.660113e+00	0.000000e+00	-2.491474e-01	7.803598e-05
-7.658866e+00	0.000000e+00	-2.496156e-01	7.818321e-05
-7.657610e+00	0.000000e+00	-2.500879e-01	7.833163e-05
-7.656346e+00	0.000000e+00	-2.505643e-01	7.848115e-05
-7.655073e+00	0.000000e+00	-2.510449e-01	7.863186e-05
-7.653791e+00	0.000000e+00	-2.515296e-01	7.878404e-05
-7.652501e+00	0.000000e+00	-2.520185e-01	7.893756e-05
-7.651201e+00	0.000000e+00	-2.525117e-01	7.909230e-05
-7.649892e+00	0.000000e+00	-2.530092e-01	7.924829e-05
-7.648574e+00	0.000000e+00	-2.535110e-01	7.940550e-05
-7.647248e+00	0.000000e+00	-2.540173e-01	7.956379e-05
-7.645911e+00	0.000000e+00	-2.545279e-01	7.972329e-05
-7.644566e+00	0.000000e+00	-2.550431e-01	7.988414e-05
-7.643211e+00	0.000000e+00	-2.555627e-01	8.004626e-05
-7.641847e+00	0.000000e+00	-2.560870e-01	8.020962e-05
-7.640474e+00	0.000000e+00	-2.566159e-01	8.037424e-05
-7.639091e+00	0.000000e+00	-2.571494e-01	8.054007e-05
-7.637698e+00	0.000000e+00	-2.576876e-01	8.070735e-05
-7.636296e+00	0.000000e+00	-2.582307e-01	8.087611e-05
-7.634884e+00	0.000000e+00	-2.587785e-01	8.104623e-05
-7.633462e+00	0.000000e+00	-2.593312e-01	8.121771e-05
-7.632030e+00	0.000000e+00	-2.598888e-01	8.139053e-05
-7.630589e+00	0.000000e+00	-2.604514e-01	8.156464e-05
-7.629137e+00	0.000000e+00	-2.610190e-01	8.173999e-05
-7.627676e+00	0.000000e+00	-2.615917e-01	8.191651e-05
-7.626204e+00	0.000000e+00	-2.621695e-01	8.209443e-05
-7.624722e+00	0.000000e+00	-2.627524e-01	8.227378e-05
-7.623230e+00	0.000000e+00	-2.633407e-01	8.245454e-05
-7.621727e+00	0.000000e+00	-2.639342e-01	8.263668e-05
-7.620214e+00	0.000000e+00	-2.645330e-01	8.282005e-05
-7.618691e+00	0.000000e+00	-2.651373e-01	8.300469e-05
-7.617156e+00	0.000000e+00	-2.657470e-01	8.319085e-05
-7.615612e+00	0.000000e+00	-2.663623e-01	8.337883e-05
-7.614056e+00	0.000000e+00	-2.669831e-01	8.356838e-05
-7.612490e+00	0.000000e+00	-2.676095e-01	8.375940e-05
-7.610913e+00	0.000000e+00	-2.682417e-01	8.395196e-05
-7.609325e+00	0.000000e+00	-2.688796e-01	8.414658e-05
-7.607726e+00	0.000000e+00	-2.695234e-01	8.434275e-05
-7.606116e+00	0.000000e+00	-2.701730e-01	8.454049e-05
-7.604495e+00	0.000000e+00	-2.708286e-01	8.473982e-05
-7.602863e+00	0.000000e+00	-2.714902e-01	8.494065e-05
-7.601219e+00	0.000000e+00	-2.721578e-01	8.514293e-05
-7.599564e+00	0.000000e+00	-2.728316e-01	8.534681e-05
-7.597897e+00	0.000000e+00	-2.735117e-01	8.555232e-05
-7.596219e+00	0.000000e+00	-2.741980e-01	8.575939e-05
-7.594529e+00	0.000000e+00	-2.748907e-01	8.596665e-05
-7.592828e+00	0.000000e+00	-2.755898e-01	8.617535e-05
-7.591114e+00	0.000000e+00	-2.762954e-01	8.638567e-05
-7.589389e+00	0.000000e+00	-2.770075e-01	8.659757e-05
-7.587652e+00	0.000000e+00	-2.777263e-01	8.681108e-05
-7.585903e+00	0.000000e+00	-2.784518e-01	8.702654e-05
-7.584141e+00	0.000000e+00	-2.791841e-01	8.724371e-05
-7.582368e+00	0.000000e+00	-2.799232e-01	8.746247e-05
-7.580582e+00	0.000000e+00	-2.806693e-01	8.768302e-05
-7.578784e+00	0.000000e+00	-2.814224e-01	8.790538e-05
-7.576973e+00	0.000000e+00	-2.821826e-01	8.812937e-05
-7.575150e+00	0.000000e+00	-2.829500e-01	8.835503e-05
-7.573314e+00	0.000000e+00	-2.837246e-01	8.858256e-05
-7.571466e+00	0.000000e+00	-2.845066e-01	8.881178e-05
-7.569604e+00	0.000000e+00	-2.852960e-01	8.904270e-05
-7.567730e+00	0.000000e+00	-2.860929e-01	8.927543e-05
-7.565843e+00	0.000000e+00	-2.868975e-01	8.950993e-05
-7.563942e+00	0.000000e+00	-2.877097e-01	8.974805e-05
-7.562029e+00	0.000000e+00	-2.885297e-01	8.998950e-05
-7.560102e+00	0.000000e+00	-2.893575e-01	9.023366e-05
-7.558162e+00	0.000000e+00	-2.901933e-01	9.048154e-05
-7.556208e+00	0.000000e+00	-2.910372e-01	9.073291e-05
-7.554241e+00	0.000000e+00	-2.918891e-01	9.098826e-05
-7.552260e+00	0.000000e+00	-2.927492e-01	9.124566e-05
-7.550266e+00	0.000000e+00	-2.936177e-01	9.150510e-05
-7.548257e+00	0.000000e+00	-2.944946e-01	9.176662e-05
-7.546235e+00	0.000000e+00	-2.953799e-01	9.203026e-05
-7.544199e+00	0.000000e+00	-2.962740e-01	9.229599e-05
-7.542148e+00	0.000000e+00	-2.971767e-01	9.256391e-05
-7.540084e+00	0.000000e+00	-2.980882e-01	9.283398e-05
-7.538005e+00	0.000000e+00	-2.990087e-01	9.310604e-05
-7.535911e+00	0.000000e+00	-2.999383e-01	9.338020e-05
-7.533804e+00	0.000000e+00	-3.008769e-01	9.365692e-05
-7.531681e+00	0.000000e+00	-3.018248e-01	9.393537e-05
-7.529544e+00	0.000000e+00	-3.027820e-01	9.421602e-05
-7.527392e+00	0.000000e+00	-3.037487e-01	9.449904e-05
-7.525225e+00	0.000000e+00	-3.047250e-01	9.478560e-05
-7.523043e+00	0.000000e+00	-3.057110e-01	9.507497e-05
-7.520846e+00	0.000000e+00	-3.067068e-01	9.536664e-05
-7.518634e+00	0.000000e+00	-3.077126e-01	9.566059e-05
-7.516406e+00	0.000000e+00	-3.087284e-01	9.595660e-05
-7.514163e+00	0.000000e+00	-3.097543e-01	9.625496e-05
-7.511905e+00	0.000000e+00	-3.107906e-01	9.655680e-05
-7.509630e+00	0.000000e+00	-3.118374e-01	9.686073e-05
-7.507340e+00	0.000000e+00	-3.128946e-01	9.716740e-05
-7.505035e+00	0.000000e+00	-3.139626e-01	9.747637e-05
-7.502713e+00	0.000000e+00	-3.150414e-01	9.778756e-05
-7.500375e+00	0.000000e+00	-3.161311e-01	9.810114e-05
-7.498021e+00	0.000000e+00	-3.172320e-01	9.841721e-05
-7.495650e+00	0.000000e+00	-3.183441e-01	9.873627e-05
-7.493263e+00	0.000000e+00	-3.194676e-01	9.905773e-05
-7.490860e+00	0.000000e+00	-3.206026e-01	9.938111e-05
-7.488440e+00	0.000000e+00	-3.217493e-01	9.970664e-05
-7.486003e+00	0.000000e+00	-3.229078e-01	1.000344e-04
-7.483549e+00	0.000000e+00	-3.240783e-01	1.003648e-04
-7.481078e+00	0.000000e+00	-3.252609e-01	1.006976e-04
-7.478590e+00	0.000000e+00	-3.264557e-01	1.010328e-04
-7.476085e+00	0.000000e+00	-3.276629e-01	1.013702e-04
-7.473562e+00	0.000000e+00	-3.288828e-01	1.017097e-04
-7.471022e+00	0.000000e+00	-3.301154e-01	1.020520e-04
-7.468465e+00	0.000000e+00	-3.313610e-01	1.023983e-04
-7.465889e+00	0.000000e+00	-3.326196e-01	1.027479e-04
-7.463296e+00	0.000000e+00	-3.338915e-01	1.030996e-04
-7.460685e+00	0.000000e+00	-3.351769e-01	1.034540e-04
-7.458056e+00	0.000000e+00	-3.364758e-01	1.038112e-04
-7.455408e+00	0.000000e+00	-3.377885e-01	1.041695e-04
-7.452742e+00	0.000000e+00	-3.391151e-01	1.045296e-04
-7.450058e+00	0.000000e+00	-3.404559e-01	1.048928e-04
-7.447355e+00	0.000000e+00	-3.418110e-01	1.052591e-04
-7.444633e+00	0.000000e+00	-3.431807e-01	1.056280e-04
-7.441893e+00	0.000000e+00	-3.445650e-01	1.059995e-04
-7.439133e+00	0.000000e+00	-3.459643e-01	1.063752e-04
-7.436355e+00	0.000000e+00	-3.473786e-01	1.067538e-04
-7.433557e+00	0.000000e+00	-3.488083e-01	1.071348e-04
-7.430739e+00	0.000000e+00	-3.502534e-01	1.075220e-04
-7.427902e+00	0.000000e+00	-3.517142e-01	1.079129e-04
-7.425046e+00	0.000000e+00	-3.531910e-01	1.083068e-04
-7.422170e+00	0.000000e+00	-3.546839e-01	1.087034e-04
-7.419273e+00	0.000000e+00	-3.561932e-01	1.091017e-04
-7.416357e+00	0.000000e+00	-3.577191e-01	1.095022e-04
-7.413420e+00	0.000000e+00	-3.592618e-01	1.099072e-04
-7.410464e+00	0.000000e+00	-3.608216e-01	1.103152e-04
-7.407486e+00	0.000000e+00	-3.623988e-01	1.107256e-04
-7.404488e+00	0.000000e+00	-3.639935e-01	1.111375e-04
-7.401469e+00	0.000000e+00	-3.656060e-01	1.115519e-04
-7.398430e+00	0.000000e+00	-3.672366e-01	1.119724e-04
-7.395369e+00	0.000000e+00	-3.688856e-01	1.123966e-04
-7.392287e+00	0.000000e+00	-3.705532e-01	1.128237e-04
-7.389183e+00	0.000000e+00	-3.722397e-01	1.132539e-04
-7.386058e+00	0.000000e+00	-3.739453e-01	1.136883e-04
-7.382912e+00	0.000000e+00	-3.756703e-01	1.141251e-04
-7.379743e+00	0.000000e+00	-3.774148e-01	1.145654e-04
-7.376553e+00	0.000000e+00	-3.791793e-01	1.150048e-04
-7.373341e+00	0.000000e+00	-3.809640e-01	1.154452e-04
-7.370106e+00	0.000000e+00	-3.827693e-01	1.158895e-04
-7.366849e+00	0.000000e+00	-3.845955e-01	1.163377e-04
-7.363569e+00	0.000000e+00	-3.864427e-01	1.167899e-04
-7.360267e+00	0.000000e+00	-3.883115e-01	1.172456e-04
-7.356941e+00	0.000000e+00	-3.902019e-01	1.177034e-04
-7.353593e+00	0.000000e+00	-3.921145e-01	1.181642e-04
-7.350221e+00	0.000000e+00	-3.940496e-01	1.186264e-04
-7.346826e+00	0.000000e+00	-3.960074e-01	1.190896e-04
-7.343408e+00	0.000000e+00	-3.979883e-01	1.195554e-04
-7.339965e+00	0.000000e+00	-3.999926e-01	1.200237e-04
-7.336499e+00	0.000000e+00	-4.020206e-01	1.204950e-04
-7.333009e+00	0.000000e+00	-4.040728e-01	1.209695e-04
-7.329495e+00	0.000000e+00	-4.061494e-01	1.214450e-04
-7.325956e+00	0.000000e+00	-4.082510e-01	1.219209e-04
-7.322393e+00	0.000000e+00	-4.103779e-01	1.223976e-04
-7.318805e+00	0.000000e+00	-4.125305e-01	1.228747e-04
-7.315193e+00	0.000000e+00	-4.147090e-01	1.233425e-04
-7.311555e+00	0.000000e+00	-4.169141e-01	1.238162e-04
-7.307892e+00	0.000000e+00	-4.191462e-01	1.242957e-04
-7.304203e+00	0.000000e+00	-4.214056e-01	1.247766e-04
-7.300489e+00	0.000000e+00	-4.236927e-01	1.252602e-04
-7.296750e+00	0.000000e+00	-4.260074e-01	1.257510e-04
-7.292984e+00	0.000000e+00	-4.283495e-01	1.262651e-04
-7.289192e+00	0.000000e+00	-4.307206e-01	1.267980e-04
-7.285374e+00	0.000000e+00	-4.331212e-01	1.273346e-04
-7.281530e+00	0.000000e+00	-4.355519e-01	1.278742e-04
-7.277659e+00	0.000000e+00	-4.380127e-01	1.284300e-04
-7.273761e+00	0.000000e+00	-4.405044e-01	1.289946e-04
-7.269836e+00	0.000000e+00	-4.430276e-01	1.295576e-04
-7.265884e+00	0.000000e+00	-4.455828e-01	1.301210e-04
-7.261904e+00	0.000000e+00	-4.481705e-01	1.306873e-04
-7.257897e+00	0.000000e+00	-4.507915e-01	1.312559e-04
-7.253862e+00	0.000000e+00	-4.534460e-01	1.318284e-04
-7.249799e+00	0.000000e+00	-4.561346e-01	1.324042e-04
-7.245708e+00	0.000000e+00	-4.588574e-01	1.329838e-04
-7.241588e+00	0.000000e+00	-4.616156e-01	1.335626e-04
-7.237440e+00	0.000000e+00	-4.644098e-01	1.341443e-04
-7.233264e+00	0.000000e+00	-4.672407e-01	1.347397e-04
-7.229058e+00	0.000000e+00	-4.701090e-01	1.353428e-04
-7.224823e+00	0.000000e+00	-4.730148e-01	1.359487e-04
-7.220559e+00	0.000000e+00	-4.759567e-01	1.365736e-04
-7.216265e+00	0.000000e+00	-4.789377e-01	1.372025e-04
-7.211942e+00	0.000000e+00	-4.819584e-01	1.378341e-04
-7.207588e+00	0.000000e+00	-4.850196e-01	1.384681e-04
-7.203204e+00	0.000000e+00	-4.881221e-01	1.391043e-04
-7.198790e+00	0.000000e+00	-4.912667e-01	1.397445e-04
-7.194346e+00	0.000000e+00	-4.944540e-01	1.404086e-04
-7.189870e+00	0.000000e+00	-4.976849e-01	1.410834e-04
-7.185364e+00	0.000000e+00	-5.009599e-01	1.417541e-04
-7.180826e+00	0.000000e+00	-5.042803e-01	1.424221e-04
-7.176257e+00	0.000000e+00	-5.076467e-01	1.430876e-04
-7.171656e+00	0.000000e+00	-5.110600e-01	1.437619e-04
-7.167023e+00	0.000000e+00	-5.145209e-01	1.444425e-04
-7.162358e+00	0.000000e+00	-5.180290e-01	1.451134e-04
-7.157661e+00	0.000000e+00	-5.215866e-01	1.457814e-04
-7.152932e+00	0.000000e+00	-5.251946e-01	1.464494e-04
-7.148169e+00	0.000000e+00	-5.288540e-01	1.471199e-04
-7.143373e+00	0.000000e+00	-5.325661e-01	1.477941e-04
-7.138545e+00	0.000000e+00	-5.363317e-01	1.484886e-04
-7.133682e+00	0.000000e+00	-5.401519e-01	1.491978e-04
-7.128786e+00	0.000000e+00	-5.440277e-01	1.499091e-04
-7.123857e+00	0.000000e+00	-5.479600e-01	1.506233e-04
-7.118893e+00	0.000000e+00	-5.519500e-01	1.513354e-04
-7.113894e+00	0.000000e+00	-5.559990e-01	1.520394e-04
-7.108861e+00	0.000000e+00	-5.601080e-01	1.527342e-04
-7.103793e+00	0.000000e+00	-5.642786e-01	1.534287e-04
-7.098690e+00	0.000000e+00	-5.685116e-01	1.541129e-04
-7.093551e+00	0.000000e+00	-5.728084e-01	1.547976e-04
-7.088377e+00	0.000000e+00	-5.771703e-01	1.554937e-04
-7.083167e+00	0.000000e+00	-5.815988e-01	1.561880e-04
-7.077921e+00	0.000000e+00	-5.860954e-01	1.568797e-04
-7.072639e+00	0.000000e+00	-5.906617e-01	1.575634e-04
-7.067319e+00	0.000000e+00	-5.952999e-01	1.582503e-04
-7.061963e+00	0.000000e+00	-6.000113e-01	1.589706e-04
-7.056570e+00	0.000000e+00	-6.047975e-01	1.596885e-04
-7.051140e+00	0.000000e+00	-6.096595e-01	1.604029e-04
-7.045672e+00	0.000000e+00	-6.145988e-01	1.610979e-04
-7.040166e+00	0.000000e+00	-6.196168e-01	1.617877e-04
-7.034622e+00	0.000000e+00	-6.247153e-01	1.625312e-04
-7.029039e+00	0.000000e+00	-6.298966e-01	1.632751e-04
-7.023418e+00	0.000000e+00	-6.351628e-01	1.640673e-04
-7.017757e+00	0.000000e+00	-6.405160e-01	1.648453e-04
-7.012058e+00	0.000000e+00	-6.459577e-01	1.656137e-04
-7.006319e+00	0.000000e+00	-6.514897e-01	1.664007e-04
-7.000540e+00	0.000000e+00	-6.571143e-01	1.671999e-04
-6.994721e+00	0.000000e+00	-6.628342e-01	1.680088e-04
-6.988862e+00	0.000000e+00	-6.686514e-01	1.688118e-04
-6.982962e+00	0.000000e+00	-6.745684e-01	1.696164e-04
-6.977021e+00	0.000000e+00	-6.805878e-01	1.704152e-04
-6.971040e+00	0.000000e+00	-6.867135e-01	1.712350e-04
-6.965016e+00	0.000000e+00	-6.929466e-01	1.720668e-04
-6.958951e+00	0.000000e+00	-6.992903e-01	1.728877e-04
-6.952844e+00	0.000000e+00	-7.057475e-01	1.737250e-04
-6.946695e+00	0.000000e+00	-7.123207e-01	1.745606e-04
-6.940502e+00	0.000000e+00	-7.190130e-01	1.753840e-04
-6.934267e+00	0.000000e+00	-7.258280e-01	1.762208e-04
-6.927989e+00	0.000000e+00	-7.327686e-01	1.770928e-04
-6.921667e+00	0.000000e+00	-7.398374e-01	1.779410e-04
-6.915302e+00	0.000000e+00	-7.470380e-01	1.788129e-04
-6.908892e+00	0.000000e+00	-7.543748e-01	1.796658e-04
-6.902438e+00	0.000000e+00	-7.618518e-01	1.805055e-04
-6.895939e+00	0.000000e+00	-7.694728e-01	1.813346e-04
-6.889395e+00	0.000000e+00	-7.772415e-01	1.821557e-04
-6.882806e+00	0.000000e+00	-7.851603e-01	1.830221e-04
-6.876171e+00	0.000000e+00	-7.932360e-01	1.838864e-04
-6.869490e+00	0.000000e+00	-8.014725e-01	1.847173e-04
-6.862763e+00	0.000000e+00	-8.098743e-01	1.855020e-04
-6.855989e+00	0.000000e+00	-8.184465e-01	1.862547e-04
-6.849168e+00	0.000000e+00	-8.271928e-01	1.869917e-04
-6.842300e+00	0.000000e+00	-8.361205e-01	1.877093e-04
-6.835384e+00	0.000000e+00	-8.452347e-01	1.883833e-04
-6.828421e+00	0.000000e+00	-8.545411e-01	1.890347e-04
-6.821409e+00	0.000000e+00	-8.640475e-01	1.897756e-04
-6.814348e+00	0.000000e+00	-8.737615e-01	1.905115e-04
-6.807239e+00	0.000000e+00	-8.836887e-01	1.912124e-04
-6.800080e+00	0.000000e+00	-8.938351e-01	1.919390e-04
-6.792871e+00	0.000000e+00	-9.042075e-01	1.927006e-04
-6.785613e+00	0.000000e+00	-9.148110e-01	1.935795e-04
-6.778304e+00	0.000000e+00	-9.256567e-01	1.944120e-04
-6.770945e+00	0.000000e+00	-9.367518e-01	1.952277e-04
-6.763535e+00	0.000000e+00	-9.481026e-01	1.961402e-04
-6.756073e+00	0.000000e+00	-9.597240e-01	1.969966e-04
-6.748560e+00	0.000000e+00	-9.716214e-01	1.978168e-04
-6.740994e+00	0.000000e+00	-9.838028e-01	1.986689e-04
-6.733376e+00	0.000000e+00	-9.962818e-01	1.994931e-04
-6.725705e+00	0.000000e+00	-1.009071e+00	2.002645e-04
-6.717982e+00	0.000000e+00	-1.022179e+00	2.011335e-04
-6.710204e+00	0.000000e+00	-1.035619e+00	2.019766e-04
-6.702373e+00	0.000000e+00	-1.049403e+00	2.028587e-04
-6.694487e+00	0.000000e+00	-1.063548e+00	2.037852e-04
-6.686547e+00	0.000000e+00	-1.078067e+00	2.046608e-04
-6.678551e+00	0.000000e+00	-1.092978e+00	2.054680e-04
-6.670501e+00	0.000000e+00	-1.108296e+00	2.063652e-04
-6.662394e+00	0.000000e+00	-1.124034e+00	2.071518e-04
-6.654231e+00	0.000000e+00	-1.140193e+00	2.078611e-04
-6.646012e+00	0.000000e+00	-1.156806e+00	2.085062e-04
-6.637736e+00	0.000000e+00	-1.173894e+00	2.091464e-04
-6.629402e+00	0.000000e+00	-1.191483e+00	2.098297e-04
-6.621010e+00	0.000000e+00	-1.209593e+00	2.104482e-04
-6.612561e+00	0.000000e+00	-1.228246e+00	2.109681e-04
-6.604053e+00	0.000000e+00	-1.247470e+00	2.113509e-04
-6.595485e+00	0.000000e+00	-1.267286e+00	2.116735e-04
-6.586859e+00	0.000000e+00	-1.287731e+00	2.121329e-04
-6.578172e+00	0.000000e+00	-1.308837e+00	2.125811e-04
-6.569426e+00	0.000000e+00	-1.330642e+00	2.132640e-04
-6.560619e+00	0.000000e+00	-1.353144e+00	2.141332e-04
-6.551750e+00	0.000000e+00	-1.376408e+00	2.147366e-04
-6.542821e+00	0.000000e+00	-1.400461e+00	2.153355e-04
-6.533829e+00	0.000000e+00	-1.425287e+00	2.162709e-04
-6.524775e+00	0.000000e+00	-1.450978e+00	2.170404e-04
-6.515658e+00	0.000000e+00	-1.477596e+00	2.177968e-04
-6.506479e+00	0.000000e+00	-1.505199e+00	2.187518e-04
-6.497235e+00	0.000000e+00	-1.533830e+00	2.196238e-04
-6.487927e+00	0.000000e+00	-1.563550e+00	2.206126e-04
-6.478555e+00	0.000000e+00	-1.594432e+00	2.217533e-04
-6.469118e+00	0.000000e+00	-1.626553e+00	2.228438e-04
-6.459616e+00	0.000000e+00	-1.659991e+00	2.237372e-04
-6.450047e+00	0.000000e+00	-1.694827e+00	2.245370e-04
-6.440413e+00	0.000000e+00	-1.731159e+00	2.252294e-04
-6.430711e+00	0.000000e+00	-1.769071e+00	2.256107e-04
-6.420942e+00	0.000000e+00	-1.808670e+00	2.262117e-04
-6.411106e+00	0.000000e+00	-1.850079e+00	2.264968e-04
-6.401201e+00	0.000000e+00	-1.893439e+00	2.266929e-04
-6.391228e+00	0.000000e+00	-1.938879e+00	2.273399e-04
-6.381186e+00	0.000000e+00	-1.986574e+00	2.277633e-04
-6.371074e+00	0.000000e+00	-2.036627e+00	2.282294e-04
-6.360892e+00	0.000000e+00	-2.089251e+00	2.298834e-04
-6.350639e+00	0.000000e+00	-2.144695e+00	2.318047e-04
-6.340315e+00	0.000000e+00	-2.203184e+00	2.343133e-04
-6.329920e+00	0.000000e+00	-2.265033e+00	2.368217e-04
-6.319452e+00	0.000000e+00	-2.330499e+00	2.387395e-04
-6.308913e+00	0.000000e+00	-2.399905e+00	2.410666e-04
-6.298300e+00	0.000000e+00	-2.473627e+00	2.436055e-04
-6.287613e+00	0.000000e+00	-2.552090e+00	2.455101e-04
-6.276852e+00	0.000000e+00	-2.635763e+00	2.470015e-04
-6.266017e+00	0.000000e+00	-2.725142e+00	2.495158e-04
-6.255107e+00	0.000000e+00	-2.820892e+00	2.520034e-04
-6.244121e+00	0.000000e+00	-2.923718e+00	2.538826e-04
-6.233059e+00	0.000000e+00	-3.034438e+00	2.567652e-04
-6.221920e+00	0.000000e+00	-3.154052e+00	2.586641e-04
-6.210704e+00	0.000000e+00	-3.283641e+00	2.595264e-04
-6.199410e+00	0.000000e+00	-3.424424e+00	2.603459e-04
-6.188038e+00	0.000000e+00	-3.577966e+00	2.620501e-04
-6.176587e+00	0.000000e+00	-3.746240e+00	2.651237e-04
-6.165057e+00	0.000000e+00	-3.931437e+00	2.682234e-04
-6.153447e+00	0.000000e+00	-4.136282e+00	2.730613e-04
-6.141756e+00	0.000000e+00	-4.364146e+00	2.808886e-04
-6.129985e+00	0.000000e+00	-4.619148e+00	2.922884e-04
-6.118131e+00	0.000000e+00	-4.906431e+00	3.073977e-04
-6.106196e+00	0.000000e+00	-5.232551e+00	3.254134e-04
-6.094178e+00	0.000000e+00	-5.606035e+00	3.449360e-04
-6.082076e+00	0.000000e+00	-6.038092e+00	3.665728e-04
-6.069891e+00	0.000000e+00	-6.543689e+00	3.950387e-04
-6.057621e+00	0.000000e+00	-7.143363e+00	4.257322e-04
-6.045266e+00	0.000000e+00	-7.865791e+00	4.619519e-04
-6.032826e+00	0.000000e+00	-8.753264e+00	5.043407e-04
-6.020299e+00	0.000000e+00	-9.869564e+00	5.626662e-04
-6.007686e+00	0.000000e+00	-1.131759e+01	6.327225e-04
-5.994985e+00	0.000000e+00	-1.327065e+01	7.040120e-04
-5.982196e+00	0.000000e+00	-1.604746e+01	7.862495e-04
-5.969318e+00	0.000000e+00	-2.030881e+01	8.868301e-04
-5.956351e+00	0.000000e+00	-2.768083e+01	9.793276e-04
-5.943294e+00	0.000000e+00	-4.354544e+01	9.996987e-04
-5.930147e+00	0.000000e+00	-1.024583e+02	1.058124e-03
-5.916908e+00	0.000000e+00	2.871885e+02	3.680357e-03
-5.903578e+00	0.000000e+00	5.981510e+01	1.291781e-03
-5.890155e+00	0.000000e+00	3.331864e+01	6.854303e-04
-5.876640e+00	0.000000e+00	2.306289e+01	4.903250e-04
-5.863030e+00	0.000000e+00	1.762262e+01	3.885836e-04
-5.849327e+00	0.000000e+00	1.424943e+01	3.613238e-04
-5.835528e+00	0.000000e+00	1.195225e+01	3.397340e-04
-5.821634e+00	0.000000e+00	1.028693e+01	2.977501e-04
-5.807643e+00	0.000000e+00	9.023789e+00	2.566592e-04
-5.793555e+00	0.000000e+00	8.033451e+00	2.286932e-04
-5.779370e+00	0.000000e+00	7.236253e+00	2.125157e-04
-5.765086e+00	0.000000e+00	6.580023e+00	1.981968e-04
-5.750704e+00	0.000000e+00	6.030742e+00	1.857606e-04
-5.736222e+00	0.000000e+00	5.564162e+00	1.755809e-04
-5.721639e+00	0.000000e+00	5.162687e+00	1.657177e-04
-5.706955e+00	0.000000e+00	4.813579e+00	1.663604e-04
-5.692170e+00	0.000000e+00	4.507036e+00	1.709852e-04
-5.677281e+00	0.000000e+00	4.236038e+00	1.745149e-04
-5.662290e+00	0.000000e+00	3.995189e+00	1.785739e-04
-5.647195e+00	0.000000e+00	3.779695e+00	1.829315e-04
-5.631995e+00	0.000000e+00	3.585305e+00	1.863695e-04
-5.616690e+00	0.000000e+00	3.409002e+00	1.898589e-04
-5.601279e+00	0.000000e+00	3.248368e+00	1.904419e-04
-5.585761e+00	0.000000e+00	3.101381e+00	1.887684e-04
-5.570135e+00	0.000000e+00	2.966398e+00	1.866248e-04
-5.554401e+00	0.000000e+00	2.841966e+00	1.851843e-04
-5.538558e+00	0.000000e+00	2.726847e+00	1.838829e-04
-5.522605e+00	0.000000e+00	2.620097e+00	1.818508e-04
-5.506542e+00	0.000000e+00	2.520769e+00	1.797279e-04
-5.490367e+00	0.000000e+00	2.428033e+00	1.796164e-04
-5.474080e+00	0.000000e+00	2.341366e+00	1.799747e-04
-5.457681e+00	0.000000e+00	2.260149e+00	1.792253e-04
-5.441167e+00	0.000000e+00	2.183882e+00	1.778489e-04
-5.424539e+00	0.000000e+00	2.112144e+00	1.763208e-04
-5.407796e+00	0.000000e+00	2.044519e+00	1.753698e-04
-5.390937e+00	0.000000e+00	1.980667e+00	1.745020e-04
-5.373961e+00	0.000000e+00	1.920308e+00	1.726407e-04
-5.356867e+00	0.000000e+00	1.863137e+00	1.702332e-04
-5.339655e+00	0.000000e+00	1.808939e+00	1.685014e-04
-5.322323e+00	0.000000e+00	1.757409e+00	1.663356e-04
-5.304871e+00	0.000000e+00	1.708408e+00	1.643821e-04
-5.287299e+00	0.000000e+00	1.661766e+00	1.628049e-04
-5.269604e+00	0.000000e+00	1.617299e+00	1.615910e-04
-5.251787e+00	0.000000e+00	1.575007e+00	1.612344e-04
-5.233846e+00	0.000000e+00	1.534652e+00	1.610970e-04
-5.215781e+00	0.000000e+00	1.496041e+00	1.607438e-04
-5.197591e+00	0.000000e+00	1.459069e+00	1.603211e-04
-5.179275e+00	0.000000e+00	1.423615e+00	1.597162e-04
-5.160832e+00	0.000000e+00	1.389580e+00	1.586494e-04
-5.142261e+00	0.000000e+00	1.356882e+00	1.571112e-04
-5.123561e+00	0.000000e+00	1.325458e+00	1.559773e-04
-5.104731e+00	0.000000e+00	1.295352e+00	1.555362e-04
-5.085771e+00	0.000000e+00	1.266396e+00	1.550263e-04
-5.066680e+00	0.000000e+00	1.238499e+00	1.545444e-04
-5.047456e+00	0.000000e+00	1.211611e+00	1.541522e-04
-5.028099e+00	0.000000e+00	1.185701e+00	1.536168e-04
-5.008608e+00	0.000000e+00	1.160718e+00	1.526317e-04
-4.988982e+00	0.000000e+00	1.136568e+00	1.516119e-04
-4.969219e+00	0.000000e+00	1.113209e+00	1.503953e-04
-4.949320e+00	0.000000e+00	1.090615e+00	1.490656e-04
-4.929283e+00	0.000000e+00	1.068767e+00	1.477545e-04
-4.909107e+00	0.000000e+00	1.047626e+00	1.468384e-04
-4.888791e+00	0.000000e+00	1.027142e+00	1.456953e-04
-4.868334e+00	0.000000e+00	1.007274e+00	1.444092e-04
-4.847735e+00	0.000000e+00	9.879957e-01	1.430491e-04
-4.826994e+00	0.000000e+00	9.692824e-01	1.413669e-04
-4.806109e+00	0.000000e+00	9.511169e-01	1.395894e-04
-4.785079e+00	0.000000e+00	9.334809e-01	1.378215e-04
-4.763903e+00	0.000000e+00	9.163579e-01	1.360274e-04
-4.742581e+00	0.000000e+00	8.997185e-01	1.342337e-04
-4.721110e+00	0.000000e+00	8.835393e-01	1.326840e-04
-4.699491e+00	0.000000e+00	8.678086e-01	1.310489e-04
-4.677722e+00	0.000000e+00	8.525497e-01	1.296714e-04
-4.655802e+00	0.000000e+00	8.376906e-01	1.283168e-04
-4.633731e+00	0.000000e+00	8.232172e-01	1.269097e-04
-4.611506e+00	0.000000e+00	8.091190e-01	1.253346e-04
-4.589127e+00	0.000000e+00	7.954028e-01	1.237443e-04
-4.566593e+00	0.000000e+00	7.820607e-01	1.222289e-04
-4.543903e+00	0.000000e+00	7.691120e-01	1.210257e-04
-4.521055e+00	0.000000e+00	7.564865e-01	1.198377e-04
-4.498050e+00	0.000000e+00	7.441700e-01	1.185347e-04
-4.474884e+00	0.000000e+00	7.321438e-01	1.172363e-04
-4.451558e+00	0.000000e+00	7.203977e-01	1.159487e-04
-4.428071e+00	0.000000e+00	7.089335e-01	1.145117e-04
-4.404421e+00	0.000000e+00	6.977388e-01	1.129845e-04
-4.380606e+00	0.000000e+00	6.868062e-01	1.114829e-04
-4.356627e+00	0.000000e+00	6.761234e-01	1.100134e-04
-4.332481e+00	0.000000e+00	6.656789e-01	1.085667e-04
-4.308168e+00	0.000000e+00	6.554673e-01	1.070715e-04
-4.283687e+00	0.000000e+00	6.454812e-01	1.055733e-04
-4.259036e+00	0.000000e+00	6.357184e-01	1.040310e-04
-4.234214e+00	0.000000e+00	6.261685e-01	1.024429e-04
-4.209219e+00	0.000000e+00	6.168367e-01	1.008843e-04
-4.184052e+00	0.000000e+00	6.077219e-01	9.946915e-05
-4.158710e+00	0.000000e+00	5.988040e-01	9.803131e-05
-4.133193e+00	0.000000e+00	5.900787e-01	9.651056e-05
-4.107498e+00	0.000000e+00	5.815559e-01	9.506951e-05
-4.081626e+00	0.000000e+00	5.732200e-01	9.364552e-05
-4.055574e+00	0.000000e+00	5.650528e-01	9.211649e-05
-4.029342e+00	0.000000e+00	5.570487e-01	9.061776e-05
-4.002928e+00	0.000000e+00	5.492040e-01	8.913124e-05
-3.976330e+00	0.000000e+00	5.415179e-01	8.763094e-05
-3.949549e+00	0.000000e+00	5.339853e-01	8.609271e-05
-3.922581e+00	0.000000e+00	5.266180e-01	8.459618e-05
-3.895427e+00	0.000000e+00	5.194013e-01	8.307767e-05
-3.868085e+00	0.000000e+00	5.123326e-01	8.156116e-05
-3.840553e+00	0.000000e+00	5.054011e-01	8.004239e-05
-3.812830e+00	0.000000e+00	4.986207e-01	7.862685e-05
-3.784915e+00	0.000000e+00	4.919846e-01	7.724196e-05
-3.756806e+00	0.000000e+00	4.854744e-01	7.581593e-05
-3.728503e+00	0.000000e+00	4.790853e-01	7.435716e-05
-3.700003e+00	0.000000e+00	4.728129e-01	7.288955e-05
-3.671306e+00	0.000000e+00	4.666819e-01	7.154159e-05
-3.642410e+00	0.000000e+00	4.606777e-01	7.027166e-05
-3.613314e+00	0.000000e+00	4.547829e-01	6.900311e-05
-3.584016e+00	0.000000e+00	4.489908e-01	6.768844e-05
-3.554515e+00	0.000000e+00	4.433056e-01	6.636952e-05
-3.524809e+00	0.000000e+00	4.377224e-01	6.502213e-05
-3.494898e+00	0.000000e+00	4.322369e-01	6.365499e-05
-3.464779e+00	0.000000e+00	4.268475e-01	6.224272e-05
-3.434451e+00	0.000000e+00	4.215491e-01	6.083483e-05
-3.403914e+00	0.000000e+00	4.163515e-01	5.944929e-05
-3.373164e+00	0.000000e+00	4.112491e-01	5.808962e-05
-3.342201e+00	0.000000e+00	4.062440e-01	5.675574e-05
-3.311024e+00	0.000000e+00	4.013284e-01	5.545157e-05
-3.279631e+00	0.000000e+00	3.964951e-01	5.412541e-05
-3.248020e+00	0.000000e+00	3.917566e-01	5.283040e-05
-3.216190e+00	0.000000e+00	3.870966e-01	5.156039e-05
-3.184139e+00	0.000000e+00	3.825143e-01	5.027370e-05
-3.151866e+00	0.000000e+00	3.780155e-01	4.897095e-05
-3.119370e+00	0.000000e+00	3.736000e-01	4.770915e-05
-3.086648e+00	0.000000e+00	3.692621e-01	4.645121e-05
-3.053699e+00	0.000000e+00	3.650002e-01	4.521360e-05
-3.020522e+00	0.000000e+00	3.608061e-01	4.397006e-05
-2.987115e+00	0.000000e+00	3.566943e-01	4.277457e-05
-2.953476e+00	0.000000e+00	3.526612e-01	4.156238e-05
-2.919605e+00	0.000000e+00	3.486909e-01	4.032589e-05
-2.885498e+00	0.000000e+00	3.447861e-01	3.910663e-05
-2.851155e+00	0.000000e+00	3.409473e-01	3.789915e-05
-2.816574e+00	0.000000e+00	3.371707e-01	3.669783e-05
-2.781753e+00	0.000000e+00	3.334619e-01	3.554115e-05
-2.746691e+00	0.000000e+00	3.298291e-01	3.445446e-05
-2.711386e+00	0.000000e+00	3.262514e-01	3.333485e-05
-2.675836e+00	0.000000e+00	3.227284e-01	3.219210e-05
-2.640040e+00	0.000000e+00	3.192589e-01	3.107050e-05
-2.603996e+00	0.000000e+00	3.158499e-01	2.997999e-05
-2.567701e+00	0.000000e+00	3.125050e-01	2.890390e-05
-2.531156e+00	0.000000e+00	3.092142e-01	2.781190e-05
-2.494356e+00	0.000000e+00	3.059741e-01	2.672928e-05
-2.457302e+00	0.000000e+00	3.027889e-01	2.566306e-05
-2.419991e+00	0.000000e+00	2.996679e-01	2.468144e-05
-2.382421e+00	0.000000e+00	2.965927e-01	2.366712e-05
-2.344591e+00	0.000000e+00	2.935605e-01	2.264186e-05
-2.306499e+00	0.000000e+00	2.905724e-01	2.162223e-05
-2.268143e+00	0.000000e+00	2.876294e-01	2.058378e-05
-2.229520e+00	0.000000e+00	2.847281e-01	1.954293e-05
-2.190630e+00	0.000000e+00	2.818685e-01	1.849828e-05
-2.151471e+00	0.000000e+00	2.790619e-01	1.750637e-05
-2.112040e+00	0.000000e+00	2.763010e-01	1.653138e-05
-2.072335e+00	0.000000e+00	2.735919e-01	1.561878e-05
-2.032356e+00	0.000000e+00	2.709220e-01	1.470271e-05
-1.992099e+00	0.000000e+00	2.682887e-01	1.376991e-05
-1.951563e+00	0.000000e+00	2.656932e-01	1.284799e-05
-1.910747e+00	0.000000e+00	2.631471e-01	1.195894e-05
-1.869647e+00	0.000000e+00	2.606474e-01	1.110062e-05
-1.828263e+00	0.000000e+00	2.581855e-01	1.026872e-05
-1.786591e+00	0.000000e+00	2.557672e-01	9.462860e-06
-1.744631e+00	0.000000e+00	2.533858e-01	8.665376e-06
-1.702380e+00	0.000000e+00	2.510377e-01	7.869047e-06
-1.659836e+00	0.000000e+00	2.487216e-01	7.070235e-06
-1.616997e+00	0.000000e+00	2.464425e-01	6.308870e-06
-1.573861e+00	0.000000e+00	2.442031e-01	5.597581e-06
-1.530427e+00	0.000000e+00	2.420037e-01	4.922709e-06
-1.486691e+00	0.000000e+00	2.398348e-01	4.265697e-06
-1.442652e+00	0.000000e+00	2.376970e-01	3.624816e-06
-1.398307e+00	0.000000e+00	2.355861e-01	2.986697e-06
-1.353656e+00	0.000000e+00	2.335051e-01	2.367728e-06
-1.308694e+00	0.000000e+00	2.314546e-01	1.775603e-06
-1.263422e+00	0.000000e+00	2.294370e-01	1.224319e-06
-1.217835e+00	0.000000e+00	2.274507e-01	6.905262e-07
-1.171932e+00	0.000000e+00	2.254943e-01	1.958741e-07
-1.125711e+00	0.000000e+00	2.235627e-01	-2.810246e-07
-1.079170e+00	0.000000e+00	2.216665e-01	-6.766127e-07
-1.032306e+00	0.000000e+00	2.197989e-01	-1.027209e-06
-9.851177e-01	0.000000e+00	2.179604e-01	-1.324497e-06
-9.376020e-01	0.000000e+00	2.161444e-01	-1.591411e-06
-8.897568e-01	0.000000e+00	2.143534e-01	-1.802676e-06
-8.415800e-01	0.000000e+00	2.125907e-01	-1.932689e-06
-7.930693e-01	0.000000e+00	2.108519e-01	-2.011327e-06
-7.442223e-01	0.000000e+00	2.091347e-01	-2.020566e-06
-6.950367e-01	0.000000e+00	2.074427e-01	-1.945454e-06
-6.455102e-01	0.000000e+00	2.057731e-01	-1.780398e-06
-5.956404e-01	0.000000e+00	2.041283e-01	-1.485066e-06
-5.454249e-01	0.000000e+00	2.025115e-01	-1.034458e-06
-4.948613e-01	0.000000e+00	2.009181e-01	-4.210055e-07
-4.439472e-01	0.000000e+00	1.993458e-01	3.711566e-07
-3.926803e-01	0.000000e+00	1.977926e-01	1.389703e-06
-3.410579e-01	0.000000e+00	1.962581e-01	2.696929e-06
-2.890777e-01	0.000000e+00	1.947415e-01	4.360654e-06
-2.367372e-01	0.000000e+00	1.932420e-01	6.515388e-06
-1.840339e-01	0.000000e+00	1.917621e-01	9.358417e-06
-1.309653e-01	0.000000e+00	1.903025e-01	1.333191e-05
-7.752883e-02	0.000000e+00	1.888557e-01	1.918872e-05
-2.372195e-02	0.000000e+00	1.874175e-01	3.028503e-05
3.045790e-02	0.000000e+00	1.859738e-01	3.215792e-05
8.501330e-02	0.000000e+00	1.845368e-01	-1.870606e-05
1.399469e-01	0.000000e+00	1.831335e-01	-8.442853e-05
1.952612e-01	0.000000e+00	1.817612e-01	-1.599309e-04
2.509590e-01	0.000000e+00	1.804178e-01	-2.424648e-04
3.070428e-01	0.000000e+00	1.791020e-01	-3.302023e-04
3.635154e-01	0.000000e+00	1.778142e-01	-4.218227e-04
4.203795e-01	0.000000e+00	1.765515e-01	-5.162967e-04
4.776377e-01	0.000000e+00	1.753150e-01	-6.128446e-04
5.352928e-01	0.000000e+00	1.741025e-01	-7.107842e-04
5.933476e-01	0.000000e+00	1.729144e-01	-8.095987e-04
6.518048e-01	0.000000e+00	1.717490e-01	-9.088170e-04
7.106671e-01	0.000000e+00	1.706066e-01	-1.008085e-03
7.699375e-01	0.000000e+00	1.694861e-01	-1.107065e-03
8.296188e-01	0.000000e+00	1.683866e-01	-1.205473e-03
8.897137e-01	0.000000e+00	1.673086e-01	-1.303104e-03
9.502252e-01	0.000000e+00	1.662507e-01	-1.399731e-03
1.011156e+00	0.000000e+00	1.652131e-01	-1.495228e-03
1.072509e+00	0.000000e+00	1.641951e-01	-1.589433e-03
1.134288e+00	0.000000e+00	1.631958e-01	-1.682203e-03
1.196495e+00	0.000000e+00	1.622147e-01	-1.773411e-03
1.259133e+00	0.000000e+00	1.612519e-01	-1.863004e-03
1.322205e+00	0.000000e+00	1.603069e-01	-1.950916e-03
1.385714e+00	0.000000e+00	1.593787e-01	-2.037030e-03
1.449664e+00	0.000000e+00	1.584676e-01	-2.121340e-03
1.514057e+00	0.000000e+00	1.575734e-01	-2.203834e-03
1.578896e+00	0.000000e+00	1.566953e-01	-2.284443e-03
1.644185e+00	0.000000e+00	1.558327e-01	-2.363100e-03
1.709926e+00	0.000000e+00	1.549856e-01	-2.439812e-03
1.776123e+00	0.000000e+00	1.541535e-01	-2.514568e-03
1.842779e+00	0.000000e+00	1.533364e-01	-2.587390e-03
1.909896e+00	0.000000e+00	1.525338e-01	-2.658274e-03
1.977479e+00	0.000000e+00	1.517454e-01	-2.727212e-03
2.045531e+00	0.000000e+00	1.509709e-01	-2.794192e-03
2.114054e+00	0.000000e+00	1.502098e-01	-2.859200e-03
2.183052e+00	0.000000e+00	1.494620e-01	-2.922257e-03
2.252529e+00	0.000000e+00	1.487271e-01	-2.983374e-03
2.322487e+00	0.000000e+00	1.480050e-01	-3.042578e-03
2.392930e+00	0.000000e+00	1.472955e-01	-3.099915e-03
2.463861e+00	0.000000e+00	1.465983e-01	-3.155371e-03
2.535284e+00	0.000000e+00	1.459132e-01	-3.208965e-03
2.607202e+00	0.000000e+00	1.452398e-01	-3.260731e-03
2.679619e+00	0.000000e+00	1.445780e-01	-3.310697e-03
2.752537e+00	0.000000e+00	1.439277e-01	-3.358883e-03
2.825961e+00	0.000000e+00	1.432886e-01	-3.405349e-03
2.899894e+00	0.000000e+00	1.426604e-01	-3.450085e-03
2.974340e+00	0.000000e+00	1.420429e-01	-3.493126e-03
3.049301e+00	0.000000e+00	1.414359e-01	-3.534495e-03
3.124782e+00	0.000000e+00	1.408392e-01	-3.574200e-03
3.200786e+00	0.000000e+00	1.402527e-01	-3.612274e-03
3.277317e+00	0.000000e+00	1.396760e-01	-3.648723e-03
3.354379e+00	0.000000e+00	1.391091e-01	-3.683597e-03
3.431975e+00	0.000000e+00	1.385518e-01	-3.716926e-03
3.510108e+00	0.000000e+00	1.380041e-01	-3.748767e-03
3.588783e+00	0.000000e+00	1.374656e-01	-3.779143e-03
3.668004e+00	0.000000e+00	1.369362e-01	-3.808049e-03
3.747774e+00	0.000000e+00	1.364157e-01	-3.835532e-03
3.828096e+00	0.000000e+00	1.359041e-01	-3.861670e-03
3.908976e+00	0.000000e+00	1.354010e-01	-3.886433e-03
3.990416e+00	0.000000e+00	1.349065e-01	-3.909886e-03
4.072420e+00	0.000000e+00	1.344202e-01	-3.932035e-03
4.154993e+00	0.000000e+00	1.339422e-01	-3.952871e-03
4.238138e+00	0.000000e+00	1.334721e-01	-3.972426e-03
4.321860e+00	0.000000e+00	1.330101e-01	-3.990754e-03
4.406162e+00	0.000000e+00	1.325558e-01	-4.007892e-03
4.491048e+00	0.000000e+00	1.321091e-01	-4.023864e-03
4.576523e+00	0.000000e+00	1.316700e-01	-4.038694e-03
4.662590e+00	0.000000e+00	1.312382e-01	-4.052389e-03
4.749254e+00	0.000000e+00	1.308138e-01	-4.064982e-03
4.836519e+00	0.000000e+00	1.303965e-01	-4.076515e-03
4.924388e+00	0.000000e+00	1.299862e-01	-4.087016e-03
5.012867e+00	0.000000e+00	1.295829e-01	-4.096491e-03
5.101958e+00	0.000000e+00	1.291863e-01	-4.104957e-03
5.191668e+00	0.000000e+00	1.287965e-01	-4.112454e-03
5.281999e+00	0.000000e+00	1.284133e-01	-4.118996e-03
5.372956e+00	0.000000e+00	1.280366e-01	-4.124619e-03
5.464544e+00	0.000000e+00	1.276663e-01	-4.129339e-03
5.556767e+00	0.000000e+00	1.273023e-01	-4.133188e-03
5.649629e+00	0.000000e+00	1.269444e-01	-4.136190e-03
5.743134e+00	0.000000e+00	1.265927e-01	-4.138349e-03
5.837288e+00	0.000000e+00	1.262469e-01	-4.139676e-03
5.932095e+00	0.000000e+00	1.259070e-01	-4.140211e-03
6.027558e+00	0.000000e+00	1.255730e-01	-4.139963e-03
6.123684e+00	0.000000e+00	1.252447e-01	-4.138952e-03
6.220475e+00	0.000000e+00	1.249220e-01	-4.137217e-03
6.317938e+00	0.000000e+00	1.246049e-01	-4.134766e-03
6.416076e+00	0.000000e+00	1.242933e-01	-4.131626e-03
6.514894e+00	0.000000e+00	1.239870e-01	-4.127825e-03
6.614398e+00	0.000000e+00	1.236859e-01	-4.123375e-03
6.714591e+00	0.000000e+00	1.233901e-01	-4.118289e-03
6.815478e+00	0.000000e+00	1.230993e-01	-4.112574e-03
6.917065e+00	0.000000e+00	1.228137e-01	-4.106239e-03
7.019356e+00	0.000000e+00	1.225331e-01	-4.099315e-03
7.122357e+00	0.000000e+00	1.222573e-01	-4.091836e-03
7.226071e+00	0.000000e+00	1.219864e-01	-4.083798e-03
7.330504e+00	0.000000e+00	1.217203e-01	-4.075203e-03
7.435661e+00	0.000000e+00	1.214588e-01	-4.066073e-03
7.541546e+00	0.000000e+00	1.212020e-01	-4.056443e-03
7.648166e+00	0.000000e+00	1.209498e-01	-4.046321e-03
7.755525e+00	0.000000e+00	1.207020e-01	-4.035718e-03
7.863628e+00	0.000000e+00	1.204587e-01	-4.024644e-03
7.972480e+00	0.000000e+00	1.202198e-01	-4.013135e-03
8.082087e+00	0.000000e+00	1.199851e-01	-4.001185e-03
8.192454e+00	0.000000e+00	1.197546e-01	-3.988820e-03
8.303586e+00	0.000000e+00	1.195282e-01	-3.976063e-03
8.415488e+00	0.000000e+00	1.193059e-01	-3.962928e-03
8.528165e+00	0.000000e+00	1.190876e-01	-3.949402e-03
8.641624e+00	0.000000e+00	1.188733e-01	-3.935508e-03
8.755869e+00	0.000000e+00	1.186629e-01	-3.921260e-03
8.870906e+00	0.000000e+00	1.184565e-01	-3.906657e-03
8.986741e+00	0.000000e+00	1.182539e-01	-3.891715e-03
9.103378e+00	0.000000e+00	1.180550e-01	-3.876451e-03
9.220824e+00	0.000000e+00	1.178598e-01	-3.860874e-03
9.339084e+00	0.000000e+00	1.176683e-01	-3.845002e-03
9.458164e+00	0.000000e+00	1.174805e-01	-3.828836e-03
9.578069e+00	0.000000e+00	1.172961e-01	-3.812392e-03
9.698805e+00	0.000000e+00	1.171153e-01	-3.795684e-03
9.820378e+00	0.000000e+00	1.169379e-01	-3.778728e-03
9.942794e+00	0.000000e+00	1.167639e-01	-3.761521e-03
1.006606e+01	0.000000e+00	1.165932e-01	-3.744072e-03
1.019018e+01	0.000000e+00	1.164258e-01	-3.726396e-03
1.031516e+01	0.000000e+00	1.162617e-01	-3.708503e-03
1.044100e+01	0.000000e+00	1.161008e-01	-3.690403e-03
1.056772e+01	0.000000e+00	1.159430e-01	-3.672115e-03
1.069532e+01	0.000000e+00	1.157883e-01	-3.653632e-03
1.082380e+01	0.000000e+00	1.156367e-01	-3.634958e-03
1.095317e+01	0.000000e+00	1.154881e-01	-3.616113e-03
1.108344e+01	0.000000e+00	1.153425e-01	-3.597104e-03
1.121461e+01	0.000000e+00	1.151997e-01	-3.577943e-03
1.134669e+01	0.000000e+00	1.150599e-01	-3.558642e-03
1.147968e+01	0.000000e+00	1.149229e-01	-3.539198e-03
1.161360e+01	0.000000e+00	1.147888e-01	-3.519613e-03
1.174845e+01	0.000000e+00	1.146575e-01	-3.499900e-03
1.188423e+01	0.000000e+00	1.145288e-01	-3.480065e-03
1.202095e+01	0.000000e+00	1.144029e-01	-3.460112e-03
1.215862e+01	0.000000e+00	1.142797e-01	-3.440049e-03
1.229724e+01	0.000000e+00	1.141590e-01	-3.419882e-03
1.243683e+01	0.000000e+00	1.140409e-01	-3.399622e-03
1.257738e+01	0.000000e+00	1.139255e-01	-3.379271e-03
1.271891e+01	0.000000e+00	1.138124e-01	-3.358836e-03
1.286141e+01	0.000000e+00	1.137019e-01	-3.338329e-03
1.300491e+01	0.000000e+00	1.135939e-01	-3.317750e-03
1.314940e+01	0.000000e+00	1.134882e-01	-3.297108e-03
1.329489e+01	0.000000e+00	1.133849e-01	-3.276410e-03
1.344139e+01	0.000000e+00	1.132838e-01	-3.255661e-03
1.358891e+01	0.000000e+00	1.131851e-01	-3.234865e-03
1.373744e+01	0.000000e+00	1.130887e-01	-3.214026e-03
1.388701e+01	0.000000e+00	1.129946e-01	-3.193149e-03
1.403762e+01	0.000000e+00	1.129026e-01	-3.172245e-03
1.418926e+01	0.000000e+00	1.128128e-01	-3.151323e-03
1.434196e+01	0.000000e+00	1.127250e-01	-3.130380e-03
1.449572e+01	0.000000e+00	1.126394e-01	-3.109418e-03
1.465055e+01	0.000000e+00	1.125559e-01	-3.088440e-03
1.480644e+01	0.000000e+00	1.124744e-01	-3.067451e-03
1.496342e+01	0.000000e+00	1.123949e-01	-3.046457e-03
1.512149e+01	0.000000e+00	1.123174e-01	-3.025459e-03
1.528065e+01	0.000000e+00	1.122418e-01	-3.004463e-03
1.544091e+01	0.000000e+00	1.121682e-01	-2.983475e-03
1.560229e+01	0.000000e+00	1.120965e-01	-2.962496e-03
1.576478e+01	0.000000e+00	1.120266e-01	-2.941532e-03
1.592840e+01	0.000000e+00	1.119586e-01	-2.920587e-03
1.609316e+01	0.000000e+00	1.118924e-01	-2.899667e-03
1.625905e+01	0.000000e+00	1.118281e-01	-2.878779e-03
1.642610e+01	0.000000e+00	1.117655e-01	-2.857923e-03
1.659431e+01	0.000000e+00	1.117047e-01	-2.837097e-03
1.676368e+01	0.000000e+00	1.116455e-01	-2.816306e-03
1.693422e+01	0.000000e+00	1.115881e-01	-2.795553e-03
1.710595e+01	0.000000e+00	1.115323e-01	-2.774839e-03
1.727886e+01	0.000000e+00	1.114781e-01	-2.754168e-03
1.745298e+01	0.000000e+00	1.114255e-01	-2.733543e-03
1.762830e+01	0.000000e+00	1.113746e-01	-2.712968e-03
1.780484e+01	0.000000e+00	1.113251e-01	-2.692446e-03
1.798260e+01	0.000000e+00	1.112773e-01	-2.671976e-03
1.816160e+01	0.000000e+00	1.112309e-01	-2.651567e-03
1.834183e+01	0.000000e+00	1.111861e-01	-2.631218e-03
1.852331e+01	0.000000e+00	1.111427e-01	-2.610931e-03
1.870606e+01	0.000000e+00	1.111007e-01	-2.590710e-03
1.889006e+01	0.000000e+00	1.110602e-01	-2.570554e-03
1.907535e+01	0.000000e+00	1.110211e-01	-2.550466e-03
1.926192e+01	0.000000e+00	1.109834e-01	-2.530452e-03
1.944978e+01	0.000000e+00	1.109470e-01	-2.510512e-03
1.963894e+01	0.000000e+00	1.109120e-01	-2.490651e-03
1.982942e+01	0.000000e+00	1.108783e-01	-2.470868e-03
2.002121e+01	0.000000e+00	1.108459e-01	-2.451163e-03
2.021434e+01	0.000000e+00	1.108147e-01	-2.431540e-03
2.040880e+01	0.000000e+00	1.107849e-01	-2.412001e-03
2.060461e+01	0.000000e+00	1.107562e-01	-2.392547e-03
2.080178e+01	0.000000e+00	1.107288e-01	-2.373178e-03
2.100032e+01	0.000000e+00	1.107025e-01	-2.353895e-03
2.120023e+01	0.000000e+00	1.106775e-01	-2.334704e-03
2.140152e+01	0.000000e+00	1.106536e-01	-2.315603e-03
2.160422e+01	0.000000e+00	1.106310e-01	-2.296597e-03
2.180831e+01	0.000000e+00	1.106095e-01	-2.277685e-03
2.201383e+01	0.000000e+00	1.105891e-01	-2.258866e-03
2.222076e+01	0.000000e+00	1.105697e-01	-2.240140e-03
2.242913e+01	0.000000e+00	1.105514e-01	-2.221507e-03
2.263895e+01	0.000000e+00	1.105341e-01	-2.202971e-03
2.285022e+01	0.000000e+00	1.105179e-01	-2.184532e-03
2.306295e+01	0.000000e+00	1.105026e-01	-2.166191e-03
2.327716e+01	0.000000e+00	1.104884e-01	-2.147952e-03
2.349286e+01	0.000000e+00	1.104751e-01	-2.129812e-03
2.371005e+01	0.000000e+00	1.104628e-01	-2.111775e-03
2.392874e+01	0.000000e+00	1.104515e-01	-2.093840e-03
2.414895e+01	0.000000e+00	1.104410e-01	-2.076010e-03
2.437069e+01	0.000000e+00	1.104316e-01	-2.058287e-03
2.459396e+01	0.000000e+00	1.104230e-01	-2.040670e-03
2.481878e+01	0.000000e+00	1.104154e-01	-2.023163e-03
2.504516e+01	0.000000e+00	1.104087e-01	-2.005770e-03
2.527311e+01	0.000000e+00	1.104029e-01	-1.988482e-03
2.550264e+01	0.000000e+00	1.103979e-01	-1.971301e-03
2.573376e+01	0.000000e+00	1.103937e-01	-1.954226e-03
2.596648e+01	0.000000e+00	1.103903e-01	-1.937261e-03
2.620082e+01	0.000000e+00	1.103877e-01	-1.920405e-03
2.643678e+01	0.000000e+00	1.103859e-01	-1.903658e-03
2.667437e+01	0.000000e+00	1.103849e-01	-1.887022e-03
2.691362e+01	0.000000e+00	1.103846e-01	-1.870496e-03
2.715452e+01	0.000000e+00	1.103851e-01	-1.854080e-03
2.739709e+01	0.000000e+00	1.103862e-01	-1.837775e-03
2.764134e+01	0.000000e+00	1.103881e-01	-1.821579e-03
2.788728e+01	0.000000e+00	1.103908e-01	-1.805495e-03
2.813493e+01	0.000000e+00	1.103941e-01	-1.789525e-03
2.838430e+01	0.000000e+00	1.103981e-01	-1.773666e-03
2.863539e+01	0.000000e+00	1.104028e-01	-1.757919e-03
2.888823e+01	0.000000e+00	1.104081e-01	-1.742284e-03
2.914282e+01	0.000000e+00	1.104141e-01	-1.726762e-03
2.939917e+01	0.000000e+00	1.104207e-01	-1.711354e-03
2.965730e+01	0.000000e+00	1.104280e-01	-1.696058e-03
2.991722e+01	0.000000e+00	1.104358e-01	-1.680875e-03
3.017894e+01	0.000000e+00	1.104443e-01	-1.665805e-03
3.044247e+01	0.000000e+00	1.104533e-01	-1.650847e-03
3.070784e+01	0.000000e+00	1.104629e-01	-1.636002e-03
3.097504e+01	0.000000e+00	1.104731e-01	-1.621270e-03
3.124409e+01	0.000000e+00	1.104838e-01	-1.606654e-03
3.151501e+01	0.000000e+00	1.104951e-01	-1.592149e-03
3.178780e+01	0.000000e+00	1.105070e-01	-1.577756e-03
3.206249e+01	0.000000e+00	1.105193e-01	-1.563475e-03
3.233908e+01	0.000000e+00	1.105322e-01	-1.549304e-03
3.261759e+01	0.000000e+00	1.105455e-01	-1.535246e-03
3.289803e+01	0.000000e+00	1.105594e-01	-1.521299e-03
3.318041e+01	0.000000e+00	1.105737e-01	-1.507463e-03
3.346475e+01	0.000000e+00	1.105885e-01	-1.493736e-03
3.375106e+01	0.000000e+00	1.106036e-01	-1.480120e-03
3.403936e+01	0.000000e+00	1.106193e-01	-1.466614e-03
3.432965e+01	0.000000e+00	1.106354e-01	-1.453219e-03
3.462196e+01	0.000000e+00	1.106519e-01	-1.439935e-03
3.491629e+01	0.000000e+00	1.106690e-01	-1.426763e-03
3.521266e+01	0.000000e+00	1.106865e-01	-1.413704e-03
3.551109e+01	0.000000e+00	1.107044e-01	-1.400753e-03
3.581158e+01	0.000000e+00	1.107227e-01	-1.387910e-03
3.611416e+01	0.000000e+00	1.107414e-01	-1.375174e-03
3.641884e+01	0.000000e+00	1.107604e-01	-1.362544e-03
3.672562e+01	0.000000e+00	1.107797e-01	-1.350023e-03
3.703454e+01	0.000000e+00	1.107995e-01	-1.337607e-03
3.734559e+01	0.000000e+00	1.108196e-01	-1.325298e-03
3.765881e+01	0.000000e+00	1.108400e-01	-1.313094e-03
3.797419e+01	0.000000e+00	1.108607e-01	-1.300995e-03
3.829176e+01	0.000000e+00	1.108817e-01	-1.289002e-03
3.861153e+01	0.000000e+00	1.109031e-01	-1.277115e-03
3.893351e+01	0.000000e+00	1.109248e-01	-1.265332e-03
3.925773e+01	0.000000e+00	1.109468e-01	-1.253654e-03
3.958420e+01	0.000000e+00	1.109692e-01	-1.242079e-03
3.991293e+01	0.000000e+00	1.109918e-01	-1.230609e-03
4.024393e+01	0.000000e+00	1.110148e-01	-1.219244e-03
4.057724e+01	0.000000e+00	1.110381e-01	-1.207983e-03
4.091285e+01	0.000000e+00	1.110616e-01	-1.196823e-03
4.125079e+01	0.000000e+00	1.110855e-01	-1.185764e-03
4.159107e+01	0.000000e+00	1.111095e-01	-1.174804e-03
4.193371e+01	0.000000e+00	1.111338e-01	-1.163945e-03
4.227872e+01	0.000000e+00	1.111583e-01	-1.153185e-03
4.262613e+01	0.000000e+00	1.111831e-01	-1.142524e-03
4.297594e+01	0.000000e+00	1.112082e-01	-1.131961e-03
4.332818e+01	0.000000e+00	1.112334e-01	-1.121496e-03
4.368286e+01	0.000000e+00	1.112588e-01	-1.111128e-03
4.404000e+01	0.000000e+00	1.112845e-01	-1.100858e-03
4.439962e+01	0.000000e+00	1.113104e-01	-1.090683e-03
4.476173e+01	0.000000e+00	1.113365e-01	-1.080604e-03
4.512634e+01	0.000000e+00	1.113628e-01	-1.070620e-03
4.549349e+01	0.000000e+00	1.113893e-01	-1.060732e-03
4.586318e+01	0.000000e+00	1.114159e-01	-1.050937e-03
4.623543e+01	0.000000e+00	1.114428e-01	-1.041236e-03
4.661027e+01	0.000000e+00	1.114698e-01	-1.031627e-03
4.698770e+01	0.000000e+00	1.114970e-01	-1.022111e-03
4.736774e+01	0.000000e+00	1.115243e-01	-1.012687e-03
4.775043e+01	0.000000e+00	1.115519e-01	-1.003354e-03
4.813576e+01	0.000000e+00	1.115796e-01	-9.941117e-04
4.852377e+01	0.000000e+00	1.116074e-01	-9.849597e-04
4.891446e+01	0.000000e+00	1.116354e-01	-9.758969e-04
4.930786e+01	0.000000e+00	1.116635e-01	-9.669227e-04
4.970399e+01	0.000000e+00	1.116918e-01	-9.580366e-04
5.010287e+01	0.000000e+00	1.117202e-01	-9.492382e-04
5.050451e+01	0.000000e+00	1.117487e-01	-9.405271e-04
5.090894e+01	0.000000e+00	1.117773e-01	-9.319026e-04
5.131616e+01	0.000000e+00	1.118061e-01	-9.233634e-04
5.172621e+01	0.000000e+00	1.118350e-01	-9.149091e-04
5.213911e+01	0.000000e+00	1.118640e-01	-9.065397e-04
5.255486e+01	0.000000e+00	1.118930e-01	-8.982541e-04
5.297350e+01	0.000000e+00	1.119222e-01	-8.900517e-04
5.339504e+01	0.000000e+00	1.119515e-01	-8.819318e-04
5.381950e+01	0.000000e+00	1.119809e-01	-8.738938e-04
5.424690e+01	0.000000e+00	1.120103e-01	-8.659380e-04
5.467727e+01	0.000000e+00	1.120399e-01	-8.580629e-04
5.511062e+01	0.000000e+00	1.120695e-01	-8.502680e-04
5.554697e+01	0.000000e+00	1.120993e-01	-8.425529e-04
5.598635e+01	0.000000e+00	1.121291e-01	-8.349165e-04
5.642877e+01	0.000000e+00	1.121589e-01	-8.273582e-04
5.687426e+01	0.000000e+00	1.121888e-01	-8.198773e-04
5.732284e+01	0.000000e+00	1.122187e-01	-8.124733e-04
5.777453e+01	0.000000e+00	1.122487e-01	-8.051458e-04
5.822934e+01	0.000000e+00	1.122787e-01	-7.978940e-04
5.868732e+01	0.000000e+00	1.123088e-01	-7.907173e-04
5.914846e+01	0.000000e+00	1.123389e-01	-7.836158e-04
5.961280e+01	0.000000e+00	1.123691e-01	-7.765900e-04
6.008036e+01	0.000000e+00	1.123994e-01	-7.696388e-04
6.055116e+01	0.000000e+00	1.124298e-01	-7.627604e-04
6.102523e+01	0.000000e+00	1.124601e-01	-7.559539e-04
6.150258e+01	0.000000e+00	1.124905e-01	-7.492186e-04
6.198324e+01	0.000000e+00	1.125209e-01	-7.425540e-04
6.246723e+01	0.000000e+00	1.125513e-01	-7.359597e-04
6.295458e+01	0.000000e+00	1.125817e-01	-7.294350e-04
6.344530e+01	0.000000e+00	1.126121e-01	-7.229794e-04
6.393943e+01	0.000000e+00	1.126425e-01	-7.165927e-04
6.443698e+01	0.000000e+00	1.126730e-01	-7.102740e-04
6.493798e+01	0.000000e+00	1.127034e-01	-7.040227e-04
6.544245e+01	0.000000e+00	1.127339e-01	-6.978386e-04
6.595042e+01	0.000000e+00	1.127643e-01	-6.917207e-04
6.646191e+01	0.000000e+00	1.127948e-01	-6.856687e-04
6.697695e+01	0.000000e+00	1.128252e-01	-6.796821e-04
6.749556e+01	0.000000e+00	1.128557e-01	-6.737603e-04
6.801776e+01	0.000000e+00	1.128862e-01	-6.679027e-04
6.854358e+01	0.000000e+00	1.129166e-01	-6.621090e-04
6.907304e+01	0.000000e+00	1.129471e-01	-6.563784e-04
6.960618e+01	0.000000e+00	1.129775e-01	-6.507100e-04
7.014301e+01	0.000000e+00	1.130079e-01	-6.451033e-04
7.068356e+01	0.000000e+00	1.130383e-01	-6.395578e-04
7.122786e+01	0.000000e+00	1.130687e-01	-6.340730e-04
7.177594e+01	0.000000e+00	1.130990e-01	-6.286480e-04
7.232781e+01	0.000000e+00	1.131294e-01	-6.232827e-04
7.288350e+01	0.000000e+00	1.131596e-01	-6.179762e-04
7.344305e+01	0.000000e+00	1.131899e-01	-6.127282e-04
7.400648e+01	0.000000e+00	1.132201e-01	-6.075381e-04
7.457381e+01	0.000000e+00	1.132503e-01	-6.024055e-04
7.514508e+01	0.000000e+00	1.132805e-01	-5.973295e-04
7.572030e+01	0.000000e+00	1.133106e-01	-5.923099e-04
7.629951e+01	0.000000e+00	1.133407e-01	-5.873463e-04
7.688274e+01	0.000000e+00	1.133707e-01	-5.824377e-04
7.747001e+01	0.000000e+00	1.134007e-01	-5.775838e-04
7.806135e+01	0.000000e+00	1.134307e-01	-5.727843e-04
7.865679e+01	0.000000e+00	1.134606e-01	-5.680384e-04
7.925636e+01	0.000000e+00	1.134904e-01	-5.633456e-04
7.986008e+01	0.000000e+00	1.135203e-01	-5.587054e-04
8.046799e+01	0.000000e+00	1.135500e-01	-5.541173e-04
8.108011e+01	0.000000e+00	1.135797e-01	-5.495810e-04
8.169648e+01	0.000000e+00	1.136094e-01	-5.450959e-04
8.231711e+01	0.000000e+00	1.136390e-01	-5.406613e-04
8.294205e+01	0.000000e+00	1.136686e-01	-5.362769e-04
8.357132e+01	0.000000e+00	1.136981e-01	-5.319421e-04
8.420496e+01	0.000000e+00	1.137276e-01	-5.276566e-04
8.484298e+01	0.000000e+00	1.137570e-01	-5.234199e-04
8.548543e+01	0.000000e+00	1.137863e-01	-5.192314e-04
8.613233e+01	0.000000e+00	1.138156e-01	-5.150906e-04
8.678372e+01	0.000000e+00	1.138448e-01	-5.109970e-04
8.743962e+01	0.000000e+00	1.138739e-01	-5.069503e-04
8.810006e+01	0.000000e+00	1.139030e-01	-5.029500e-04
8.876509e+01	0.000000e+00	1.139321e-01	-4.989955e-04
8.943472e+01	0.000000e+00	1.139610e-01	-4.950864e-04
9.010900e+01	0.000000e+00	1.139899e-01	-4.912223e-04
9.078795e+01	0.000000e+00	1.140188e-01	-4.874026e-04
9.147160e+01	0.000000e+00	1.140475e-01	-4.836270e-04
