-1.434000e+01	0.000000e+00	-1.100144e-01	-5.025625e-11	4.925118e-01	-9.823183e-10
-1.433931e+01	0.000000e+00	-1.098417e-01	-5.008192e-11	4.925969e-01	-9.822763e-10
-1.433861e+01	0.000000e+00	-1.096702e-01	-4.990733e-11	4.926819e-01	-9.822301e-10
-1.433791e+01	0.000000e+00	-1.094999e-01	-4.973527e-11	4.927667e-01	-9.821807e-10
-1.433720e+01	0.000000e+00	-1.093307e-01	-4.956374e-11	4.928512e-01	-9.821275e-10
-1.433649e+01	0.000000e+00	-1.091629e-01	-4.939415e-11	4.929356e-01	-9.820705e-10
-1.433577e+01	0.000000e+00	-1.089963e-01	-4.922613e-11	4.930196e-01	-9.820099e-10
-1.433505e+01	0.000000e+00	-1.088311e-01	-4.905852e-11	4.931034e-01	-9.819452e-10
-1.433432e+01	0.000000e+00	-1.086674e-01	-4.889309e-11	4.931869e-01	-9.818765e-10
-1.433359e+01	0.000000e+00	-1.085050e-01	-4.872879e-11	4.932701e-01	-9.818031e-10
-1.433285e+01	0.000000e+00	-1.083442e-01	-4.856635e-11	4.933529e-01	-9.817260e-10
-1.433211e+01	0.000000e+00	-1.081850e-01	-4.840535e-11	4.934353e-01	-9.816441e-10
-1.433136e+01	0.000000e+00	-1.080274e-01	-4.824586e-11	4.935172e-01	-9.815575e-10
-1.433060e+01	0.000000e+00	-1.078714e-01	-4.808829e-11	4.935988e-01	-9.814664e-10
-1.432985e+01	0.000000e+00	-1.077172e-01	-4.793220e-11	4.936798e-01	-9.813700e-10
-1.432908e+01	0.000000e+00	-1.075647e-01	-4.777799e-11	4.937604e-01	-9.812689e-10
-1.432831e+01	0.000000e+00	-1.074141e-01	-4.762543e-11	4.938404e-01	-9.811625e-10
-1.432754e+01	0.000000e+00	-1.072654e-01	-4.747446e-11	4.939199e-01	-9.810507e-10
-1.432676e+01	0.000000e+00	-1.071187e-01	-4.732604e-11	4.939988e-01	-9.809338e-10
-1.432598e+01	0.000000e+00	-1.069739e-01	-4.717934e-11	4.940770e-01	-9.808112e-10
-1.432518e+01	0.000000e+00	-1.068313e-01	-4.703425e-11	4.941546e-01	-9.806827e-10
-1.432439e+01	0.000000e+00	-1.066908e-01	-4.689150e-11	4.942314e-01	-9.805483e-10
-1.432359e+01	0.000000e+00	-1.065525e-01	-4.675116e-11	4.943076e-01	-9.804079e-10
-1.432278e+01	0.000000e+00	-1.064164e-01	-4.661191e-11	4.943829e-01	-9.802612e-10
-1.432197e+01	0.000000e+00	-1.062827e-01	-4.647515e-11	4.944575e-01	-9.801079e-10
-1.432115e+01	0.000000e+00	-1.061514e-01	-4.634101e-11	4.945312e-01	-9.799488e-10
-1.432033e+01	0.000000e+00	-1.060226e-01	-4.620851e-11	4.946041e-01	-9.797824e-10
-1.431950e+01	0.000000e+00	-1.058963e-01	-4.607836e-11	4.946760e-01	-9.796087e-10
-1.431866e+01	0.000000e+00	-1.057726e-01	-4.595122e-11	4.947470e-01	-9.794288e-10
-1.431782e+01	0.000000e+00	-1.056516e-01	-4.582596e-11	4.948170e-01	-9.792415e-10
-1.431697e+01	0.000000e+00	-1.055333e-01	-4.570312e-11	4.948859e-01	-9.790465e-10
-1.431612e+01	0.000000e+00	-1.054178e-01	-4.558299e-11	4.949538e-01	-9.788442e-10
-1.431526e+01	0.000000e+00	-1.053053e-01	-4.546512e-11	4.950205e-01	-9.786338e-10
-1.431440e+01	0.000000e+00	-1.051957e-01	-4.534947e-11	4.950861e-01	-9.784152e-10
-1.431353e+01	0.000000e+00	-1.050892e-01	-4.523750e-11	4.951505e-01	-9.781892e-10
-1.431265e+01	0.000000e+00	-1.049858e-01	-4.512711e-11	4.952136e-01	-9.779541e-10
-1.431177e+01	0.000000e+00	-1.048856e-01	-4.502006e-11	4.952754e-01	-9.777108e-10
-1.431088e+01	0.000000e+00	-1.047887e-01	-4.491617e-11	4.953359e-01	-9.774588e-10
-1.430998e+01	0.000000e+00	-1.046952e-01	-4.481428e-11	4.953950e-01	-9.771979e-10
-1.430908e+01	0.000000e+00	-1.046051e-01	-4.471643e-11	4.954527e-01	-9.769279e-10
-1.430817e+01	0.000000e+00	-1.045185e-01	-4.462063e-11	4.955089e-01	-9.766485e-10
-1.430726e+01	0.000000e+00	-1.044356e-01	-4.452831e-11	4.955636e-01	-9.763596e-10
-1.430634e+01	0.000000e+00	-1.043564e-01	-4.443887e-11	4.956168e-01	-9.760608e-10
-1.430541e+01	0.000000e+00	-1.042810e-01	-4.435254e-11	4.956683e-01	-9.757521e-10
-1.430448e+01	0.000000e+00	-1.042094e-01	-4.426979e-11	4.957182e-01	-9.754339e-10
-1.430354e+01	0.000000e+00	-1.041418e-01	-4.418972e-11	4.957663e-01	-9.751048e-10
-1.430260e+01	0.000000e+00	-1.040783e-01	-4.411337e-11	4.958127e-01	-9.747653e-10
-1.430164e+01	0.000000e+00	-1.040190e-01	-4.404045e-11	4.958573e-01	-9.744152e-10
-1.430068e+01	0.000000e+00	-1.039639e-01	-4.397116e-11	4.959001e-01	-9.740542e-10
-1.429972e+01	0.000000e+00	-1.039131e-01	-4.390523e-11	4.959409e-01	-9.736819e-10
-1.429875e+01	0.000000e+00	-1.038668e-01	-4.384334e-11	4.959798e-01	-9.732984e-10
-1.429777e+01	0.000000e+00	-1.038250e-01	-4.378470e-11	4.960167e-01	-9.729034e-10
-1.429678e+01	0.000000e+00	-1.037878e-01	-4.372967e-11	4.960516e-01	-9.724966e-10
-1.429579e+01	0.000000e+00	-1.037554e-01	-4.367909e-11	4.960844e-01	-9.720775e-10
-1.429479e+01	0.000000e+00	-1.037278e-01	-4.363154e-11	4.961150e-01	-9.716468e-10
-1.429378e+01	0.000000e+00	-1.037051e-01	-4.358879e-11	4.961434e-01	-9.712034e-10
-1.429277e+01	0.000000e+00	-1.036875e-01	-4.354953e-11	4.961696e-01	-9.707476e-10
-1.429175e+01	0.000000e+00	-1.036750e-01	-4.351464e-11	4.961934e-01	-9.702791e-10
-1.429072e+01	0.000000e+00	-1.036678e-01	-4.348373e-11	4.962150e-01	-9.697973e-10
-1.428969e+01	0.000000e+00	-1.036659e-01	-4.345706e-11	4.962341e-01	-9.693024e-10
-1.428864e+01	0.000000e+00	-1.036695e-01	-4.343518e-11	4.962508e-01	-9.687943e-10
-1.428759e+01	0.000000e+00	-1.036787e-01	-4.341783e-11	4.962650e-01	-9.682727e-10
-1.428654e+01	0.000000e+00	-1.036935e-01	-4.340446e-11	4.962767e-01	-9.677372e-10
-1.428547e+01	0.000000e+00	-1.037141e-01	-4.339648e-11	4.962858e-01	-9.671878e-10
-1.428440e+01	0.000000e+00	-1.037407e-01	-4.339184e-11	4.962923e-01	-9.666240e-10
-1.428332e+01	0.000000e+00	-1.037732e-01	-4.339305e-11	4.962961e-01	-9.660466e-10
-1.428224e+01	0.000000e+00	-1.038119e-01	-4.339928e-11	4.962972e-01	-9.654541e-10
-1.428115e+01	0.000000e+00	-1.038568e-01	-4.341000e-11	4.962955e-01	-9.648471e-10
-1.428004e+01	0.000000e+00	-1.039081e-01	-4.342610e-11	4.962911e-01	-9.642257e-10
-1.427894e+01	0.000000e+00	-1.039659e-01	-4.344694e-11	4.962838e-01	-9.635886e-10
-1.427782e+01	0.000000e+00	-1.040302e-01	-4.347359e-11	4.962736e-01	-9.629367e-10
-1.427669e+01	0.000000e+00	-1.041013e-01	-4.350503e-11	4.962605e-01	-9.622694e-10
-1.427556e+01	0.000000e+00	-1.041792e-01	-4.354181e-11	4.962444e-01	-9.615866e-10
-1.427442e+01	0.000000e+00	-1.042641e-01	-4.358491e-11	4.962253e-01	-9.608886e-10
-1.427328e+01	0.000000e+00	-1.043561e-01	-4.363296e-11	4.962032e-01	-9.601745e-10
-1.427212e+01	0.000000e+00	-1.044552e-01	-4.368667e-11	4.961780e-01	-9.594444e-10
-1.427096e+01	0.000000e+00	-1.045617e-01	-4.374689e-11	4.961497e-01	-9.586988e-10
-1.426978e+01	0.000000e+00	-1.046756e-01	-4.381278e-11	4.961183e-01	-9.579368e-10
-1.426860e+01	0.000000e+00	-1.047971e-01	-4.388439e-11	4.960837e-01	-9.571585e-10
-1.426742e+01	0.000000e+00	-1.049263e-01	-4.396269e-11	4.960460e-01	-9.563642e-10
-1.426622e+01	0.000000e+00	-1.050634e-01	-4.404700e-11	4.960050e-01	-9.555529e-10
-1.426502e+01	0.000000e+00	-1.052083e-01	-4.413791e-11	4.959607e-01	-9.547256e-10
-1.426380e+01	0.000000e+00	-1.053614e-01	-4.423521e-11	4.959132e-01	-9.538811e-10
-1.426258e+01	0.000000e+00	-1.055225e-01	-4.433853e-11	4.958626e-01	-9.530207e-10
-1.426135e+01	0.000000e+00	-1.056919e-01	-4.444932e-11	4.958087e-01	-9.521444e-10
-1.426011e+01	0.000000e+00	-1.058698e-01	-4.456694e-11	4.957516e-01	-9.512510e-10
-1.425887e+01	0.000000e+00	-1.060563e-01	-4.469109e-11	4.956910e-01	-9.503402e-10
-1.425761e+01	0.000000e+00	-1.062515e-01	-4.482279e-11	4.956271e-01	-9.494128e-10
-1.425635e+01	0.000000e+00	-1.064555e-01	-4.496157e-11	4.955598e-01	-9.484686e-10
-1.425507e+01	0.000000e+00	-1.066685e-01	-4.510764e-11	4.954892e-01	-9.475072e-10
-1.425379e+01	0.000000e+00	-1.068907e-01	-4.526103e-11	4.954152e-01	-9.465288e-10
-1.425250e+01	0.000000e+00	-1.071221e-01	-4.542232e-11	4.953378e-01	-9.455336e-10
-1.425120e+01	0.000000e+00	-1.073628e-01	-4.559177e-11	4.952571e-01	-9.445220e-10
-1.424989e+01	0.000000e+00	-1.076131e-01	-4.576943e-11	4.951731e-01	-9.434932e-10
-1.424857e+01	0.000000e+00	-1.078730e-01	-4.595417e-11	4.950856e-01	-9.424475e-10
-1.424725e+01	0.000000e+00	-1.081426e-01	-4.614790e-11	4.949949e-01	-9.413849e-10
-1.424591e+01	0.000000e+00	-1.084222e-01	-4.634935e-11	4.949008e-01	-9.403059e-10
-1.424457e+01	0.000000e+00	-1.087117e-01	-4.655962e-11	4.948034e-01	-9.392101e-10
-1.424321e+01	0.000000e+00	-1.090114e-01	-4.677849e-11	4.947027e-01	-9.380975e-10
-1.424185e+01	0.000000e+00	-1.093214e-01	-4.700568e-11	4.945987e-01	-9.369684e-10
-1.424047e+01	0.000000e+00	-1.096418e-01	-4.724238e-11	4.944914e-01	-9.358234e-10
-1.423909e+01	0.000000e+00	-1.099727e-01	-4.748857e-11	4.943809e-01	-9.346618e-10
-1.423770e+01	0.000000e+00	-1.103143e-01	-4.774379e-11	4.942673e-01	-9.334841e-10
-1.423630e+01	0.000000e+00	-1.106667e-01	-4.800860e-11	4.941504e-01	-9.322905e-10
-1.423488e+01	0.000000e+00	-1.110300e-01	-4.828285e-11	4.940304e-01	-9.310807e-10
-1.423346e+01	0.000000e+00	-1.114043e-01	-4.856671e-11	4.939073e-01	-9.298553e-10
-1.423203e+01	0.000000e+00	-1.117898e-01	-4.886066e-11	4.937811e-01	-9.286144e-10
-1.423059e+01	0.000000e+00	-1.121866e-01	-4.916483e-11	4.936519e-01	-9.273579e-10
-1.422914e+01	0.000000e+00	-1.125948e-01	-4.947957e-11	4.935198e-01	-9.260864e-10
-1.422768e+01	0.000000e+00	-1.130146e-01	-4.980367e-11	4.933846e-01	-9.247998e-10
-1.422620e+01	0.000000e+00	-1.134460e-01	-5.013973e-11	4.932466e-01	-9.234980e-10
-1.422472e+01	0.000000e+00	-1.138891e-01	-5.048615e-11	4.931058e-01	-9.221821e-10
-1.422323e+01	0.000000e+00	-1.143442e-01	-5.084350e-11	4.929622e-01	-9.208515e-10
-1.422173e+01	0.000000e+00	-1.148113e-01	-5.121223e-11	4.928158e-01	-9.195065e-10
-1.422021e+01	0.000000e+00	-1.152904e-01	-5.159255e-11	4.926668e-01	-9.181480e-10
-1.421869e+01	0.000000e+00	-1.157819e-01	-5.198416e-11	4.925152e-01	-9.167754e-10
-1.421716e+01	0.000000e+00	-1.162856e-01	-5.238769e-11	4.923610e-01	-9.153892e-10
-1.421561e+01	0.000000e+00	-1.168019e-01	-5.280283e-11	4.922044e-01	-9.139899e-10
-1.421406e+01	0.000000e+00	-1.173307e-01	-5.323103e-11	4.920453e-01	-9.125780e-10
-1.421249e+01	0.000000e+00	-1.178721e-01	-5.367088e-11	4.918839e-01	-9.111528e-10
-1.421091e+01	0.000000e+00	-1.184264e-01	-5.412396e-11	4.917202e-01	-9.097156e-10
-1.420933e+01	0.000000e+00	-1.189935e-01	-5.458938e-11	4.915543e-01	-9.082660e-10
-1.420773e+01	0.000000e+00	-1.195736e-01	-5.506786e-11	4.913862e-01	-9.068043e-10
-1.420612e+01	0.000000e+00	-1.201668e-01	-5.555967e-11	4.912161e-01	-9.053312e-10
-1.420450e+01	0.000000e+00	-1.207731e-01	-5.606464e-11	4.910441e-01	-9.038466e-10
-1.420286e+01	0.000000e+00	-1.213928e-01	-5.658406e-11	4.908701e-01	-9.023515e-10
-1.420122e+01	0.000000e+00	-1.220257e-01	-5.711648e-11	4.906942e-01	-9.008451e-10
-1.419956e+01	0.000000e+00	-1.226722e-01	-5.766340e-11	4.905166e-01	-8.993283e-10
-1.419790e+01	0.000000e+00	-1.233321e-01	-5.822463e-11	4.903374e-01	-8.978012e-10
-1.419622e+01	0.000000e+00	-1.240057e-01	-5.880041e-11	4.901565e-01	-8.962644e-10
-1.419453e+01	0.000000e+00	-1.246930e-01	-5.939070e-11	4.899741e-01	-8.947180e-10
-1.419283e+01	0.000000e+00	-1.253941e-01	-5.999613e-11	4.897903e-01	-8.931625e-10
-1.419111e+01	0.000000e+00	-1.261090e-01	-6.061681e-11	4.896052e-01	-8.915981e-10
-1.418939e+01	0.000000e+00	-1.268379e-01	-6.125288e-11	4.894188e-01	-8.900248e-10
-1.418765e+01	0.000000e+00	-1.275807e-01	-6.190460e-11	4.892312e-01	-8.884431e-10
-1.418590e+01	0.000000e+00	-1.283376e-01	-6.257219e-11	4.890426e-01	-8.868539e-10
-1.418414e+01	0.000000e+00	-1.291087e-01	-6.325591e-11	4.888529e-01	-8.852563e-10
-1.418237e+01	0.000000e+00	-1.298939e-01	-6.395576e-11	4.886623e-01	-8.836515e-10
-1.418058e+01	0.000000e+00	-1.306934e-01	-6.467267e-11	4.884709e-01	-8.820398e-10
-1.417878e+01	0.000000e+00	-1.315072e-01	-6.540658e-11	4.882787e-01	-8.804210e-10
-1.417697e+01	0.000000e+00	-1.323353e-01	-6.615722e-11	4.880859e-01	-8.787958e-10
-1.417515e+01	0.000000e+00	-1.331779e-01	-6.692438e-11	4.878925e-01	-8.771641e-10
-1.417331e+01	0.000000e+00	-1.340348e-01	-6.770972e-11	4.876985e-01	-8.755267e-10
-1.417147e+01	0.000000e+00	-1.349063e-01	-6.851241e-11	4.875042e-01	-8.738835e-10
-1.416960e+01	0.000000e+00	-1.357923e-01	-6.933457e-11	4.873095e-01	-8.722350e-10
-1.416773e+01	0.000000e+00	-1.366927e-01	-7.017320e-11	4.871145e-01	-8.705811e-10
-1.416584e+01	0.000000e+00	-1.376076e-01	-7.103073e-11	4.869192e-01	-8.689218e-10
-1.416394e+01	0.000000e+00	-1.385370e-01	-7.190664e-11	4.867238e-01	-8.672580e-10
-1.416203e+01	0.000000e+00	-1.394811e-01	-7.280189e-11	4.865284e-01	-8.655897e-10
-1.416010e+01	0.000000e+00	-1.404399e-01	-7.371615e-11	4.863330e-01	-8.639174e-10
-1.415816e+01	0.000000e+00	-1.414133e-01	-7.464965e-11	4.861377e-01	-8.622414e-10
-1.415621e+01	0.000000e+00	-1.424014e-01	-7.560260e-11	4.859427e-01	-8.605616e-10
-1.415424e+01	0.000000e+00	-1.434041e-01	-7.657481e-11	4.857479e-01	-8.588780e-10
-1.415226e+01	0.000000e+00	-1.444216e-01	-7.756821e-11	4.855534e-01	-8.571917e-10
-1.415027e+01	0.000000e+00	-1.454537e-01	-7.858144e-11	4.853593e-01	-8.555022e-10
-1.414826e+01	0.000000e+00	-1.465005e-01	-7.961494e-11	4.851658e-01	-8.538101e-10
-1.414624e+01	0.000000e+00	-1.475620e-01	-8.066922e-11	4.849727e-01	-8.521154e-10
-1.414420e+01	0.000000e+00	-1.486381e-01	-8.174502e-11	4.847803e-01	-8.504184e-10
-1.414215e+01	0.000000e+00	-1.497289e-01	-8.284115e-11	4.845885e-01	-8.487191e-10
-1.414008e+01	0.000000e+00	-1.508343e-01	-8.395872e-11	4.843975e-01	-8.470180e-10
-1.413800e+01	0.000000e+00	-1.519543e-01	-8.509704e-11	4.842073e-01	-8.453148e-10
-1.413591e+01	0.000000e+00	-1.530888e-01	-8.625895e-11	4.840180e-01	-8.436103e-10
-1.413380e+01	0.000000e+00	-1.542379e-01	-8.744142e-11	4.838295e-01	-8.419043e-10
-1.413168e+01	0.000000e+00	-1.554014e-01	-8.864587e-11	4.836421e-01	-8.401972e-10
-1.412954e+01	0.000000e+00	-1.565794e-01	-8.987331e-11	4.834556e-01	-8.384886e-10
-1.412739e+01	0.000000e+00	-1.577718e-01	-9.112299e-11	4.832703e-01	-8.367793e-10
-1.412523e+01	0.000000e+00	-1.589785e-01	-9.239534e-11	4.830860e-01	-8.350691e-10
-1.412304e+01	0.000000e+00	-1.601995e-01	-9.369043e-11	4.829030e-01	-8.333582e-10
-1.412085e+01	0.000000e+00	-1.614348e-01	-9.500787e-11	4.827212e-01	-8.316465e-10
-1.411863e+01	0.000000e+00	-1.626842e-01	-9.634959e-11	4.825407e-01	-8.299344e-10
-1.411641e+01	0.000000e+00	-1.639477e-01	-9.771337e-11	4.823615e-01	-8.282219e-10
-1.411416e+01	0.000000e+00	-1.652252e-01	-9.910113e-11	4.821836e-01	-8.265093e-10
-1.411190e+01	0.000000e+00	-1.665167e-01	-1.005128e-10	4.820072e-01	-8.247965e-10
-1.410963e+01	0.000000e+00	-1.678219e-01	-1.019477e-10	4.818322e-01	-8.230835e-10
-1.410734e+01	0.000000e+00	-1.691410e-01	-1.034062e-10	4.816587e-01	-8.213705e-10
-1.410503e+01	0.000000e+00	-1.704736e-01	-1.048890e-10	4.814867e-01	-8.196578e-10
-1.410271e+01	0.000000e+00	-1.718199e-01	-1.063960e-10	4.813163e-01	-8.179451e-10
-1.410037e+01	0.000000e+00	-1.731795e-01	-1.079265e-10	4.811475e-01	-8.162326e-10
-1.409802e+01	0.000000e+00	-1.745526e-01	-1.094816e-10	4.809802e-01	-8.145202e-10
-1.409565e+01	0.000000e+00	-1.759390e-01	-1.110606e-10	4.808146e-01	-8.128080e-10
-1.409326e+01	0.000000e+00	-1.773384e-01	-1.126644e-10	4.806507e-01	-8.110964e-10
-1.409086e+01	0.000000e+00	-1.787508e-01	-1.142919e-10	4.804885e-01	-8.093849e-10
-1.408844e+01	0.000000e+00	-1.801760e-01	-1.159445e-10	4.803280e-01	-8.076741e-10
-1.408600e+01	0.000000e+00	-1.816138e-01	-1.176204e-10	4.801694e-01	-8.059638e-10
-1.408355e+01	0.000000e+00	-1.830641e-01	-1.193215e-10	4.800125e-01	-8.042540e-10
-1.408108e+01	0.000000e+00	-1.845268e-01	-1.210470e-10	4.798574e-01	-8.025447e-10
-1.407859e+01	0.000000e+00	-1.860016e-01	-1.227963e-10	4.797042e-01	-8.008360e-10
-1.407608e+01	0.000000e+00	-1.874885e-01	-1.245704e-10	4.795529e-01	-7.991280e-10
-1.407356e+01	0.000000e+00	-1.889871e-01	-1.263678e-10	4.794035e-01	-7.974205e-10
-1.407102e+01	0.000000e+00	-1.904974e-01	-1.281899e-10	4.792560e-01	-7.957136e-10
-1.406846e+01	0.000000e+00	-1.920190e-01	-1.300360e-10	4.791104e-01	-7.940075e-10
-1.406589e+01	0.000000e+00	-1.935519e-01	-1.319053e-10	4.789668e-01	-7.923019e-10
-1.406330e+01	0.000000e+00	-1.950958e-01	-1.337990e-10	4.788251e-01	-7.905969e-10
-1.406069e+01	0.000000e+00	-1.966504e-01	-1.357155e-10	4.786854e-01	-7.888924e-10
-1.405806e+01	0.000000e+00	-1.982157e-01	-1.376565e-10	4.785477e-01	-7.871885e-10
-1.405541e+01	0.000000e+00	-1.997913e-01	-1.396202e-10	4.784119e-01	-7.854848e-10
-1.405274e+01	0.000000e+00	-2.013769e-01	-1.416064e-10	4.782782e-01	-7.837820e-10
-1.405006e+01	0.000000e+00	-2.029722e-01	-1.436156e-10	4.781465e-01	-7.820796e-10
-1.404736e+01	0.000000e+00	-2.045770e-01	-1.456473e-10	4.780169e-01	-7.803778e-10
-1.404463e+01	0.000000e+00	-2.061910e-01	-1.477004e-10	4.778894e-01	-7.786764e-10
-1.404189e+01	0.000000e+00	-2.078138e-01	-1.497756e-10	4.777639e-01	-7.769756e-10
-1.403913e+01	0.000000e+00	-2.094452e-01	-1.518715e-10	4.776406e-01	-7.752753e-10
-1.403635e+01	0.000000e+00	-2.110848e-01	-1.539884e-10	4.775194e-01	-7.735754e-10
-1.403356e+01	0.000000e+00	-2.127322e-01	-1.561255e-10	4.774003e-01	-7.718758e-10
-1.403074e+01	0.000000e+00	-2.143872e-01	-1.582828e-10	4.772833e-01	-7.701766e-10
-1.402790e+01	0.000000e+00	-2.160493e-01	-1.604594e-10	4.771684e-01	-7.684778e-10
-1.402505e+01	0.000000e+00	-2.177182e-01	-1.626542e-10	4.770558e-01	-7.667792e-10
-1.402217e+01	0.000000e+00	-2.193934e-01	-1.648677e-10	4.769452e-01	-7.650807e-10
-1.401927e+01	0.000000e+00	-2.210747e-01	-1.670984e-10	4.768367e-01	-7.633823e-10
-1.401636e+01	0.000000e+00	-2.227616e-01	-1.693463e-10	4.767305e-01	-7.616840e-10
-1.401342e+01	0.000000e+00	-2.244535e-01	-1.716102e-10	4.766264e-01	-7.599859e-10
-1.401046e+01	0.000000e+00	-2.261500e-01	-1.738894e-10	4.765246e-01	-7.582878e-10
-1.400749e+01	0.000000e+00	-2.278505e-01	-1.761831e-10	4.764249e-01	-7.565899e-10
-1.400449e+01	0.000000e+00	-2.295548e-01	-1.784903e-10	4.763275e-01	-7.548918e-10
-1.400147e+01	0.000000e+00	-2.312621e-01	-1.808109e-10	4.762322e-01	-7.531937e-10
-1.399843e+01	0.000000e+00	-2.329720e-01	-1.831427e-10	4.761392e-01	-7.514953e-10
-1.399537e+01	0.000000e+00	-2.346839e-01	-1.854851e-10	4.760484e-01	-7.497968e-10
-1.399229e+01	0.000000e+00	-2.363972e-01	-1.878374e-10	4.759599e-01	-7.480982e-10
-1.398918e+01	0.000000e+00	-2.381112e-01	-1.901982e-10	4.758737e-01	-7.463994e-10
-1.398606e+01	0.000000e+00	-2.398255e-01	-1.925662e-10	4.757897e-01	-7.447002e-10
-1.398291e+01	0.000000e+00	-2.415392e-01	-1.949401e-10	4.757080e-01	-7.430006e-10
-1.397974e+01	0.000000e+00	-2.432518e-01	-1.973188e-10	4.756286e-01	-7.413007e-10
-1.397655e+01	0.000000e+00	-2.449626e-01	-1.997016e-10	4.755514e-01	-7.396004e-10
-1.397334e+01	0.000000e+00	-2.466707e-01	-2.020853e-10	4.754766e-01	-7.378995e-10
-1.397011e+01	0.000000e+00	-2.483757e-01	-2.044700e-10	4.754041e-01	-7.361981e-10
-1.396685e+01	0.000000e+00	-2.500766e-01	-2.068536e-10	4.753339e-01	-7.344959e-10
-1.396357e+01	0.000000e+00	-2.517726e-01	-2.092348e-10	4.752660e-01	-7.327932e-10
-1.396027e+01	0.000000e+00	-2.534629e-01	-2.116104e-10	4.752005e-01	-7.310896e-10
-1.395694e+01	0.000000e+00	-2.551466e-01	-2.139806e-10	4.751373e-01	-7.293854e-10
-1.395359e+01	0.000000e+00	-2.568229e-01	-2.163423e-10	4.750765e-01	-7.276804e-10
-1.395022e+01	0.000000e+00	-2.584909e-01	-2.186940e-10	4.750180e-01	-7.259744e-10
-1.394683e+01	0.000000e+00	-2.601495e-01	-2.210336e-10	4.749620e-01	-7.242676e-10
-1.394341e+01	0.000000e+00	-2.617978e-01	-2.233594e-10	4.749083e-01	-7.225598e-10
-1.393997e+01	0.000000e+00	-2.634349e-01	-2.256686e-10	4.748570e-01	-7.208510e-10
-1.393650e+01	0.000000e+00	-2.650597e-01	-2.279591e-10	4.748082e-01	-7.191411e-10
-1.393301e+01	0.000000e+00	-2.666711e-01	-2.302288e-10	4.747617e-01	-7.174301e-10
-1.392950e+01	0.000000e+00	-2.682681e-01	-2.324756e-10	4.747177e-01	-7.157177e-10
-1.392596e+01	0.000000e+00	-2.696235e-01	-2.343060e-10	4.746882e-01	-7.140406e-10
-1.392239e+01	0.000000e+00	-2.706766e-01	-2.356104e-10	4.746762e-01	-7.124069e-10
-1.391881e+01	0.000000e+00	-2.717174e-01	-2.368898e-10	4.746657e-01	-7.107689e-10
-1.391519e+01	0.000000e+00	-2.727449e-01	-2.381416e-10	4.746569e-01	-7.091265e-10
-1.391155e+01	0.000000e+00	-2.737584e-01	-2.393647e-10	4.746497e-01	-7.074798e-10
-1.390789e+01	0.000000e+00	-2.747562e-01	-2.405554e-10	4.746441e-01	-7.058288e-10
-1.390420e+01	0.000000e+00	-2.757369e-01	-2.417118e-10	4.746404e-01	-7.041737e-10
-1.390049e+01	0.000000e+00	-2.767001e-01	-2.428326e-10	4.746384e-01	-7.025144e-10
-1.389675e+01	0.000000e+00	-2.776448e-01	-2.439156e-10	4.746382e-01	-7.008508e-10
-1.389298e+01	0.000000e+00	-2.785697e-01	-2.449587e-10	4.746399e-01	-6.991832e-10
-1.388919e+01	0.000000e+00	-2.794738e-01	-2.459595e-10	4.746434e-01	-6.975114e-10
-1.388537e+01	0.000000e+00	-2.803557e-01	-2.469154e-10	4.746488e-01	-6.958354e-10
-1.388153e+01	0.000000e+00	-2.812144e-01	-2.478248e-10	4.746562e-01	-6.941554e-10
-1.387766e+01	0.000000e+00	-2.820483e-01	-2.486844e-10	4.746656e-01	-6.924714e-10
-1.387376e+01	0.000000e+00	-2.828561e-01	-2.494923e-10	4.746770e-01	-6.907833e-10
-1.386984e+01	0.000000e+00	-2.836364e-01	-2.502449e-10	4.746904e-01	-6.890912e-10
-1.386588e+01	0.000000e+00	-2.843877e-01	-2.509404e-10	4.747059e-01	-6.873951e-10
-1.386190e+01	0.000000e+00	-2.851085e-01	-2.515757e-10	4.747236e-01	-6.856951e-10
-1.385790e+01	0.000000e+00	-2.857974e-01	-2.521479e-10	4.747435e-01	-6.839911e-10
-1.385386e+01	0.000000e+00	-2.864528e-01	-2.526542e-10	4.747656e-01	-6.822831e-10
-1.384980e+01	0.000000e+00	-2.870732e-01	-2.530922e-10	4.747898e-01	-6.805712e-10
-1.384571e+01	0.000000e+00	-2.876568e-01	-2.534587e-10	4.748164e-01	-6.788553e-10
-1.384159e+01	0.000000e+00	-2.882019e-01	-2.537504e-10	4.748454e-01	-6.771356e-10
-1.383744e+01	0.000000e+00	-2.887067e-01	-2.539656e-10	4.748767e-01	-6.754123e-10
-1.383326e+01	0.000000e+00	-2.891694e-01	-2.540990e-10	4.749105e-01	-6.736852e-10
-1.382906e+01	0.000000e+00	-2.895883e-01	-2.541497e-10	4.749469e-01	-6.719543e-10
-1.382482e+01	0.000000e+00	-2.899614e-01	-2.541141e-10	4.749857e-01	-6.702199e-10
-1.382056e+01	0.000000e+00	-2.902867e-01	-2.539884e-10	4.750272e-01	-6.684818e-10
-1.381627e+01	0.000000e+00	-2.905622e-01	-2.537696e-10	4.750713e-01	-6.667403e-10
-1.381194e+01	0.000000e+00	-2.907854e-01	-2.534543e-10	4.751183e-01	-6.649955e-10
-1.380759e+01	0.000000e+00	-2.909524e-01	-2.530356e-10	4.751684e-01	-6.632481e-10
-1.380320e+01	0.000000e+00	-2.910633e-01	-2.525148e-10	4.752214e-01	-6.614975e-10
-1.379879e+01	0.000000e+00	-2.911158e-01	-2.518884e-10	4.752773e-01	-6.597438e-10
-1.379435e+01	0.000000e+00	-2.911080e-01	-2.511536e-10	4.753362e-01	-6.579867e-10
-1.378987e+01	0.000000e+00	-2.910373e-01	-2.503077e-10	4.753982e-01	-6.562265e-10
-1.378536e+01	0.000000e+00	-2.909012e-01	-2.493473e-10	4.754633e-01	-6.544634e-10
-1.378083e+01	0.000000e+00	-2.906972e-01	-2.482684e-10	4.755317e-01	-6.526975e-10
-1.377626e+01	0.000000e+00	-2.904227e-01	-2.470686e-10	4.756036e-01	-6.509290e-10
-1.377166e+01	0.000000e+00	-2.900463e-01	-2.456963e-10	4.756814e-01	-6.491648e-10
-1.376702e+01	0.000000e+00	-2.894662e-01	-2.439827e-10	4.757738e-01	-6.474283e-10
-1.376236e+01	0.000000e+00	-2.888120e-01	-2.421493e-10	4.758697e-01	-6.456887e-10
-1.375766e+01	0.000000e+00	-2.880809e-01	-2.401936e-10	4.759691e-01	-6.439463e-10
-1.375293e+01	0.000000e+00	-2.872703e-01	-2.381133e-10	4.760723e-01	-6.422011e-10
-1.374817e+01	0.000000e+00	-2.863778e-01	-2.359068e-10	4.761792e-01	-6.404533e-10
-1.374337e+01	0.000000e+00	-2.854004e-01	-2.335717e-10	4.762901e-01	-6.387034e-10
-1.373854e+01	0.000000e+00	-2.843352e-01	-2.311060e-10	4.764052e-01	-6.369516e-10
-1.373368e+01	0.000000e+00	-2.831792e-01	-2.285087e-10	4.765246e-01	-6.351982e-10
-1.372879e+01	0.000000e+00	-2.819294e-01	-2.257769e-10	4.766485e-01	-6.334437e-10
-1.372386e+01	0.000000e+00	-2.805826e-01	-2.229099e-10	4.767774e-01	-6.316886e-10
-1.371889e+01	0.000000e+00	-2.791357e-01	-2.199060e-10	4.769111e-01	-6.299331e-10
-1.371389e+01	0.000000e+00	-2.775852e-01	-2.167637e-10	4.770501e-01	-6.281776e-10
-1.370886e+01	0.000000e+00	-2.759280e-01	-2.134833e-10	4.771945e-01	-6.264227e-10
-1.370379e+01	0.000000e+00	-2.741603e-01	-2.100637e-10	4.773447e-01	-6.246689e-10
-1.369869e+01	0.000000e+00	-2.722787e-01	-2.065026e-10	4.775010e-01	-6.229167e-10
-1.369355e+01	0.000000e+00	-2.702757e-01	-2.027968e-10	4.776635e-01	-6.211667e-10
-1.368838e+01	0.000000e+00	-2.681470e-01	-1.989442e-10	4.778333e-01	-6.194210e-10
-1.368317e+01	0.000000e+00	-2.658883e-01	-1.949456e-10	4.780110e-01	-6.176809e-10
-1.367792e+01	0.000000e+00	-2.635009e-01	-1.908087e-10	4.781963e-01	-6.159458e-10
-1.367264e+01	0.000000e+00	-2.609806e-01	-1.865346e-10	4.783898e-01	-6.142166e-10
-1.366732e+01	0.000000e+00	-2.583234e-01	-1.821252e-10	4.785920e-01	-6.124946e-10
-1.366196e+01	0.000000e+00	-2.555252e-01	-1.775830e-10	4.788036e-01	-6.107808e-10
-1.365657e+01	0.000000e+00	-2.525815e-01	-1.729085e-10	4.790252e-01	-6.090770e-10
-1.365114e+01	0.000000e+00	-2.494873e-01	-1.681065e-10	4.792578e-01	-6.073850e-10
-1.364567e+01	0.000000e+00	-2.462376e-01	-1.631778e-10	4.795022e-01	-6.057068e-10
-1.364017e+01	0.000000e+00	-2.428297e-01	-1.581284e-10	4.797592e-01	-6.040437e-10
-1.363462e+01	0.000000e+00	-2.392586e-01	-1.529644e-10	4.800299e-01	-6.023983e-10
-1.362904e+01	0.000000e+00	-2.355197e-01	-1.476902e-10	4.803156e-01	-6.007732e-10
-1.362342e+01	0.000000e+00	-2.316085e-01	-1.423117e-10	4.806176e-01	-5.991715e-10
-1.361776e+01	0.000000e+00	-2.275202e-01	-1.368362e-10	4.809374e-01	-5.975963e-10
-1.361206e+01	0.000000e+00	-2.232505e-01	-1.312716e-10	4.812769e-01	-5.960518e-10
-1.360632e+01	0.000000e+00	-2.187946e-01	-1.256255e-10	4.816382e-01	-5.945423e-10
-1.360054e+01	0.000000e+00	-2.141484e-01	-1.199085e-10	4.820235e-01	-5.930729e-10
-1.359472e+01	0.000000e+00	-2.093077e-01	-1.141319e-10	4.824354e-01	-5.916495e-10
-1.358886e+01	0.000000e+00	-2.042683e-01	-1.083055e-10	4.828771e-01	-5.902788e-10
-1.358296e+01	0.000000e+00	-1.990264e-01	-1.024450e-10	4.833525e-01	-5.889694e-10
-1.357702e+01	0.000000e+00	-1.935787e-01	-9.656147e-11	4.838656e-01	-5.877304e-10
-1.357104e+01	0.000000e+00	-1.879227e-01	-9.067211e-11	4.844214e-01	-5.865728e-10
-1.356502e+01	0.000000e+00	-1.820557e-01	-8.479304e-11	4.850259e-01	-5.855100e-10
-1.355895e+01	0.000000e+00	-1.759762e-01	-7.894207e-11	4.856863e-01	-5.845579e-10
-1.355284e+01	0.000000e+00	-1.696838e-01	-7.313782e-11	4.864110e-01	-5.837354e-10
-1.354669e+01	0.000000e+00	-1.631791e-01	-6.740372e-11	4.872102e-01	-5.830655e-10
-1.354050e+01	0.000000e+00	-1.564642e-01	-6.175843e-11	4.880963e-01	-5.825759e-10
-1.353427e+01	0.000000e+00	-1.495431e-01	-5.622738e-11	4.890844e-01	-5.823008e-10
-1.352799e+01	0.000000e+00	-1.424215e-01	-5.083496e-11	4.901935e-01	-5.822831e-10
-1.352167e+01	0.000000e+00	-1.351077e-01	-4.560501e-11	4.914467e-01	-5.825756e-10
-1.351530e+01	0.000000e+00	-1.276131e-01	-4.056770e-11	4.928736e-01	-5.832459e-10
-1.350889e+01	0.000000e+00	-1.199522e-01	-3.574479e-11	4.945117e-01	-5.843798e-10
-1.350244e+01	0.000000e+00	-1.121432e-01	-3.116444e-11	4.964099e-01	-5.860903e-10
-1.349594e+01	0.000000e+00	-1.042092e-01	-2.685269e-11	4.986320e-01	-5.885251e-10
-1.348940e+01	0.000000e+00	-9.617808e-02	-2.283342e-11	5.012631e-01	-5.918849e-10
-1.348281e+01	0.000000e+00	-8.808368e-02	-1.912750e-11	5.044185e-01	-5.964415e-10
-1.347617e+01	0.000000e+00	-7.996601e-02	-1.575630e-11	5.082584e-01	-6.025794e-10
-1.346949e+01	0.000000e+00	-7.187195e-02	-1.273269e-11	5.130114e-01	-6.108540e-10
-1.346276e+01	0.000000e+00	-6.385581e-02	-1.006745e-11	5.190113e-01	-6.220912e-10
-1.345599e+01	0.000000e+00	-5.597860e-02	-7.761254e-12	5.267654e-01	-6.375721e-10
-1.344917e+01	0.000000e+00	-4.831104e-02	-5.812336e-12	5.370709e-01	-6.593706e-10
-1.344230e+01	0.000000e+00	-4.093080e-02	-4.206994e-12	5.512520e-01	-6.910637e-10
-1.343538e+01	0.000000e+00	-3.392144e-02	-2.927239e-12	5.716621e-01	-7.393023e-10
-1.342842e+01	0.000000e+00	-2.737224e-02	-1.944685e-12	6.028581e-01	-8.178639e-10
-1.342141e+01	0.000000e+00	-2.137655e-02	-1.221899e-12	6.548207e-01	-9.597863e-10
-1.341435e+01	0.000000e+00	-1.602955e-02	-7.189109e-13	7.539419e-01	-1.265480e-09
-1.340724e+01	0.000000e+00	-1.142546e-02	-3.932322e-13	9.978087e-01	-2.204528e-09
-1.340008e+01	0.000000e+00	-7.654432e-03	-1.980809e-13	2.249413e+00	-1.114195e-08
-1.339287e+01	0.000000e+00	-4.799049e-03	-9.344515e-14	-1.771480e+00	-6.871935e-09
-1.338561e+01	0.000000e+00	-2.930805e-03	-4.492165e-14	-4.351068e-01	-4.122579e-10
-1.337830e+01	0.000000e+00	-2.106779e-03	-2.839641e-14	-2.461551e-01	-1.312149e-10
-1.337095e+01	0.000000e+00	-2.366771e-03	-3.317512e-14	-2.923457e-01	-1.839972e-10
-1.336353e+01	0.000000e+00	-3.731187e-03	-6.319902e-14	-7.031950e-01	-1.058384e-09
-1.335607e+01	0.000000e+00	-6.199875e-03	-1.375894e-13	-3.228053e+01	-2.217301e-06
-1.334856e+01	0.000000e+00	-9.752042e-03	-2.893919e-13	1.354449e+00	-3.880534e-09
-1.334099e+01	0.000000e+00	-1.434725e-02	-5.641572e-13	8.548887e-01	-1.536703e-09
-1.333338e+01	0.000000e+00	-1.992741e-02	-1.014333e-12	7.009037e-01	-1.026733e-09
-1.332571e+01	0.000000e+00	-2.641954e-02	-1.698296e-12	6.291963e-01	-8.223542e-10
-1.331798e+01	0.000000e+00	-3.373911e-02	-2.672463e-12	5.890466e-01	-7.163105e-10
-1.331020e+01	0.000000e+00	-4.179353e-02	-3.989868e-12	5.640253e-01	-6.526560e-10
-1.330237e+01	0.000000e+00	-5.048533e-02	-5.696126e-12	5.472903e-01	-6.106298e-10
-1.329449e+01	0.000000e+00	-5.971583e-02	-7.825642e-12	5.355171e-01	-5.809165e-10
-1.328655e+01	0.000000e+00	-6.938793e-02	-1.040336e-11	5.269147e-01	-5.587816e-10
-1.327855e+01	0.000000e+00	-7.940797e-02	-1.344128e-11	5.204415e-01	-5.415878e-10
-1.327050e+01	0.000000e+00	-8.968786e-02	-1.693687e-11	5.154541e-01	-5.277596e-10
-1.326239e+01	0.000000e+00	-1.001451e-01	-2.087980e-11	5.115382e-01	-5.163104e-10
-1.325423e+01	0.000000e+00	-1.107041e-01	-2.524841e-11	5.084151e-01	-5.065913e-10
-1.324601e+01	0.000000e+00	-1.212961e-01	-3.001205e-11	5.058919e-01	-4.981606e-10
-1.323774e+01	0.000000e+00	-1.318590e-01	-3.513085e-11	5.038312e-01	-4.907076e-10
-1.322940e+01	0.000000e+00	-1.423358e-01	-4.056171e-11	5.021330e-01	-4.840102e-10
-1.322101e+01	0.000000e+00	-1.526761e-01	-4.625592e-11	5.007234e-01	-4.779056e-10
-1.321256e+01	0.000000e+00	-1.628341e-01	-5.215917e-11	4.995465e-01	-4.722714e-10
-1.320405e+01	0.000000e+00	-1.727681e-01	-5.821606e-11	4.985590e-01	-4.670142e-10
-1.319549e+01	0.000000e+00	-1.824396e-01	-6.436948e-11	4.977275e-01	-4.620622e-10
-1.318686e+01	0.000000e+00	-1.918124e-01	-7.055890e-11	4.970258e-01	-4.573592e-10
-1.317817e+01	0.000000e+00	-2.008518e-01	-7.672408e-11	4.964328e-01	-4.528608e-10
-1.316943e+01	0.000000e+00	-2.095254e-01	-8.280194e-11	4.959316e-01	-4.485308e-10
-1.316062e+01	0.000000e+00	-2.178002e-01	-8.873309e-11	4.955081e-01	-4.443401e-10
-1.315175e+01	0.000000e+00	-2.256440e-01	-9.445379e-11	4.951514e-01	-4.402656e-10
-1.314282e+01	0.000000e+00	-2.330250e-01	-9.990141e-11	4.948520e-01	-4.362876e-10
-1.313383e+01	0.000000e+00	-2.399100e-01	-1.050154e-10	4.946023e-01	-4.323903e-10
-1.312478e+01	0.000000e+00	-2.462655e-01	-1.097332e-10	4.943961e-01	-4.285605e-10
-1.311566e+01	0.000000e+00	-2.520573e-01	-1.139965e-10	4.942277e-01	-4.247870e-10
-1.310648e+01	0.000000e+00	-2.572506e-01	-1.177469e-10	4.940926e-01	-4.210599e-10
-1.309724e+01	0.000000e+00	-2.618101e-01	-1.209302e-10	4.939868e-01	-4.173715e-10
-1.308793e+01	0.000000e+00	-2.657007e-01	-1.234964e-10	4.939070e-01	-4.137147e-10
-1.307856e+01	0.000000e+00	-2.688735e-01	-1.253858e-10	4.938487e-01	-4.100810e-10
-1.306912e+01	0.000000e+00	-2.712985e-01	-1.265636e-10	4.938099e-01	-4.064663e-10
-1.305962e+01	0.000000e+00	-2.729532e-01	-1.270069e-10	4.937899e-01	-4.028683e-10
-1.305005e+01	0.000000e+00	-2.738098e-01	-1.266960e-10	4.937866e-01	-3.992831e-10
-1.304041e+01	0.000000e+00	-2.738446e-01	-1.256212e-10	4.937990e-01	-3.957082e-10
-1.303071e+01	0.000000e+00	-2.729775e-01	-1.237305e-10	4.938244e-01	-3.921387e-10
-1.302094e+01	0.000000e+00	-2.712594e-01	-1.210980e-10	4.938632e-01	-3.885746e-10
-1.301111e+01	0.000000e+00	-2.685744e-01	-1.176588e-10	4.939160e-01	-3.850161e-10
-1.300120e+01	0.000000e+00	-2.650424e-01	-1.135617e-10	4.939823e-01	-3.814622e-10
-1.299123e+01	0.000000e+00	-2.607491e-01	-1.089258e-10	4.940626e-01	-3.779126e-10
-1.298119e+01	0.000000e+00	-2.557627e-01	-1.038537e-10	4.941563e-01	-3.743661e-10
-1.297107e+01	0.000000e+00	-2.499140e-01	-9.826063e-11	4.942792e-01	-3.708456e-10
-1.296089e+01	0.000000e+00	-2.433142e-01	-9.229363e-11	4.944346e-01	-3.673549e-10
-1.295064e+01	0.000000e+00	-2.364390e-01	-8.635515e-11	4.946050e-01	-3.638667e-10
-1.294032e+01	0.000000e+00	-2.294260e-01	-8.055980e-11	4.947936e-01	-3.603849e-10
-1.292992e+01	0.000000e+00	-2.224361e-01	-7.502245e-11	4.950041e-01	-3.569141e-10
-1.291945e+01	0.000000e+00	-2.156528e-01	-6.985440e-11	4.952404e-01	-3.534588e-10
-1.290891e+01	0.000000e+00	-2.092755e-01	-6.515782e-11	4.955069e-01	-3.500240e-10
-1.289830e+01	0.000000e+00	-2.034923e-01	-6.100976e-11	4.958111e-01	-3.466192e-10
-1.288761e+01	0.000000e+00	-1.985120e-01	-5.748536e-11	4.961577e-01	-3.432486e-10
-1.287685e+01	0.000000e+00	-1.945632e-01	-5.465983e-11	4.965440e-01	-3.399070e-10
-1.286602e+01	0.000000e+00	-1.918265e-01	-5.257560e-11	4.969705e-01	-3.365931e-10
-1.285511e+01	0.000000e+00	-1.904521e-01	-5.126181e-11	4.974345e-01	-3.333016e-10
-1.284412e+01	0.000000e+00	-1.905469e-01	-5.073406e-11	4.979319e-01	-3.300252e-10
-1.283306e+01	0.000000e+00	-1.921739e-01	-5.099944e-11	4.984547e-01	-3.267519e-10
-1.282192e+01	0.000000e+00	-1.953410e-01	-5.205375e-11	4.989940e-01	-3.234689e-10
-1.281070e+01	0.000000e+00	-2.000006e-01	-5.388027e-11	4.995406e-01	-3.201636e-10
-1.279941e+01	0.000000e+00	-2.060529e-01	-5.644911e-11	5.000864e-01	-3.168255e-10
-1.278804e+01	0.000000e+00	-2.133471e-01	-5.971100e-11	5.006261e-01	-3.134476e-10
-1.277659e+01	0.000000e+00	-2.216933e-01	-6.359702e-11	5.011559e-01	-3.100255e-10
-1.276506e+01	0.000000e+00	-2.308807e-01	-6.802135e-11	5.016744e-01	-3.065578e-10
-1.275345e+01	0.000000e+00	-2.406876e-01	-7.288164e-11	5.021817e-01	-3.030451e-10
-1.274176e+01	0.000000e+00	-2.509004e-01	-7.806687e-11	5.026789e-01	-2.994891e-10
-1.272998e+01	0.000000e+00	-2.613315e-01	-8.346836e-11	5.031677e-01	-2.958920e-10
-1.271813e+01	0.000000e+00	-2.718390e-01	-8.899288e-11	5.036495e-01	-2.922560e-10
-1.270620e+01	0.000000e+00	-2.823432e-01	-9.457977e-11	5.041252e-01	-2.885822e-10
-1.269418e+01	0.000000e+00	-2.928381e-01	-1.002126e-10	5.045936e-01	-2.848694e-10
-1.268208e+01	0.000000e+00	-3.033997e-01	-1.059314e-10	5.050542e-01	-2.811176e-10
-1.266989e+01	0.000000e+00	-3.141770e-01	-1.118316e-10	5.055055e-01	-2.773251e-10
-1.265762e+01	0.000000e+00	-3.253871e-01	-1.180638e-10	5.059439e-01	-2.734886e-10
-1.264527e+01	0.000000e+00	-3.372948e-01	-1.248261e-10	5.063648e-01	-2.696037e-10
-1.263283e+01	0.000000e+00	-3.501867e-01	-1.323471e-10	5.067657e-01	-2.656686e-10
-1.262030e+01	0.000000e+00	-3.643435e-01	-1.408694e-10	5.071437e-01	-2.616812e-10
-1.260769e+01	0.000000e+00	-3.800031e-01	-1.506209e-10	5.074972e-01	-2.576409e-10
-1.259498e+01	0.000000e+00	-3.973881e-01	-1.618440e-10	5.078260e-01	-2.535487e-10
-1.258220e+01	0.000000e+00	-4.166523e-01	-1.747449e-10	5.081314e-01	-2.494071e-10
-1.256932e+01	0.000000e+00	-4.378781e-01	-1.894872e-10	5.084172e-01	-2.452211e-10
-1.255635e+01	0.000000e+00	-4.611098e-01	-2.062210e-10	5.086872e-01	-2.409950e-10
-1.254329e+01	0.000000e+00	-4.863136e-01	-2.250274e-10	5.089460e-01	-2.367341e-10
-1.253015e+01	0.000000e+00	-5.135196e-01	-2.460461e-10	5.091961e-01	-2.324412e-10
-1.251691e+01	0.000000e+00	-5.426944e-01	-2.693632e-10	5.094415e-01	-2.281203e-10
-1.250358e+01	0.000000e+00	-5.736091e-01	-2.948495e-10	5.096842e-01	-2.237732e-10
-1.249016e+01	0.000000e+00	-6.063649e-01	-3.226911e-10	5.099282e-01	-2.194038e-10
-1.247664e+01	0.000000e+00	-6.390422e-01	-3.508742e-10	5.101782e-01	-2.150158e-10
-1.246303e+01	0.000000e+00	-6.717768e-01	-3.794222e-10	5.104351e-01	-2.106097e-10
-1.244933e+01	0.000000e+00	-7.061516e-01	-4.100416e-10	5.106974e-01	-2.061839e-10
-1.243553e+01	0.000000e+00	-7.419714e-01	-4.425234e-10	5.109694e-01	-2.017416e-10
-1.242163e+01	0.000000e+00	-7.792077e-01	-4.768218e-10	5.112517e-01	-1.972825e-10
-1.240764e+01	0.000000e+00	-8.181468e-01	-5.132676e-10	5.115414e-01	-1.928040e-10
-1.239356e+01	0.000000e+00	-8.588591e-01	-5.519339e-10	5.118388e-01	-1.883060e-10
-1.237937e+01	0.000000e+00	-9.015332e-01	-5.930371e-10	5.121428e-01	-1.837871e-10
-1.236509e+01	0.000000e+00	-9.462842e-01	-6.367016e-10	5.124532e-01	-1.792470e-10
-1.235070e+01	0.000000e+00	-9.932973e-01	-6.831352e-10	5.127700e-01	-1.746852e-10
-1.233622e+01	0.000000e+00	-1.042760e+00	-7.325448e-10	5.130930e-01	-1.701013e-10
-1.232164e+01	0.000000e+00	-1.094920e+00	-7.852149e-10	5.134222e-01	-1.654949e-10
-1.230696e+01	0.000000e+00	-1.150034e+00	-8.414387e-10	5.137575e-01	-1.608655e-10
-1.229217e+01	0.000000e+00	-1.208407e+00	-9.015717e-10	5.140989e-01	-1.562130e-10
-1.227728e+01	0.000000e+00	-1.270385e+00	-9.660163e-10	5.144461e-01	-1.515367e-10
-1.226229e+01	0.000000e+00	-1.336392e+00	-1.035287e-09	5.147984e-01	-1.468359e-10
-1.224720e+01	0.000000e+00	-1.406856e+00	-1.109885e-09	5.151551e-01	-1.421099e-10
-1.223200e+01	0.000000e+00	-1.482309e+00	-1.190457e-09	5.155154e-01	-1.373581e-10
-1.221669e+01	0.000000e+00	-1.563097e+00	-1.277315e-09	5.158786e-01	-1.325799e-10
-1.220128e+01	0.000000e+00	-1.645967e+00	-1.364768e-09	5.162501e-01	-1.277777e-10
-1.218576e+01	0.000000e+00	-1.733808e+00	-1.456975e-09	5.166280e-01	-1.229503e-10
-1.217014e+01	0.000000e+00	-1.829214e+00	-1.557744e-09	5.170090e-01	-1.180957e-10
-1.215440e+01	0.000000e+00	-1.932912e+00	-1.667747e-09	5.173934e-01	-1.132140e-10
-1.213856e+01	0.000000e+00	-2.046290e+00	-1.788673e-09	5.177816e-01	-1.083049e-10
-1.212261e+01	0.000000e+00	-2.170760e+00	-1.922126e-09	5.181729e-01	-1.033681e-10
-1.210654e+01	0.000000e+00	-2.307633e+00	-2.069348e-09	5.185684e-01	-9.840389e-11
-1.209037e+01	0.000000e+00	-2.459001e+00	-2.232715e-09	5.189673e-01	-9.341157e-11
-1.207408e+01	0.000000e+00	-2.627727e+00	-2.415683e-09	5.193694e-01	-8.839096e-11
-1.205768e+01	0.000000e+00	-2.816505e+00	-2.621006e-09	5.197751e-01	-8.334200e-11
-1.204117e+01	0.000000e+00	-3.028425e+00	-2.851543e-09	5.201843e-01	-7.826446e-11
-1.202454e+01	0.000000e+00	-3.269232e+00	-3.114300e-09	5.205972e-01	-7.315813e-11
-1.200780e+01	0.000000e+00	-3.541730e+00	-3.409563e-09	5.210148e-01	-6.802314e-11
-1.199094e+01	0.000000e+00	-3.857315e+00	-3.752332e-09	5.214360e-01	-6.285892e-11
-1.197396e+01	0.000000e+00	-4.225121e+00	-4.150998e-09	5.218626e-01	-5.766562e-11
-1.195687e+01	0.000000e+00	-4.660756e+00	-4.622990e-09	5.222934e-01	-5.244273e-11
-1.193965e+01	0.000000e+00	-5.186484e+00	-5.193386e-09	5.227274e-01	-4.718981e-11
-1.192232e+01	0.000000e+00	-5.834236e+00	-5.897726e-09	5.231639e-01	-4.190656e-11
-1.190487e+01	0.000000e+00	-6.650256e+00	-6.785355e-09	5.236033e-01	-3.659289e-11
-1.188730e+01	0.000000e+00	-7.711171e+00	-7.940504e-09	5.240462e-01	-3.124871e-11
-1.186960e+01	0.000000e+00	-9.147522e+00	-9.506484e-09	5.244920e-01	-2.587376e-11
-1.185179e+01	0.000000e+00	-1.120046e+01	-1.174662e-08	5.249411e-01	-2.046790e-11
-1.183385e+01	0.000000e+00	-1.437639e+01	-1.521559e-08	5.253933e-01	-1.503094e-11
-1.181578e+01	0.000000e+00	-1.994380e+01	-2.130362e-08	5.258486e-01	-9.562694e-12
-1.179759e+01	0.000000e+00	-3.220439e+01	-3.470003e-08	5.263062e-01	-4.062978e-12
-1.177927e+01	0.000000e+00	-8.165753e+01	-8.877977e-08	5.267663e-01	1.468332e-12
-1.176083e+01	0.000000e+00	1.600637e+02	1.760397e-07	5.272291e-01	7.031380e-12
-1.174226e+01	0.000000e+00	4.104866e+01	4.565775e-08	5.276952e-01	1.262634e-11
-1.172356e+01	0.000000e+00	2.370089e+01	2.660578e-08	5.281639e-01	1.825337e-11
-1.170473e+01	0.000000e+00	1.673770e+01	1.895823e-08	5.286356e-01	2.391261e-11
-1.168577e+01	0.000000e+00	1.298428e+01	1.483931e-08	5.291107e-01	2.960431e-11
-1.166668e+01	0.000000e+00	1.063584e+01	1.226310e-08	5.295884e-01	3.532852e-11
-1.164746e+01	0.000000e+00	9.027750e+00	1.050003e-08	5.300690e-01	4.108543e-11
-1.162810e+01	0.000000e+00	7.856268e+00	9.214966e-09	5.305520e-01	4.687514e-11
-1.160861e+01	0.000000e+00	6.968112e+00	8.244832e-09	5.310383e-01	5.269793e-11
-1.158898e+01	0.000000e+00	6.270258e+00	7.483770e-09	5.315274e-01	5.855387e-11
-1.156922e+01	0.000000e+00	5.708181e+00	6.872789e-09	5.320198e-01	6.444325e-11
-1.154932e+01	0.000000e+00	5.245938e+00	6.372161e-09	5.325160e-01	7.036636e-11
-1.152928e+01	0.000000e+00	4.859037e+00	5.954566e-09	5.330166e-01	7.632357e-11
-1.150911e+01	0.000000e+00	4.529572e+00	5.598976e-09	5.335207e-01	8.231488e-11
-1.148879e+01	0.000000e+00	4.245386e+00	5.292049e-09	5.340271e-01	8.834012e-11
-1.146833e+01	0.000000e+00	3.997604e+00	5.024168e-09	5.345362e-01	9.439947e-11
-1.144774e+01	0.000000e+00	3.779678e+00	4.788471e-09	5.350484e-01	1.004932e-10
-1.142699e+01	0.000000e+00	3.586430e+00	4.579333e-09	5.355633e-01	1.066215e-10
-1.140611e+01	0.000000e+00	3.414011e+00	4.392862e-09	5.360810e-01	1.127844e-10
-1.138508e+01	0.000000e+00	3.259169e+00	4.225473e-09	5.366014e-01	1.189819e-10
-1.136390e+01	0.000000e+00	3.119478e+00	4.074773e-09	5.371237e-01	1.252140e-10
-1.134258e+01	0.000000e+00	2.992694e+00	3.938110e-09	5.376487e-01	1.314809e-10
-1.132111e+01	0.000000e+00	2.877084e+00	3.813589e-09	5.381756e-01	1.377826e-10
-1.129949e+01	0.000000e+00	2.771609e+00	3.700699e-09	5.387051e-01	1.441194e-10
-1.127772e+01	0.000000e+00	2.675000e+00	3.597963e-09	5.392376e-01	1.504916e-10
-1.125580e+01	0.000000e+00	2.585972e+00	3.503551e-09	5.397730e-01	1.568994e-10
-1.123373e+01	0.000000e+00	2.503648e+00	3.416481e-09	5.403106e-01	1.633424e-10
-1.121151e+01	0.000000e+00	2.427291e+00	3.335939e-09	5.408506e-01	1.698209e-10
-1.118913e+01	0.000000e+00	2.356311e+00	3.261340e-09	5.413930e-01	1.763350e-10
-1.116659e+01	0.000000e+00	2.290266e+00	3.192380e-09	5.419382e-01	1.828851e-10
-1.114390e+01	0.000000e+00	2.228555e+00	3.128188e-09	5.424861e-01	1.894712e-10
-1.112106e+01	0.000000e+00	2.171031e+00	3.069063e-09	5.430379e-01	1.960943e-10
-1.109805e+01	0.000000e+00	2.117070e+00	3.013878e-09	5.435931e-01	2.027543e-10
-1.107488e+01	0.000000e+00	2.066390e+00	2.962389e-09	5.441514e-01	2.094511e-10
-1.105156e+01	0.000000e+00	2.018573e+00	2.913895e-09	5.447120e-01	2.161841e-10
-1.102807e+01	0.000000e+00	1.973375e+00	2.868139e-09	5.452752e-01	2.229538e-10
-1.100442e+01	0.000000e+00	1.930601e+00	2.824946e-09	5.458412e-01	2.297603e-10
-1.098061e+01	0.000000e+00	1.890033e+00	2.784038e-09	5.464094e-01	2.366034e-10
-1.095663e+01	0.000000e+00	1.851534e+00	2.745340e-09	5.469800e-01	2.434833e-10
-1.093248e+01	0.000000e+00	1.814973e+00	2.708754e-09	5.475527e-01	2.503996e-10
-1.090817e+01	0.000000e+00	1.780144e+00	2.673944e-09	5.481273e-01	2.573525e-10
-1.088369e+01	0.000000e+00	1.746947e+00	2.640846e-09	5.487036e-01	2.643417e-10
-1.085904e+01	0.000000e+00	1.715463e+00	2.609935e-09	5.492828e-01	2.713684e-10
-1.083421e+01	0.000000e+00	1.685400e+00	2.580539e-09	5.498646e-01	2.784325e-10
-1.080922e+01	0.000000e+00	1.656669e+00	2.552571e-09	5.504483e-01	2.855332e-10
-1.078405e+01	0.000000e+00	1.629159e+00	2.525869e-09	5.510338e-01	2.926706e-10
-1.075871e+01	0.000000e+00	1.602881e+00	2.500623e-09	5.516219e-01	2.998457e-10
-1.073319e+01	0.000000e+00	1.577735e+00	2.476679e-09	5.522126e-01	3.070584e-10
-1.070750e+01	0.000000e+00	1.553659e+00	2.453980e-09	5.528062e-01	3.143091e-10
-1.068163e+01	0.000000e+00	1.530601e+00	2.432493e-09	5.534028e-01	3.215981e-10
-1.065557e+01	0.000000e+00	1.508478e+00	2.412077e-09	5.540023e-01	3.289255e-10
-1.062934e+01	0.000000e+00	1.487184e+00	2.392503e-09	5.546038e-01	3.362902e-10
-1.060293e+01	0.000000e+00	1.466687e+00	2.373775e-09	5.552081e-01	3.436932e-10
-1.057633e+01	0.000000e+00	1.446936e+00	2.355819e-09	5.558145e-01	3.511339e-10
-1.054955e+01	0.000000e+00	1.427881e+00	2.338567e-09	5.564229e-01	3.586120e-10
-1.052258e+01	0.000000e+00	1.409498e+00	2.322018e-09	5.570329e-01	3.661272e-10
-1.049543e+01	0.000000e+00	1.391725e+00	2.306050e-09	5.576447e-01	3.736796e-10
-1.046808e+01	0.000000e+00	1.374575e+00	2.290777e-09	5.582584e-01	3.812695e-10
-1.044055e+01	0.000000e+00	1.358055e+00	2.276295e-09	5.588744e-01	3.888972e-10
-1.041283e+01	0.000000e+00	1.342085e+00	2.262402e-09	5.594926e-01	3.965630e-10
-1.038491e+01	0.000000e+00	1.326627e+00	2.249037e-09	5.601121e-01	4.042654e-10
-1.035681e+01	0.000000e+00	1.311681e+00	2.236252e-09	5.607338e-01	4.120058e-10
-1.032850e+01	0.000000e+00	1.297234e+00	2.224059e-09	5.613578e-01	4.197842e-10
-1.030000e+01	0.000000e+00	1.283264e+00	2.212439e-09	5.619841e-01	4.276010e-10
-1.027131e+01	0.000000e+00	1.269752e+00	2.201378e-09	5.626133e-01	4.354567e-10
-1.024241e+01	0.000000e+00	1.256660e+00	2.190786e-09	5.632447e-01	4.433507e-10
-1.021331e+01	0.000000e+00	1.243954e+00	2.180598e-09	5.638783e-01	4.512829e-10
-1.018402e+01	0.000000e+00	1.231618e+00	2.170791e-09	5.645138e-01	4.592526e-10
-1.015451e+01	0.000000e+00	1.219626e+00	2.161316e-09	5.651511e-01	4.672600e-10
-1.012481e+01	0.000000e+00	1.207968e+00	2.152179e-09	5.657899e-01	4.753044e-10
-1.009490e+01	0.000000e+00	1.196624e+00	2.143333e-09	5.664302e-01	4.833859e-10
-1.006478e+01	0.000000e+00	1.185601e+00	2.134848e-09	5.670723e-01	4.915048e-10
-1.003445e+01	0.000000e+00	1.174894e+00	2.126732e-09	5.677160e-01	4.996607e-10
-1.000391e+01	0.000000e+00	1.164483e+00	2.118948e-09	5.683614e-01	5.078540e-10
-9.973164e+00	0.000000e+00	1.154347e+00	2.111447e-09	5.690081e-01	5.160839e-10
-9.942201e+00	0.000000e+00	1.144498e+00	2.104302e-09	5.696570e-01	5.243517e-10
-9.911024e+00	0.000000e+00	1.134916e+00	2.097468e-09	5.703077e-01	5.326570e-10
-9.879631e+00	0.000000e+00	1.125597e+00	2.090955e-09	5.709609e-01	5.410010e-10
-9.848020e+00	0.000000e+00	1.116521e+00	2.084711e-09	5.716158e-01	5.493823e-10
-9.816190e+00	0.000000e+00	1.107670e+00	2.078698e-09	5.722723e-01	5.578005e-10
-9.784139e+00	0.000000e+00	1.099036e+00	2.072906e-09	5.729306e-01	5.662559e-10
-9.751866e+00	0.000000e+00	1.090602e+00	2.067295e-09	5.735902e-01	5.747476e-10
-9.719370e+00	0.000000e+00	1.082368e+00	2.061880e-09	5.742511e-01	5.832756e-10
-9.686648e+00	0.000000e+00	1.074325e+00	2.056648e-09	5.749133e-01	5.918397e-10
-9.653699e+00	0.000000e+00	1.066480e+00	2.051645e-09	5.755769e-01	6.004400e-10
-9.620522e+00	0.000000e+00	1.058831e+00	2.046884e-09	5.762419e-01	6.090765e-10
-9.587115e+00	0.000000e+00	1.051361e+00	2.042313e-09	5.769081e-01	6.177487e-10
-9.553476e+00	0.000000e+00	1.044073e+00	2.037962e-09	5.775759e-01	6.264572e-10
-9.519605e+00	0.000000e+00	1.036956e+00	2.033805e-09	5.782452e-01	6.352022e-10
-9.485498e+00	0.000000e+00	1.030003e+00	2.029831e-09	5.789163e-01	6.439838e-10
-9.451155e+00	0.000000e+00	1.023208e+00	2.026033e-09	5.795886e-01	6.528008e-10
-9.416574e+00	0.000000e+00	1.016563e+00	2.022391e-09	5.802624e-01	6.616537e-10
-9.381753e+00	0.000000e+00	1.010055e+00	2.018870e-09	5.809373e-01	6.705417e-10
-9.346691e+00	0.000000e+00	1.003687e+00	2.015490e-09	5.816133e-01	6.794645e-10
-9.311386e+00	0.000000e+00	9.974461e-01	2.012218e-09	5.822903e-01	6.884217e-10
-9.275836e+00	0.000000e+00	9.913393e-01	2.009089e-09	5.829683e-01	6.974133e-10
-9.240040e+00	0.000000e+00	9.853676e-01	2.006121e-09	5.836469e-01	7.064382e-10
-9.203996e+00	0.000000e+00	9.795236e-01	2.003297e-09	5.843266e-01	7.154976e-10
-9.167701e+00	0.000000e+00	9.738046e-01	2.000615e-09	5.850074e-01	7.245910e-10
-9.131156e+00	0.000000e+00	9.682038e-01	1.998060e-09	5.856894e-01	7.337190e-10
-9.094356e+00	0.000000e+00	9.627199e-01	1.995636e-09	5.863724e-01	7.428806e-10
-9.057302e+00	0.000000e+00	9.573490e-01	1.993338e-09	5.870566e-01	7.520760e-10
-9.019991e+00	0.000000e+00	9.520800e-01	1.991128e-09	5.877416e-01	7.613048e-10
-8.982421e+00	0.000000e+00	9.469151e-01	1.989027e-09	5.884275e-01	7.705664e-10
-8.944591e+00	0.000000e+00	9.418447e-01	1.987000e-09	5.891141e-01	7.798604e-10
-8.906499e+00	0.000000e+00	9.368744e-01	1.985082e-09	5.898014e-01	7.891866e-10
-8.868143e+00	0.000000e+00	9.320049e-01	1.983284e-09	5.904889e-01	7.985435e-10
-8.829520e+00	0.000000e+00	9.272311e-01	1.981592e-09	5.911772e-01	8.079324e-10
-8.790630e+00	0.000000e+00	9.225476e-01	1.979991e-09	5.918661e-01	8.173527e-10
-8.751471e+00	0.000000e+00	9.179579e-01	1.978505e-09	5.925560e-01	8.268052e-10
-8.712040e+00	0.000000e+00	9.134577e-01	1.977122e-09	5.932465e-01	8.362888e-10
-8.672335e+00	0.000000e+00	9.090410e-01	1.975824e-09	5.939378e-01	8.458039e-10
-8.632356e+00	0.000000e+00	9.047047e-01	1.974605e-09	5.946297e-01	8.553494e-10
-8.592099e+00	0.000000e+00	9.004448e-01	1.973454e-09	5.953221e-01	8.649252e-10
-8.551563e+00	0.000000e+00	8.962616e-01	1.972378e-09	5.960148e-01	8.745303e-10
-8.510747e+00	0.000000e+00	8.921540e-01	1.971379e-09	5.967072e-01	8.841629e-10
-8.469647e+00	0.000000e+00	8.881258e-01	1.970481e-09	5.974002e-01	8.938251e-10
-8.428263e+00	0.000000e+00	8.841669e-01	1.969644e-09	5.980934e-01	9.035157e-10
-8.386591e+00	0.000000e+00	8.802808e-01	1.968891e-09	5.987869e-01	9.132348e-10
-8.344631e+00	0.000000e+00	8.764642e-01	1.968212e-09	5.994807e-01	9.229823e-10
-8.302380e+00	0.000000e+00	8.727146e-01	1.967602e-09	6.001750e-01	9.327581e-10
-8.259836e+00	0.000000e+00	8.690285e-01	1.967050e-09	6.008695e-01	9.425613e-10
-8.216997e+00	0.000000e+00	8.654034e-01	1.966551e-09	6.015640e-01	9.523911e-10
-8.173861e+00	0.000000e+00	8.618423e-01	1.966122e-09	6.022584e-01	9.622470e-10
-8.130427e+00	0.000000e+00	8.583449e-01	1.965768e-09	6.029526e-01	9.721280e-10
-8.086691e+00	0.000000e+00	8.549042e-01	1.965462e-09	6.036465e-01	9.820342e-10
-8.042652e+00	0.000000e+00	8.515237e-01	1.965224e-09	6.043405e-01	9.919658e-10
-7.998307e+00	0.000000e+00	8.482028e-01	1.965057e-09	6.050348e-01	1.001923e-09
-7.953656e+00	0.000000e+00	8.449388e-01	1.964951e-09	6.057291e-01	1.011907e-09
-7.908694e+00	0.000000e+00	8.417260e-01	1.964887e-09	6.064233e-01	1.021913e-09
-7.863422e+00	0.000000e+00	8.385661e-01	1.964874e-09	6.071172e-01	1.031944e-09
-7.817835e+00	0.000000e+00	8.354581e-01	1.964913e-09	6.078103e-01	1.041996e-09
-7.771932e+00	0.000000e+00	8.323997e-01	1.964998e-09	6.085028e-01	1.052069e-09
-7.725711e+00	0.000000e+00	8.293923e-01	1.965138e-09	6.091951e-01	1.062165e-09
-7.679170e+00	0.000000e+00	8.264355e-01	1.965336e-09	6.098871e-01	1.072284e-09
-7.632306e+00	0.000000e+00	8.235266e-01	1.965582e-09	6.105788e-01	1.082424e-09
-7.585118e+00	0.000000e+00	8.206631e-01	1.965869e-09	6.112702e-01	1.092585e-09
-7.537602e+00	0.000000e+00	8.178438e-01	1.966194e-09	6.119610e-01	1.102767e-09
-7.489757e+00	0.000000e+00	8.150687e-01	1.966560e-09	6.126507e-01	1.112967e-09
-7.441580e+00	0.000000e+00	8.123365e-01	1.966965e-09	6.133395e-01	1.123185e-09
-7.393069e+00	0.000000e+00	8.096494e-01	1.967423e-09	6.140279e-01	1.133422e-09
-7.344222e+00	0.000000e+00	8.070045e-01	1.967923e-09	6.147155e-01	1.143678e-09
-7.295037e+00	0.000000e+00	8.044015e-01	1.968466e-09	6.154026e-01	1.153952e-09
-7.245510e+00	0.000000e+00	8.018408e-01	1.969058e-09	6.160894e-01	1.164245e-09
-7.195640e+00	0.000000e+00	7.993210e-01	1.969695e-09	6.167753e-01	1.174555e-09
-7.145425e+00	0.000000e+00	7.968406e-01	1.970372e-09	6.174601e-01	1.184880e-09
-7.094861e+00	0.000000e+00	7.943994e-01	1.971092e-09	6.181440e-01	1.195222e-09
-7.043947e+00	0.000000e+00	7.919960e-01	1.971851e-09	6.188269e-01	1.205577e-09
-6.992680e+00	0.000000e+00	7.896298e-01	1.972647e-09	6.195090e-01	1.215949e-09
-6.941058e+00	0.000000e+00	7.872992e-01	1.973477e-09	6.201901e-01	1.226335e-09
-6.889078e+00	0.000000e+00	7.850029e-01	1.974336e-09	6.208699e-01	1.236733e-09
-6.836737e+00	0.000000e+00	7.827402e-01	1.975223e-09	6.215482e-01	1.247143e-09
-6.784034e+00	0.000000e+00	7.805115e-01	1.976142e-09	6.222251e-01	1.257564e-09
-6.730965e+00	0.000000e+00	7.783180e-01	1.977103e-09	6.229009e-01	1.267998e-09
-6.677529e+00	0.000000e+00	7.761573e-01	1.978095e-09	6.235755e-01	1.278443e-09
-6.623722e+00	0.000000e+00	7.740287e-01	1.979118e-09	6.242489e-01	1.288899e-09
-6.569542e+00	0.000000e+00	7.719303e-01	1.980163e-09	6.249207e-01	1.299364e-09
-6.514987e+00	0.000000e+00	7.698648e-01	1.981247e-09	6.255910e-01	1.309838e-09
-6.460053e+00	0.000000e+00	7.678336e-01	1.982380e-09	6.262603e-01	1.320323e-09
-6.404739e+00	0.000000e+00	7.658324e-01	1.983541e-09	6.269281e-01	1.330816e-09
-6.349041e+00	0.000000e+00	7.638600e-01	1.984727e-09	6.275944e-01	1.341316e-09
-6.292957e+00	0.000000e+00	7.619158e-01	1.985936e-09	6.282590e-01	1.351823e-09
-6.236485e+00	0.000000e+00	7.599988e-01	1.987166e-09	6.289215e-01	1.362334e-09
-6.179621e+00	0.000000e+00	7.581116e-01	1.988431e-09	6.295824e-01	1.372851e-09
-6.122362e+00	0.000000e+00	7.562520e-01	1.989723e-09	6.302416e-01	1.383373e-09
-6.064707e+00	0.000000e+00	7.544186e-01	1.991036e-09	6.308989e-01	1.393899e-09
-6.006652e+00	0.000000e+00	7.526109e-01	1.992369e-09	6.315542e-01	1.404428e-09
-5.948195e+00	0.000000e+00	7.508294e-01	1.993727e-09	6.322074e-01	1.414959e-09
-5.889333e+00	0.000000e+00	7.490755e-01	1.995118e-09	6.328588e-01	1.425492e-09
-5.830062e+00	0.000000e+00	7.473481e-01	1.996539e-09	6.335085e-01	1.436028e-09
-5.770381e+00	0.000000e+00	7.456457e-01	1.997984e-09	6.341562e-01	1.446566e-09
-5.710286e+00	0.000000e+00	7.439671e-01	1.999447e-09	6.348017e-01	1.457102e-09
-5.649775e+00	0.000000e+00	7.423135e-01	2.000938e-09	6.354451e-01	1.467638e-09
-5.588844e+00	0.000000e+00	7.406860e-01	2.002464e-09	6.360866e-01	1.478175e-09
-5.527491e+00	0.000000e+00	7.390812e-01	2.004007e-09	6.367258e-01	1.488709e-09
-5.465712e+00	0.000000e+00	7.374981e-01	2.005565e-09	6.373626e-01	1.499240e-09
-5.403505e+00	0.000000e+00	7.359371e-01	2.007140e-09	6.379968e-01	1.509766e-09
-5.340867e+00	0.000000e+00	7.343990e-01	2.008740e-09	6.386285e-01	1.520287e-09
-5.277795e+00	0.000000e+00	7.328822e-01	2.010355e-09	6.392577e-01	1.530803e-09
-5.214286e+00	0.000000e+00	7.313888e-01	2.012001e-09	6.398849e-01	1.541316e-09
-5.150336e+00	0.000000e+00	7.299168e-01	2.013666e-09	6.405096e-01	1.551823e-09
-5.085943e+00	0.000000e+00	7.284668e-01	2.015355e-09	6.411318e-01	1.562322e-09
-5.021104e+00	0.000000e+00	7.270385e-01	2.017070e-09	6.417517e-01	1.572816e-09
-4.955815e+00	0.000000e+00	7.256316e-01	2.018809e-09	6.423693e-01	1.583303e-09
-4.890074e+00	0.000000e+00	7.242450e-01	2.020567e-09	6.429841e-01	1.593780e-09
-4.823877e+00	0.000000e+00	7.228779e-01	2.022342e-09	6.435960e-01	1.604247e-09
-4.757221e+00	0.000000e+00	7.215304e-01	2.024135e-09	6.442052e-01	1.614703e-09
-4.690104e+00	0.000000e+00	7.202023e-01	2.025946e-09	6.448116e-01	1.625148e-09
-4.622521e+00	0.000000e+00	7.188930e-01	2.027774e-09	6.454150e-01	1.635581e-09
-4.554469e+00	0.000000e+00	7.176035e-01	2.029626e-09	6.460157e-01	1.646002e-09
-4.485946e+00	0.000000e+00	7.163347e-01	2.031506e-09	6.466142e-01	1.656413e-09
-4.416948e+00	0.000000e+00	7.150833e-01	2.033399e-09	6.472095e-01	1.666809e-09
-4.347471e+00	0.000000e+00	7.138496e-01	2.035307e-09	6.478015e-01	1.677188e-09
-4.277513e+00	0.000000e+00	7.126332e-01	2.037230e-09	6.483904e-01	1.687552e-09
-4.207070e+00	0.000000e+00	7.114340e-01	2.039166e-09	6.489761e-01	1.697899e-09
-4.136139e+00	0.000000e+00	7.102527e-01	2.041122e-09	6.495587e-01	1.708229e-09
-4.064716e+00	0.000000e+00	7.090902e-01	2.043104e-09	6.501386e-01	1.718544e-09
-3.992798e+00	0.000000e+00	7.079438e-01	2.045098e-09	6.507151e-01	1.728839e-09
-3.920381e+00	0.000000e+00	7.068142e-01	2.047108e-09	6.512884e-01	1.739116e-09
-3.847463e+00	0.000000e+00	7.057022e-01	2.049140e-09	6.518587e-01	1.749374e-09
-3.774039e+00	0.000000e+00	7.046074e-01	2.051194e-09	6.524261e-01	1.759613e-09
-3.700106e+00	0.000000e+00	7.035289e-01	2.053265e-09	6.529900e-01	1.769831e-09
-3.625660e+00	0.000000e+00	7.024677e-01	2.055359e-09	6.535512e-01	1.780031e-09
-3.550699e+00	0.000000e+00	7.014217e-01	2.057466e-09	6.541088e-01	1.790207e-09
-3.475218e+00	0.000000e+00	7.003911e-01	2.059588e-09	6.546628e-01	1.800358e-09
-3.399214e+00	0.000000e+00	6.993751e-01	2.061720e-09	6.552131e-01	1.810485e-09
-3.322683e+00	0.000000e+00	6.983745e-01	2.063870e-09	6.557599e-01	1.820587e-09
-3.245621e+00	0.000000e+00	6.973889e-01	2.066035e-09	6.563032e-01	1.830664e-09
-3.168025e+00	0.000000e+00	6.964176e-01	2.068212e-09	6.568428e-01	1.840713e-09
-3.089892e+00	0.000000e+00	6.954614e-01	2.070406e-09	6.573788e-01	1.850737e-09
-3.011217e+00	0.000000e+00	6.945200e-01	2.072616e-09	6.579113e-01	1.860733e-09
-2.931996e+00	0.000000e+00	6.935944e-01	2.074852e-09	6.584408e-01	1.870705e-09
-2.852226e+00	0.000000e+00	6.926829e-01	2.077101e-09	6.589665e-01	1.880648e-09
-2.771904e+00	0.000000e+00	6.917855e-01	2.079365e-09	6.594885e-01	1.890562e-09
-2.691024e+00	0.000000e+00	6.909028e-01	2.081650e-09	6.600072e-01	1.900448e-09
-2.609584e+00	0.000000e+00	6.900328e-01	2.083943e-09	6.605216e-01	1.910300e-09
-2.527580e+00	0.000000e+00	6.891777e-01	2.086259e-09	6.610330e-01	1.920125e-09
-2.445007e+00	0.000000e+00	6.883360e-01	2.088589e-09	6.615405e-01	1.929918e-09
-2.361862e+00	0.000000e+00	6.875085e-01	2.090939e-09	6.620445e-01	1.939681e-09
-2.278140e+00	0.000000e+00	6.866924e-01	2.093294e-09	6.625439e-01	1.949406e-09
-2.193838e+00	0.000000e+00	6.858878e-01	2.095654e-09	6.630387e-01	1.959093e-09
-2.108952e+00	0.000000e+00	6.850965e-01	2.098031e-09	6.635296e-01	1.968745e-09
-2.023477e+00	0.000000e+00	6.843186e-01	2.100426e-09	6.640170e-01	1.978365e-09
-1.937410e+00	0.000000e+00	6.835520e-01	2.102828e-09	6.644997e-01	1.987944e-09
-1.850746e+00	0.000000e+00	6.828001e-01	2.105258e-09	6.649795e-01	1.997494e-09
-1.763481e+00	0.000000e+00	6.820618e-01	2.107709e-09	6.654560e-01	2.007011e-09
-1.675612e+00	0.000000e+00	6.813355e-01	2.110174e-09	6.659284e-01	2.016490e-09
-1.587133e+00	0.000000e+00	6.806209e-01	2.112651e-09	6.663965e-01	2.025929e-09
-1.498042e+00	0.000000e+00	6.799193e-01	2.115148e-09	6.668612e-01	2.035334e-09
-1.408332e+00	0.000000e+00	6.792288e-01	2.117654e-09	6.673213e-01	2.044696e-09
-1.318001e+00	0.000000e+00	6.785486e-01	2.120166e-09	6.677763e-01	2.054012e-09
-1.227044e+00	0.000000e+00	6.778806e-01	2.122695e-09	6.682274e-01	2.063289e-09
-1.135456e+00	0.000000e+00	6.772247e-01	2.125243e-09	6.686747e-01	2.072527e-09
-1.043233e+00	0.000000e+00	6.765804e-01	2.127805e-09	6.691179e-01	2.081724e-09
-9.503712e-01	0.000000e+00	6.759476e-01	2.130384e-09	6.695571e-01	2.090879e-09
-8.568655e-01	0.000000e+00	6.753251e-01	2.132970e-09	6.699912e-01	2.099987e-09
-7.627117e-01	0.000000e+00	6.747140e-01	2.135573e-09	6.704212e-01	2.109051e-09
-6.679053e-01	0.000000e+00	6.741140e-01	2.138190e-09	6.708467e-01	2.118070e-09
-5.724417e-01	0.000000e+00	6.735252e-01	2.140823e-09	6.712681e-01	2.127045e-09
-4.763164e-01	0.000000e+00	6.729489e-01	2.143482e-09	6.716863e-01	2.135983e-09
-3.795248e-01	0.000000e+00	6.723832e-01	2.146154e-09	6.720998e-01	2.144872e-09
-2.820622e-01	0.000000e+00	6.718280e-01	2.148840e-09	6.725084e-01	2.153712e-09
-1.839241e-01	0.000000e+00	6.712840e-01	2.151544e-09	6.729126e-01	2.162504e-09
-8.510567e-02	0.000000e+00	6.707527e-01	2.154277e-09	6.733134e-01	2.171256e-09
1.439771e-02	0.000000e+00	6.702465e-01	2.014454e-07	6.737223e-01	-4.842381e-08
1.145908e-01	0.000000e+00	6.697403e-01	4.404934e-06	6.741144e-01	-1.115172e-06
2.154784e-01	0.000000e+00	6.692410e-01	1.117249e-05	6.745008e-01	-2.826695e-06
3.170653e-01	0.000000e+00	6.687514e-01	1.961952e-05	6.748837e-01	-4.954934e-06
4.193564e-01	0.000000e+00	6.682704e-01	2.936268e-05	6.752626e-01	-7.400898e-06
5.223566e-01	0.000000e+00	6.677980e-01	4.016035e-05	6.756374e-01	-1.010135e-05
6.260707e-01	0.000000e+00	6.673344e-01	5.184541e-05	6.760083e-01	-1.301213e-05
7.305037e-01	0.000000e+00	6.668793e-01	6.428838e-05	6.763753e-01	-1.609998e-05
8.356606e-01	0.000000e+00	6.664322e-01	7.738424e-05	6.767376e-01	-1.933645e-05
9.415464e-01	0.000000e+00	6.659936e-01	9.105028e-05	6.770961e-01	-2.269760e-05
1.048166e+00	0.000000e+00	6.655632e-01	1.052085e-04	6.774504e-01	-2.616562e-05
1.155525e+00	0.000000e+00	6.651410e-01	1.197976e-04	6.778007e-01	-2.972249e-05
1.263628e+00	0.000000e+00	6.647268e-01	1.347650e-04	6.781467e-01	-3.335526e-05
1.372480e+00	0.000000e+00	6.643206e-01	1.500596e-04	6.784886e-01	-3.705110e-05
1.482087e+00	0.000000e+00	6.639225e-01	1.656417e-04	6.788265e-01	-4.079788e-05
1.592454e+00	0.000000e+00	6.635328e-01	1.814694e-04	6.791609e-01	-4.458575e-05
1.703586e+00	0.000000e+00	6.631506e-01	1.975102e-04	6.794907e-01	-4.840505e-05
1.815488e+00	0.000000e+00	6.627760e-01	2.137260e-04	6.798164e-01	-5.224641e-05
1.928165e+00	0.000000e+00	6.624093e-01	2.300867e-04	6.801383e-01	-5.609993e-05
2.041624e+00	0.000000e+00	6.620499e-01	2.465645e-04	6.804559e-01	-5.995883e-05
2.155869e+00	0.000000e+00	6.616978e-01	2.631400e-04	6.807690e-01	-6.381760e-05
2.270906e+00	0.000000e+00	6.613531e-01	2.797839e-04	6.810775e-01	-6.767197e-05
2.386741e+00	0.000000e+00	6.610160e-01	2.964776e-04	6.813823e-01	-7.151297e-05
2.503378e+00	0.000000e+00	6.606865e-01	3.132084e-04	6.816834e-01	-7.533777e-05
2.620824e+00	0.000000e+00	6.603642e-01	3.299487e-04	6.819804e-01	-7.914129e-05
2.739084e+00	0.000000e+00	6.600490e-01	3.466789e-04	6.822732e-01	-8.292200e-05
2.858164e+00	0.000000e+00	6.597412e-01	3.633832e-04	6.825626e-01	-8.667409e-05
2.978069e+00	0.000000e+00	6.594404e-01	3.800510e-04	6.828481e-01	-9.038932e-05
3.098805e+00	0.000000e+00	6.591464e-01	3.966627e-04	6.831291e-01	-9.406541e-05
3.220378e+00	0.000000e+00	6.588591e-01	4.132075e-04	6.834058e-01	-9.770049e-05
3.342794e+00	0.000000e+00	6.585786e-01	4.296738e-04	6.836779e-01	-1.012903e-04
3.466059e+00	0.000000e+00	6.583048e-01	4.460466e-04	6.839458e-01	-1.048274e-04
3.590177e+00	0.000000e+00	6.580379e-01	4.623213e-04	6.842102e-01	-1.083153e-04
3.715157e+00	0.000000e+00	6.577775e-01	4.784788e-04	6.844702e-01	-1.117502e-04
3.841002e+00	0.000000e+00	6.575239e-01	4.945132e-04	6.847268e-01	-1.151357e-04
3.967720e+00	0.000000e+00	6.572769e-01	5.104135e-04	6.849798e-01	-1.184675e-04
4.095316e+00	0.000000e+00	6.570363e-01	5.261709e-04	6.852292e-01	-1.217407e-04
4.223797e+00	0.000000e+00	6.568020e-01	5.417777e-04	6.854741e-01	-1.249500e-04
4.353168e+00	0.000000e+00	6.565741e-01	5.572284e-04	6.857149e-01	-1.280964e-04
4.483436e+00	0.000000e+00	6.563524e-01	5.725197e-04	6.859521e-01	-1.311825e-04
4.614607e+00	0.000000e+00	6.561370e-01	5.876411e-04	6.861855e-01	-1.342044e-04
4.746687e+00	0.000000e+00	6.559276e-01	6.025819e-04	6.864147e-01	-1.371570e-04
4.879683e+00	0.000000e+00	6.557242e-01	6.173295e-04	6.866401e-01	-1.400423e-04
5.013601e+00	0.000000e+00	6.555268e-01	6.318798e-04	6.868616e-01	-1.428549e-04
5.148447e+00	0.000000e+00	6.553353e-01	6.462383e-04	6.870790e-01	-1.455973e-04
5.284227e+00	0.000000e+00	6.551497e-01	6.603953e-04	6.872927e-01	-1.482726e-04
5.420949e+00	0.000000e+00	6.549700e-01	6.743522e-04	6.875029e-01	-1.508812e-04
5.558619e+00	0.000000e+00	6.547959e-01	6.880945e-04	6.877093e-01	-1.534137e-04
5.697242e+00	0.000000e+00	6.546276e-01	7.016179e-04	6.879120e-01	-1.558761e-04
5.836827e+00	0.000000e+00	6.544649e-01	7.149212e-04	6.881108e-01	-1.582620e-04
5.977379e+00	0.000000e+00	6.543077e-01	7.279944e-04	6.883058e-01	-1.605728e-04
6.118906e+00	0.000000e+00	6.541562e-01	7.408380e-04	6.884969e-01	-1.628077e-04
6.261413e+00	0.000000e+00	6.540101e-01	7.534537e-04	6.886847e-01	-1.649713e-04
6.404909e+00	0.000000e+00	6.538695e-01	7.658493e-04	6.888694e-01	-1.670644e-04
6.549399e+00	0.000000e+00	6.537341e-01	7.780278e-04	6.890511e-01	-1.690947e-04
6.694890e+00	0.000000e+00	6.536040e-01	7.899636e-04	6.892292e-01	-1.710507e-04
6.841390e+00	0.000000e+00	6.534791e-01	8.016662e-04	6.894037e-01	-1.729375e-04
6.988906e+00	0.000000e+00	6.533594e-01	8.131219e-04	6.895745e-01	-1.747504e-04
7.137444e+00	0.000000e+00	6.532447e-01	8.243290e-04	6.897420e-01	-1.764894e-04
7.287012e+00	0.000000e+00	6.531351e-01	8.352781e-04	6.899056e-01	-1.781462e-04
7.437616e+00	0.000000e+00	6.530305e-01	8.459740e-04	6.900653e-01	-1.797252e-04
7.589265e+00	0.000000e+00	6.529308e-01	8.564290e-04	6.902217e-01	-1.812297e-04
7.741964e+00	0.000000e+00	6.528360e-01	8.666422e-04	6.903749e-01	-1.826626e-04
7.895722e+00	0.000000e+00	6.527460e-01	8.766037e-04	6.905245e-01	-1.840234e-04
8.050546e+00	0.000000e+00	6.526608e-01	8.863297e-04	6.906711e-01	-1.853189e-04
8.206443e+00	0.000000e+00	6.525802e-01	8.958084e-04	6.908144e-01	-1.865449e-04
8.363421e+00	0.000000e+00	6.525042e-01	9.050463e-04	6.909552e-01	-1.877110e-04
8.521486e+00	0.000000e+00	6.524326e-01	9.140298e-04	6.910928e-01	-1.888069e-04
8.680648e+00	0.000000e+00	6.523656e-01	9.227691e-04	6.912275e-01	-1.898379e-04
8.840913e+00	0.000000e+00	6.523032e-01	9.312604e-04	6.913590e-01	-1.908006e-04
9.002288e+00	0.000000e+00	6.522452e-01	9.394948e-04	6.914871e-01	-1.916897e-04
9.164782e+00	0.000000e+00	6.521915e-01	9.474857e-04	6.916121e-01	-1.925108e-04
9.328403e+00	0.000000e+00	6.521422e-01	9.552190e-04	6.917340e-01	-1.932633e-04
9.493158e+00	0.000000e+00	6.520971e-01	9.626964e-04	6.918527e-01	-1.939452e-04
9.659054e+00	0.000000e+00	6.520563e-01	9.699274e-04	6.919683e-01	-1.945609e-04
9.826101e+00	0.000000e+00	6.520196e-01	9.769170e-04	6.920814e-01	-1.951179e-04
9.994306e+00	0.000000e+00	6.519870e-01	9.836612e-04	6.921915e-01	-1.956110e-04
1.016368e+01	0.000000e+00	6.519584e-01	9.901645e-04	6.922984e-01	-1.960397e-04
1.033422e+01	0.000000e+00	6.519338e-01	9.964348e-04	6.924027e-01	-1.964106e-04
1.050595e+01	0.000000e+00	6.519130e-01	1.002473e-03	6.925045e-01	-1.967270e-04
1.067886e+01	0.000000e+00	6.518960e-01	1.008285e-03	6.926038e-01	-1.969934e-04
1.085298e+01	0.000000e+00	6.518828e-01	1.013854e-03	6.927001e-01	-1.971965e-04
1.102830e+01	0.000000e+00	6.518735e-01	1.019193e-03	6.927937e-01	-1.973415e-04
1.120484e+01	0.000000e+00	6.518678e-01	1.024300e-03	6.928848e-01	-1.974311e-04
1.138260e+01	0.000000e+00	6.518656e-01	1.029171e-03	6.929735e-01	-1.974676e-04
1.156160e+01	0.000000e+00	6.518671e-01	1.033807e-03	6.930598e-01	-1.974521e-04
1.174183e+01	0.000000e+00	6.518721e-01	1.038223e-03	6.931435e-01	-1.973841e-04
1.192331e+01	0.000000e+00	6.518807e-01	1.042410e-03	6.932245e-01	-1.972608e-04
1.210606e+01	0.000000e+00	6.518927e-01	1.046367e-03	6.933029e-01	-1.970834e-04
1.229006e+01	0.000000e+00	6.519083e-01	1.050096e-03	6.933786e-01	-1.968514e-04
1.247535e+01	0.000000e+00	6.519271e-01	1.053602e-03	6.934520e-01	-1.965692e-04
1.266192e+01	0.000000e+00	6.519493e-01	1.056883e-03	6.935228e-01	-1.962352e-04
1.284978e+01	0.000000e+00	6.519748e-01	1.059942e-03	6.935913e-01	-1.958539e-04
1.303894e+01	0.000000e+00	6.520036e-01	1.062778e-03	6.936574e-01	-1.954226e-04
1.322942e+01	0.000000e+00	6.520354e-01	1.065402e-03	6.937214e-01	-1.949454e-04
1.342121e+01	0.000000e+00	6.520702e-01	1.067826e-03	6.937832e-01	-1.944260e-04
1.361434e+01	0.000000e+00	6.521081e-01	1.070039e-03	6.938430e-01	-1.938630e-04
1.380880e+01	0.000000e+00	6.521491e-01	1.072036e-03	6.939004e-01	-1.932627e-04
1.400461e+01	0.000000e+00	6.521930e-01	1.073837e-03	6.939558e-01	-1.926271e-04
1.420178e+01	0.000000e+00	6.522396e-01	1.075464e-03	6.940094e-01	-1.919609e-04
1.440032e+01	0.000000e+00	6.522890e-01	1.076911e-03	6.940612e-01	-1.912601e-04
1.460023e+01	0.000000e+00	6.523412e-01	1.078167e-03	6.941109e-01	-1.905209e-04
1.480152e+01	0.000000e+00	6.523961e-01	1.079233e-03	6.941587e-01	-1.897446e-04
1.500422e+01	0.000000e+00	6.524537e-01	1.080111e-03	6.942046e-01	-1.889335e-04
1.520831e+01	0.000000e+00	6.525140e-01	1.080792e-03	6.942483e-01	-1.880852e-04
1.541383e+01	0.000000e+00	6.525770e-01	1.081283e-03	6.942903e-01	-1.872014e-04
1.562076e+01	0.000000e+00	6.526425e-01	1.081587e-03	6.943303e-01	-1.862853e-04
1.582913e+01	0.000000e+00	6.527105e-01	1.081716e-03	6.943685e-01	-1.853397e-04
1.603895e+01	0.000000e+00	6.527811e-01	1.081666e-03	6.944048e-01	-1.843605e-04
1.625022e+01	0.000000e+00	6.528541e-01	1.081440e-03	6.944393e-01	-1.833527e-04
1.646295e+01	0.000000e+00	6.529295e-01	1.081045e-03	6.944721e-01	-1.823166e-04
1.667716e+01	0.000000e+00	6.530071e-01	1.080481e-03	6.945033e-01	-1.812538e-04
1.689286e+01	0.000000e+00	6.530871e-01	1.079752e-03	6.945329e-01	-1.801672e-04
1.711005e+01	0.000000e+00	6.531693e-01	1.078859e-03	6.945607e-01	-1.790548e-04
1.732874e+01	0.000000e+00	6.532537e-01	1.077803e-03	6.945869e-01	-1.779162e-04
1.754895e+01	0.000000e+00	6.533402e-01	1.076594e-03	6.946116e-01	-1.767547e-04
1.777069e+01	0.000000e+00	6.534288e-01	1.075235e-03	6.946349e-01	-1.755752e-04
1.799396e+01	0.000000e+00	6.535195e-01	1.073725e-03	6.946566e-01	-1.743748e-04
1.821878e+01	0.000000e+00	6.536122e-01	1.072064e-03	6.946767e-01	-1.731529e-04
1.844516e+01	0.000000e+00	6.537068e-01	1.070264e-03	6.946955e-01	-1.719115e-04
1.867311e+01	0.000000e+00	6.538033e-01	1.068334e-03	6.947130e-01	-1.706545e-04
1.890264e+01	0.000000e+00	6.539017e-01	1.066261e-03	6.947290e-01	-1.693800e-04
1.913376e+01	0.000000e+00	6.540020e-01	1.064053e-03	6.947438e-01	-1.680896e-04
1.936648e+01	0.000000e+00	6.541040e-01	1.061714e-03	6.947573e-01	-1.667844e-04
1.960082e+01	0.000000e+00	6.542077e-01	1.059249e-03	6.947696e-01	-1.654654e-04
1.983678e+01	0.000000e+00	6.543130e-01	1.056664e-03	6.947807e-01	-1.641321e-04
2.007437e+01	0.000000e+00	6.544200e-01	1.053961e-03	6.947905e-01	-1.627857e-04
2.031362e+01	0.000000e+00	6.545287e-01	1.051139e-03	6.947991e-01	-1.614266e-04
2.055452e+01	0.000000e+00	6.546389e-01	1.048211e-03	6.948066e-01	-1.600580e-04
2.079709e+01	0.000000e+00	6.547507e-01	1.045164e-03	6.948130e-01	-1.586775e-04
2.104134e+01	0.000000e+00	6.548639e-01	1.042005e-03	6.948183e-01	-1.572870e-04
2.128728e+01	0.000000e+00	6.549785e-01	1.038735e-03	6.948225e-01	-1.558858e-04
2.153493e+01	0.000000e+00	6.550947e-01	1.035358e-03	6.948255e-01	-1.544756e-04
2.178430e+01	0.000000e+00	6.552121e-01	1.031881e-03	6.948276e-01	-1.530590e-04
2.203539e+01	0.000000e+00	6.553309e-01	1.028304e-03	6.948286e-01	-1.516348e-04
2.228823e+01	0.000000e+00	6.554510e-01	1.024631e-03	6.948286e-01	-1.502031e-04
2.254282e+01	0.000000e+00	6.555724e-01	1.020864e-03	6.948276e-01	-1.487660e-04
2.279917e+01	0.000000e+00	6.556949e-01	1.017010e-03	6.948258e-01	-1.473255e-04
2.305730e+01	0.000000e+00	6.558186e-01	1.013066e-03	6.948230e-01	-1.458800e-04
2.331722e+01	0.000000e+00	6.559434e-01	1.009034e-03	6.948193e-01	-1.444307e-04
2.357894e+01	0.000000e+00	6.560693e-01	1.004916e-03	6.948147e-01	-1.429788e-04
2.384247e+01	0.000000e+00	6.561963e-01	1.000716e-03	6.948094e-01	-1.415243e-04
2.410784e+01	0.000000e+00	6.563242e-01	9.964390e-04	6.948033e-01	-1.400681e-04
2.437504e+01	0.000000e+00	6.564531e-01	9.920892e-04	6.947964e-01	-1.386104e-04
2.464409e+01	0.000000e+00	6.565830e-01	9.876653e-04	6.947887e-01	-1.371517e-04
2.491501e+01	0.000000e+00	6.567139e-01	9.831653e-04	6.947801e-01	-1.356897e-04
2.518780e+01	0.000000e+00	6.568457e-01	9.785972e-04	6.947709e-01	-1.342265e-04
2.546249e+01	0.000000e+00	6.569783e-01	9.739650e-04	6.947608e-01	-1.327641e-04
2.573908e+01	0.000000e+00	6.571118e-01	9.692685e-04	6.947501e-01	-1.313032e-04
2.601759e+01	0.000000e+00	6.572460e-01	9.645142e-04	6.947387e-01	-1.298452e-04
2.629803e+01	0.000000e+00	6.573808e-01	9.597001e-04	6.947268e-01	-1.283901e-04
2.658041e+01	0.000000e+00	6.575164e-01	9.548253e-04	6.947143e-01	-1.269374e-04
2.686475e+01	0.000000e+00	6.576526e-01	9.498960e-04	6.947011e-01	-1.254880e-04
2.715106e+01	0.000000e+00	6.577895e-01	9.449164e-04	6.946873e-01	-1.240425e-04
2.743936e+01	0.000000e+00	6.579270e-01	9.398869e-04	6.946730e-01	-1.226006e-04
2.772965e+01	0.000000e+00	6.580651e-01	9.348054e-04	6.946580e-01	-1.211637e-04
2.802196e+01	0.000000e+00	6.582038e-01	9.296725e-04	6.946424e-01	-1.197319e-04
2.831629e+01	0.000000e+00	6.583431e-01	9.244923e-04	6.946264e-01	-1.183058e-04
2.861266e+01	0.000000e+00	6.584828e-01	9.192701e-04	6.946098e-01	-1.168851e-04
2.891109e+01	0.000000e+00	6.586230e-01	9.140081e-04	6.945927e-01	-1.154696e-04
2.921158e+01	0.000000e+00	6.587636e-01	9.087073e-04	6.945751e-01	-1.140597e-04
2.951416e+01	0.000000e+00	6.589047e-01	9.033712e-04	6.945571e-01	-1.126563e-04
2.981884e+01	0.000000e+00	6.590461e-01	8.979986e-04	6.945386e-01	-1.112592e-04
3.012562e+01	0.000000e+00	6.591878e-01	8.925908e-04	6.945196e-01	-1.098687e-04
3.043454e+01	0.000000e+00	6.593300e-01	8.871488e-04	6.945002e-01	-1.084862e-04
3.074559e+01	0.000000e+00	6.594725e-01	8.816738e-04	6.944804e-01	-1.071111e-04
3.105881e+01	0.000000e+00	6.596153e-01	8.761666e-04	6.944601e-01	-1.057444e-04
3.137419e+01	0.000000e+00	6.597583e-01	8.706289e-04	6.944395e-01	-1.043857e-04
3.169176e+01	0.000000e+00	6.599015e-01	8.650648e-04	6.944186e-01	-1.030362e-04
3.201153e+01	0.000000e+00	6.600450e-01	8.594771e-04	6.943972e-01	-1.016957e-04
3.233351e+01	0.000000e+00	6.601886e-01	8.538679e-04	6.943755e-01	-1.003649e-04
3.265773e+01	0.000000e+00	6.603324e-01	8.482403e-04	6.943534e-01	-9.904296e-05
3.298420e+01	0.000000e+00	6.604763e-01	8.425920e-04	6.943311e-01	-9.773068e-05
3.331293e+01	0.000000e+00	6.606204e-01	8.369230e-04	6.943084e-01	-9.642923e-05
3.364393e+01	0.000000e+00	6.607644e-01	8.312404e-04	6.942854e-01	-9.513760e-05
3.397724e+01	0.000000e+00	6.609086e-01	8.255425e-04	6.942622e-01	-9.385592e-05
3.431285e+01	0.000000e+00	6.610528e-01	8.198318e-04	6.942386e-01	-9.258379e-05
3.465079e+01	0.000000e+00	6.611971e-01	8.141063e-04	6.942148e-01	-9.132211e-05
3.499107e+01	0.000000e+00	6.613414e-01	8.083640e-04	6.941906e-01	-9.007081e-05
3.533371e+01	0.000000e+00	6.614858e-01	8.026112e-04	6.941662e-01	-8.882878e-05
3.567872e+01	0.000000e+00	6.616301e-01	7.968533e-04	6.941416e-01	-8.759813e-05
3.602613e+01	0.000000e+00	6.617743e-01	7.910897e-04	6.941167e-01	-8.637925e-05
3.637594e+01	0.000000e+00	6.619184e-01	7.853243e-04	6.940916e-01	-8.517158e-05
3.672818e+01	0.000000e+00	6.620624e-01	7.795527e-04	6.940664e-01	-8.397504e-05
3.708286e+01	0.000000e+00	6.622063e-01	7.737782e-04	6.940409e-01	-8.279064e-05
3.744000e+01	0.000000e+00	6.623500e-01	7.680031e-04	6.940152e-01	-8.161814e-05
3.779962e+01	0.000000e+00	6.624936e-01	7.622306e-04	6.939894e-01	-8.045716e-05
3.816173e+01	0.000000e+00	6.626370e-01	7.564611e-04	6.939634e-01	-7.930757e-05
3.852634e+01	0.000000e+00	6.627802e-01	7.506902e-04	6.939372e-01	-7.816957e-05
3.889349e+01	0.000000e+00	6.629232e-01	7.449236e-04	6.939109e-01	-7.704301e-05
3.926318e+01	0.000000e+00	6.630660e-01	7.391616e-04	6.938844e-01	-7.592797e-05
3.963543e+01	0.000000e+00	6.632086e-01	7.334019e-04	6.938578e-01	-7.482452e-05
4.001027e+01	0.000000e+00	6.633510e-01	7.276451e-04	6.938309e-01	-7.373134e-05
4.038770e+01	0.000000e+00	6.634931e-01	7.218909e-04	6.938039e-01	-7.264784e-05
4.076774e+01	0.000000e+00	6.636350e-01	7.161430e-04	6.937768e-01	-7.157584e-05
4.115043e+01	0.000000e+00	6.637766e-01	7.104061e-04	6.937495e-01	-7.051583e-05
4.153576e+01	0.000000e+00	6.639178e-01	7.046796e-04	6.937222e-01	-6.946838e-05
4.192377e+01	0.000000e+00	6.640587e-01	6.989664e-04	6.936947e-01	-6.843265e-05
4.231446e+01	0.000000e+00	6.641992e-01	6.932659e-04	6.936672e-01	-6.740805e-05
4.270786e+01	0.000000e+00	6.643394e-01	6.875785e-04	6.936396e-01	-6.639590e-05
4.310399e+01	0.000000e+00	6.644792e-01	6.819043e-04	6.936119e-01	-6.539526e-05
4.350287e+01	0.000000e+00	6.646186e-01	6.762462e-04	6.935841e-01	-6.440642e-05
4.390451e+01	0.000000e+00	6.647577e-01	6.706036e-04	6.935563e-01	-6.342871e-05
4.430894e+01	0.000000e+00	6.648963e-01	6.649774e-04	6.935284e-01	-6.246236e-05
4.471616e+01	0.000000e+00	6.650345e-01	6.593691e-04	6.935004e-01	-6.150749e-05
4.512621e+01	0.000000e+00	6.651722e-01	6.537775e-04	6.934724e-01	-6.056382e-05
4.553911e+01	0.000000e+00	6.653096e-01	6.482025e-04	6.934443e-01	-5.963094e-05
4.595486e+01	0.000000e+00	6.654465e-01	6.426483e-04	6.934161e-01	-5.870959e-05
4.637350e+01	0.000000e+00	6.655829e-01	6.371123e-04	6.933879e-01	-5.779882e-05
4.679504e+01	0.000000e+00	6.657189e-01	6.315957e-04	6.933597e-01	-5.689891e-05
4.721950e+01	0.000000e+00	6.658544e-01	6.261000e-04	6.933314e-01	-5.601025e-05
4.764690e+01	0.000000e+00	6.659894e-01	6.206249e-04	6.933031e-01	-5.513236e-05
4.807727e+01	0.000000e+00	6.661240e-01	6.151715e-04	6.932748e-01	-5.426536e-05
4.851062e+01	0.000000e+00	6.662580e-01	6.097394e-04	6.932464e-01	-5.340923e-05
4.894697e+01	0.000000e+00	6.663915e-01	6.043298e-04	6.932180e-01	-5.256390e-05
4.938635e+01	0.000000e+00	6.665245e-01	5.989445e-04	6.931897e-01	-5.172963e-05
4.982877e+01	0.000000e+00	6.666569e-01	5.935829e-04	6.931613e-01	-5.090600e-05
5.027426e+01	0.000000e+00	6.667888e-01	5.882455e-04	6.931329e-01	-5.009308e-05
5.072284e+01	0.000000e+00	6.669202e-01	5.829322e-04	6.931044e-01	-4.929070e-05
5.117453e+01	0.000000e+00	6.670510e-01	5.776444e-04	6.930760e-01	-4.849895e-05
5.162934e+01	0.000000e+00	6.671812e-01	5.723840e-04	6.930476e-01	-4.771786e-05
5.208732e+01	0.000000e+00	6.673109e-01	5.671487e-04	6.930192e-01	-4.694707e-05
5.254846e+01	0.000000e+00	6.674400e-01	5.619403e-04	6.929908e-01	-4.618627e-05
5.301280e+01	0.000000e+00	6.675685e-01	5.567594e-04	6.929624e-01	-4.543601e-05
5.348036e+01	0.000000e+00	6.676965e-01	5.516069e-04	6.929341e-01	-4.469617e-05
5.395116e+01	0.000000e+00	6.678238e-01	5.464818e-04	6.929057e-01	-4.396642e-05
5.442523e+01	0.000000e+00	6.679506e-01	5.413830e-04	6.928774e-01	-4.324619e-05
5.490258e+01	0.000000e+00	6.680768e-01	5.363136e-04	6.928491e-01	-4.253627e-05
5.538324e+01	0.000000e+00	6.682023e-01	5.312734e-04	6.928208e-01	-4.183631e-05
5.586723e+01	0.000000e+00	6.683273e-01	5.262623e-04	6.927925e-01	-4.114623e-05
5.635458e+01	0.000000e+00	6.684516e-01	5.212810e-04	6.927642e-01	-4.046621e-05
5.684530e+01	0.000000e+00	6.685753e-01	5.163274e-04	6.927360e-01	-3.979590e-05
5.733943e+01	0.000000e+00	6.686984e-01	5.114040e-04	6.927078e-01	-3.913520e-05
5.783698e+01	0.000000e+00	6.688209e-01	5.065102e-04	6.926797e-01	-3.848396e-05
5.833798e+01	0.000000e+00	6.689428e-01	5.016473e-04	6.926516e-01	-3.784239e-05
5.884245e+01	0.000000e+00	6.690639e-01	4.968154e-04	6.926235e-01	-3.721027e-05
5.935042e+01	0.000000e+00	6.691845e-01	4.920127e-04	6.925955e-01	-3.658714e-05
5.986191e+01	0.000000e+00	6.693045e-01	4.872361e-04	6.925674e-01	-3.597228e-05
6.037695e+01	0.000000e+00	6.694239e-01	4.824888e-04	6.925393e-01	-3.536625e-05
6.089556e+01	0.000000e+00	6.695427e-01	4.777741e-04	6.925114e-01	-3.476943e-05
6.141776e+01	0.000000e+00	6.696608e-01	4.730904e-04	6.924834e-01	-3.418179e-05
6.194358e+01	0.000000e+00	6.697782e-01	4.684370e-04	6.924555e-01	-3.360324e-05
6.247304e+01	0.000000e+00	6.698951e-01	4.638162e-04	6.924277e-01	-3.303352e-05
6.300618e+01	0.000000e+00	6.700112e-01	4.592272e-04	6.923999e-01	-3.247253e-05
6.354301e+01	0.000000e+00	6.701267e-01	4.546708e-04	6.923722e-01	-3.192017e-05
6.408356e+01	0.000000e+00	6.702415e-01	4.501451e-04	6.923445e-01	-3.137614e-05
6.462786e+01	0.000000e+00	6.703557e-01	4.456510e-04	6.923168e-01	-3.084044e-05
6.517594e+01	0.000000e+00	6.704693e-01	4.411876e-04	6.922892e-01	-3.031291e-05
6.572781e+01	0.000000e+00	6.705822e-01	4.367559e-04	6.922617e-01	-2.979330e-05
6.628350e+01	0.000000e+00	6.706946e-01	4.323546e-04	6.922341e-01	-2.928167e-05
6.684305e+01	0.000000e+00	6.708062e-01	4.279848e-04	6.922067e-01	-2.877765e-05
6.740648e+01	0.000000e+00	6.709173e-01	4.236458e-04	6.921792e-01	-2.828136e-05
6.797381e+01	0.000000e+00	6.710276e-01	4.193373e-04	6.921519e-01	-2.779262e-05
6.854508e+01	0.000000e+00	6.711374e-01	4.150586e-04	6.921245e-01	-2.731122e-05
6.912030e+01	0.000000e+00	6.712466e-01	4.108100e-04	6.920972e-01	-2.683754e-05
6.969951e+01	0.000000e+00	6.713551e-01	4.065926e-04	6.920700e-01	-2.637137e-05
7.028274e+01	0.000000e+00	6.714629e-01	4.024077e-04	6.920428e-01	-2.591254e-05
7.087001e+01	0.000000e+00	6.715701e-01	3.982555e-04	6.920156e-01	-2.546087e-05
7.146135e+01	0.000000e+00	6.716767e-01	3.941346e-04	6.919886e-01	-2.501644e-05
7.205679e+01	0.000000e+00	6.717827e-01	3.900447e-04	6.919616e-01	-2.457913e-05
7.265636e+01	0.000000e+00	6.718880e-01	3.859867e-04	6.919346e-01	-2.414874e-05
7.326008e+01	0.000000e+00	6.719926e-01	3.819606e-04	6.919077e-01	-2.372505e-05
7.386799e+01	0.000000e+00	6.720967e-01	3.779670e-04	6.918809e-01	-2.330813e-05
7.448011e+01	0.000000e+00	6.722001e-01	3.740041e-04	6.918541e-01	-2.289768e-05
7.509648e+01	0.000000e+00	6.723029e-01	3.700729e-04	6.918274e-01	-2.249409e-05
7.571711e+01	0.000000e+00	6.724050e-01	3.661732e-04	6.918007e-01	-2.209676e-05
7.634205e+01	0.000000e+00	6.725066e-01	3.623034e-04	6.917741e-01	-2.170569e-05
7.697132e+01	0.000000e+00	6.726075e-01	3.584652e-04	6.917476e-01	-2.132116e-05
7.760496e+01	0.000000e+00	6.727077e-01	3.546597e-04	6.917211e-01	-2.094287e-05
7.824298e+01	0.000000e+00	6.728074e-01	3.508841e-04	6.916947e-01	-2.057053e-05
7.888543e+01	0.000000e+00	6.729064e-01	3.471403e-04	6.916684e-01	-2.020441e-05
7.953233e+01	0.000000e+00	6.730048e-01	3.434277e-04	6.916421e-01	-1.984424e-05
8.018372e+01	0.000000e+00	6.731026e-01	3.397470e-04	6.916159e-01	-1.949007e-05
8.083962e+01	0.000000e+00	6.731997e-01	3.360975e-04	6.915898e-01	-1.914184e-05
8.150006e+01	0.000000e+00	6.732962e-01	3.324777e-04	6.915637e-01	-1.879912e-05
8.216509e+01	0.000000e+00	6.733921e-01	3.288897e-04	6.915377e-01	-1.846221e-05
8.283472e+01	0.000000e+00	6.734874e-01	3.253334e-04	6.915118e-01	-1.813104e-05
8.350900e+01	0.000000e+00	6.735820e-01	3.218085e-04	6.914860e-01	-1.780538e-05
8.418795e+01	0.000000e+00	6.736760e-01	3.183133e-04	6.914602e-01	-1.748507e-05
8.487160e+01	0.000000e+00	6.737695e-01	3.148488e-04	6.914345e-01	-1.717014e-05
