-1.434000e+01	0.000000e+00	-9.095296e-02	-2.116401e-11	4.945793e-01	-6.012072e-10
-1.433931e+01	0.000000e+00	-9.109810e-02	-2.122277e-11	4.944919e-01	-6.007610e-10
-1.433861e+01	0.000000e+00	-9.124532e-02	-2.128219e-11	4.944036e-01	-6.003102e-10
-1.433791e+01	0.000000e+00	-9.139466e-02	-2.134249e-11	4.943145e-01	-5.998570e-10
-1.433720e+01	0.000000e+00	-9.154614e-02	-2.140398e-11	4.942244e-01	-5.993997e-10
-1.433649e+01	0.000000e+00	-9.169979e-02	-2.146664e-11	4.941334e-01	-5.989390e-10
-1.433577e+01	0.000000e+00	-9.185562e-02	-2.152974e-11	4.940415e-01	-5.984748e-10
-1.433505e+01	0.000000e+00	-9.201368e-02	-2.159402e-11	4.939486e-01	-5.980064e-10
-1.433432e+01	0.000000e+00	-9.217397e-02	-2.165934e-11	4.938549e-01	-5.975344e-10
-1.433359e+01	0.000000e+00	-9.233654e-02	-2.172673e-11	4.937603e-01	-5.970598e-10
-1.433285e+01	0.000000e+00	-9.250141e-02	-2.179427e-11	4.936647e-01	-5.965807e-10
-1.433211e+01	0.000000e+00	-9.266859e-02	-2.186343e-11	4.935683e-01	-5.960984e-10
-1.433136e+01	0.000000e+00	-9.283813e-02	-2.193254e-11	4.934709e-01	-5.956123e-10
-1.433060e+01	0.000000e+00	-9.301004e-02	-2.200386e-11	4.933726e-01	-5.951222e-10
-1.432985e+01	0.000000e+00	-9.318435e-02	-2.207627e-11	4.932734e-01	-5.946295e-10
-1.432908e+01	0.000000e+00	-9.336110e-02	-2.214981e-11	4.931733e-01	-5.941324e-10
-1.432831e+01	0.000000e+00	-9.354030e-02	-2.222383e-11	4.930723e-01	-5.936315e-10
-1.432754e+01	0.000000e+00	-9.372199e-02	-2.229999e-11	4.929704e-01	-5.931275e-10
-1.432676e+01	0.000000e+00	-9.390619e-02	-2.237662e-11	4.928676e-01	-5.926194e-10
-1.432598e+01	0.000000e+00	-9.409294e-02	-2.245530e-11	4.927639e-01	-5.921079e-10
-1.432518e+01	0.000000e+00	-9.428225e-02	-2.253446e-11	4.926593e-01	-5.915927e-10
-1.432439e+01	0.000000e+00	-9.447416e-02	-2.261476e-11	4.925537e-01	-5.910738e-10
-1.432359e+01	0.000000e+00	-9.466871e-02	-2.269691e-11	4.924473e-01	-5.905515e-10
-1.432278e+01	0.000000e+00	-9.486590e-02	-2.278005e-11	4.923400e-01	-5.900254e-10
-1.432197e+01	0.000000e+00	-9.506578e-02	-2.286407e-11	4.922318e-01	-5.894954e-10
-1.432115e+01	0.000000e+00	-9.526838e-02	-2.295092e-11	4.921227e-01	-5.889625e-10
-1.432033e+01	0.000000e+00	-9.547371e-02	-2.303731e-11	4.920127e-01	-5.884251e-10
-1.431950e+01	0.000000e+00	-9.568182e-02	-2.312620e-11	4.919018e-01	-5.878845e-10
-1.431866e+01	0.000000e+00	-9.589273e-02	-2.321599e-11	4.917901e-01	-5.873404e-10
-1.431782e+01	0.000000e+00	-9.610648e-02	-2.330792e-11	4.916775e-01	-5.867927e-10
-1.431697e+01	0.000000e+00	-9.632308e-02	-2.339987e-11	4.915640e-01	-5.862408e-10
-1.431612e+01	0.000000e+00	-9.654258e-02	-2.349426e-11	4.914496e-01	-5.856860e-10
-1.431526e+01	0.000000e+00	-9.676499e-02	-2.359032e-11	4.913344e-01	-5.851273e-10
-1.431440e+01	0.000000e+00	-9.699036e-02	-2.368664e-11	4.912183e-01	-5.845646e-10
-1.431353e+01	0.000000e+00	-9.721871e-02	-2.378594e-11	4.911014e-01	-5.839989e-10
-1.431265e+01	0.000000e+00	-9.745006e-02	-2.388597e-11	4.909836e-01	-5.834294e-10
-1.431177e+01	0.000000e+00	-9.768446e-02	-2.398800e-11	4.908650e-01	-5.828564e-10
-1.431088e+01	0.000000e+00	-9.792194e-02	-2.409101e-11	4.907455e-01	-5.822797e-10
-1.430998e+01	0.000000e+00	-9.816251e-02	-2.419632e-11	4.906253e-01	-5.816995e-10
-1.430908e+01	0.000000e+00	-9.840622e-02	-2.430229e-11	4.905042e-01	-5.811156e-10
-1.430817e+01	0.000000e+00	-9.865309e-02	-2.441043e-11	4.903822e-01	-5.805285e-10
-1.430726e+01	0.000000e+00	-9.890317e-02	-2.452047e-11	4.902595e-01	-5.799378e-10
-1.430634e+01	0.000000e+00	-9.915646e-02	-2.463204e-11	4.901360e-01	-5.793438e-10
-1.430541e+01	0.000000e+00	-9.941302e-02	-2.474517e-11	4.900117e-01	-5.787455e-10
-1.430448e+01	0.000000e+00	-9.967286e-02	-2.486020e-11	4.898867e-01	-5.781447e-10
-1.430354e+01	0.000000e+00	-9.993603e-02	-2.497707e-11	4.897608e-01	-5.775399e-10
-1.430260e+01	0.000000e+00	-1.002025e-01	-2.509543e-11	4.896342e-01	-5.769321e-10
-1.430164e+01	0.000000e+00	-1.004724e-01	-2.521541e-11	4.895068e-01	-5.763205e-10
-1.430068e+01	0.000000e+00	-1.007458e-01	-2.533763e-11	4.893787e-01	-5.757057e-10
-1.429972e+01	0.000000e+00	-1.010225e-01	-2.546136e-11	4.892499e-01	-5.750872e-10
-1.429875e+01	0.000000e+00	-1.013028e-01	-2.558739e-11	4.891203e-01	-5.744655e-10
-1.429777e+01	0.000000e+00	-1.015865e-01	-2.571437e-11	4.889900e-01	-5.738402e-10
-1.429678e+01	0.000000e+00	-1.018738e-01	-2.584378e-11	4.888591e-01	-5.732116e-10
-1.429579e+01	0.000000e+00	-1.021647e-01	-2.597532e-11	4.887274e-01	-5.725803e-10
-1.429479e+01	0.000000e+00	-1.024591e-01	-2.610905e-11	4.885950e-01	-5.719452e-10
-1.429378e+01	0.000000e+00	-1.027572e-01	-2.624422e-11	4.884620e-01	-5.713069e-10
-1.429277e+01	0.000000e+00	-1.030590e-01	-2.638214e-11	4.883283e-01	-5.706655e-10
-1.429175e+01	0.000000e+00	-1.033644e-01	-2.652133e-11	4.881940e-01	-5.700206e-10
-1.429072e+01	0.000000e+00	-1.036736e-01	-2.666304e-11	4.880590e-01	-5.693728e-10
-1.428969e+01	0.000000e+00	-1.039865e-01	-2.680700e-11	4.879234e-01	-5.687217e-10
-1.428864e+01	0.000000e+00	-1.043033e-01	-2.695269e-11	4.877873e-01	-5.680675e-10
-1.428759e+01	0.000000e+00	-1.046238e-01	-2.710040e-11	4.876505e-01	-5.674098e-10
-1.428654e+01	0.000000e+00	-1.049482e-01	-2.725082e-11	4.875131e-01	-5.667495e-10
-1.428547e+01	0.000000e+00	-1.052765e-01	-2.740298e-11	4.873751e-01	-5.660859e-10
-1.428440e+01	0.000000e+00	-1.056087e-01	-2.755778e-11	4.872366e-01	-5.654191e-10
-1.428332e+01	0.000000e+00	-1.059448e-01	-2.771424e-11	4.870976e-01	-5.647494e-10
-1.428224e+01	0.000000e+00	-1.062849e-01	-2.787312e-11	4.869580e-01	-5.640763e-10
-1.428115e+01	0.000000e+00	-1.066290e-01	-2.803462e-11	4.868179e-01	-5.634005e-10
-1.428004e+01	0.000000e+00	-1.069772e-01	-2.819826e-11	4.866773e-01	-5.627216e-10
-1.427894e+01	0.000000e+00	-1.073294e-01	-2.836429e-11	4.865362e-01	-5.620399e-10
-1.427782e+01	0.000000e+00	-1.076857e-01	-2.853269e-11	4.863947e-01	-5.613554e-10
-1.427669e+01	0.000000e+00	-1.080461e-01	-2.870300e-11	4.862527e-01	-5.606675e-10
-1.427556e+01	0.000000e+00	-1.084107e-01	-2.887684e-11	4.861103e-01	-5.599775e-10
-1.427442e+01	0.000000e+00	-1.087794e-01	-2.905275e-11	4.859674e-01	-5.592845e-10
-1.427328e+01	0.000000e+00	-1.091524e-01	-2.923093e-11	4.858242e-01	-5.585883e-10
-1.427212e+01	0.000000e+00	-1.095296e-01	-2.941121e-11	4.856805e-01	-5.578894e-10
-1.427096e+01	0.000000e+00	-1.099110e-01	-2.959516e-11	4.855365e-01	-5.571882e-10
-1.426978e+01	0.000000e+00	-1.102967e-01	-2.978214e-11	4.853921e-01	-5.564841e-10
-1.426860e+01	0.000000e+00	-1.106868e-01	-2.996970e-11	4.852474e-01	-5.557774e-10
-1.426742e+01	0.000000e+00	-1.110812e-01	-3.016090e-11	4.851024e-01	-5.550679e-10
-1.426622e+01	0.000000e+00	-1.114800e-01	-3.035435e-11	4.849571e-01	-5.543560e-10
-1.426502e+01	0.000000e+00	-1.118831e-01	-3.055124e-11	4.848115e-01	-5.536411e-10
-1.426380e+01	0.000000e+00	-1.122907e-01	-3.075002e-11	4.846656e-01	-5.529238e-10
-1.426258e+01	0.000000e+00	-1.127028e-01	-3.095215e-11	4.845194e-01	-5.522041e-10
-1.426135e+01	0.000000e+00	-1.131193e-01	-3.115757e-11	4.843731e-01	-5.514820e-10
-1.426011e+01	0.000000e+00	-1.135403e-01	-3.136542e-11	4.842265e-01	-5.507574e-10
-1.425887e+01	0.000000e+00	-1.139658e-01	-3.157568e-11	4.840797e-01	-5.500304e-10
-1.425761e+01	0.000000e+00	-1.143959e-01	-3.178921e-11	4.839327e-01	-5.493006e-10
-1.425635e+01	0.000000e+00	-1.148305e-01	-3.200523e-11	4.837856e-01	-5.485688e-10
-1.425507e+01	0.000000e+00	-1.152698e-01	-3.222469e-11	4.836383e-01	-5.478348e-10
-1.425379e+01	0.000000e+00	-1.157136e-01	-3.244722e-11	4.834910e-01	-5.470984e-10
-1.425250e+01	0.000000e+00	-1.161621e-01	-3.267185e-11	4.833435e-01	-5.463596e-10
-1.425120e+01	0.000000e+00	-1.166152e-01	-3.290028e-11	4.831959e-01	-5.456187e-10
-1.424989e+01	0.000000e+00	-1.170730e-01	-3.313133e-11	4.830483e-01	-5.448756e-10
-1.424857e+01	0.000000e+00	-1.175355e-01	-3.336616e-11	4.829007e-01	-5.441303e-10
-1.424725e+01	0.000000e+00	-1.180027e-01	-3.360301e-11	4.827530e-01	-5.433828e-10
-1.424591e+01	0.000000e+00	-1.184746e-01	-3.384395e-11	4.826053e-01	-5.426334e-10
-1.424457e+01	0.000000e+00	-1.189513e-01	-3.408774e-11	4.824576e-01	-5.418818e-10
-1.424321e+01	0.000000e+00	-1.194327e-01	-3.433505e-11	4.823100e-01	-5.411284e-10
-1.424185e+01	0.000000e+00	-1.199189e-01	-3.458498e-11	4.821624e-01	-5.403729e-10
-1.424047e+01	0.000000e+00	-1.204099e-01	-3.483851e-11	4.820148e-01	-5.396153e-10
-1.423909e+01	0.000000e+00	-1.209058e-01	-3.509515e-11	4.818674e-01	-5.388555e-10
-1.423770e+01	0.000000e+00	-1.214064e-01	-3.535538e-11	4.817200e-01	-5.380942e-10
-1.423630e+01	0.000000e+00	-1.219119e-01	-3.561866e-11	4.815728e-01	-5.373308e-10
-1.423488e+01	0.000000e+00	-1.224222e-01	-3.588543e-11	4.814258e-01	-5.365656e-10
-1.423346e+01	0.000000e+00	-1.229374e-01	-3.615542e-11	4.812789e-01	-5.357988e-10
-1.423203e+01	0.000000e+00	-1.234575e-01	-3.642917e-11	4.811322e-01	-5.350297e-10
-1.423059e+01	0.000000e+00	-1.239824e-01	-3.670601e-11	4.809857e-01	-5.342593e-10
-1.422914e+01	0.000000e+00	-1.245123e-01	-3.698657e-11	4.808394e-01	-5.334873e-10
-1.422768e+01	0.000000e+00	-1.250470e-01	-3.727018e-11	4.806934e-01	-5.327133e-10
-1.422620e+01	0.000000e+00	-1.255866e-01	-3.755751e-11	4.805477e-01	-5.319374e-10
-1.422472e+01	0.000000e+00	-1.261311e-01	-3.784816e-11	4.804022e-01	-5.311604e-10
-1.422323e+01	0.000000e+00	-1.266805e-01	-3.814333e-11	4.802571e-01	-5.303817e-10
-1.422173e+01	0.000000e+00	-1.272348e-01	-3.844062e-11	4.801123e-01	-5.296011e-10
-1.422021e+01	0.000000e+00	-1.277940e-01	-3.874258e-11	4.799678e-01	-5.288193e-10
-1.421869e+01	0.000000e+00	-1.283582e-01	-3.904779e-11	4.798237e-01	-5.280357e-10
-1.421716e+01	0.000000e+00	-1.289272e-01	-3.935662e-11	4.796800e-01	-5.272509e-10
-1.421561e+01	0.000000e+00	-1.295012e-01	-3.966863e-11	4.795367e-01	-5.264643e-10
-1.421406e+01	0.000000e+00	-1.300800e-01	-3.998523e-11	4.793938e-01	-5.256765e-10
-1.421249e+01	0.000000e+00	-1.306638e-01	-4.030497e-11	4.792514e-01	-5.248872e-10
-1.421091e+01	0.000000e+00	-1.312524e-01	-4.062823e-11	4.791094e-01	-5.240965e-10
-1.420933e+01	0.000000e+00	-1.318460e-01	-4.095576e-11	4.789679e-01	-5.233044e-10
-1.420773e+01	0.000000e+00	-1.324444e-01	-4.128676e-11	4.788269e-01	-5.225110e-10
-1.420612e+01	0.000000e+00	-1.330476e-01	-4.162154e-11	4.786864e-01	-5.217163e-10
-1.420450e+01	0.000000e+00	-1.336558e-01	-4.196002e-11	4.785464e-01	-5.209203e-10
-1.420286e+01	0.000000e+00	-1.342687e-01	-4.230239e-11	4.784070e-01	-5.201230e-10
-1.420122e+01	0.000000e+00	-1.348865e-01	-4.264824e-11	4.782681e-01	-5.193243e-10
-1.419956e+01	0.000000e+00	-1.355091e-01	-4.299782e-11	4.781299e-01	-5.185245e-10
-1.419790e+01	0.000000e+00	-1.361365e-01	-4.335164e-11	4.779922e-01	-5.177235e-10
-1.419622e+01	0.000000e+00	-1.367687e-01	-4.370893e-11	4.778552e-01	-5.169213e-10
-1.419453e+01	0.000000e+00	-1.374056e-01	-4.407008e-11	4.777188e-01	-5.161178e-10
-1.419283e+01	0.000000e+00	-1.380473e-01	-4.443494e-11	4.775831e-01	-5.153133e-10
-1.419111e+01	0.000000e+00	-1.386936e-01	-4.480387e-11	4.774481e-01	-5.145075e-10
-1.418939e+01	0.000000e+00	-1.393446e-01	-4.517655e-11	4.773137e-01	-5.137009e-10
-1.418765e+01	0.000000e+00	-1.400002e-01	-4.555268e-11	4.771801e-01	-5.128928e-10
-1.418590e+01	0.000000e+00	-1.406605e-01	-4.593293e-11	4.770472e-01	-5.120838e-10
-1.418414e+01	0.000000e+00	-1.413254e-01	-4.631743e-11	4.769150e-01	-5.112738e-10
-1.418237e+01	0.000000e+00	-1.419948e-01	-4.670479e-11	4.767836e-01	-5.104628e-10
-1.418058e+01	0.000000e+00	-1.426687e-01	-4.709621e-11	4.766530e-01	-5.096505e-10
-1.417878e+01	0.000000e+00	-1.433471e-01	-4.749174e-11	4.765231e-01	-5.088373e-10
-1.417697e+01	0.000000e+00	-1.440299e-01	-4.789079e-11	4.763940e-01	-5.080230e-10
-1.417515e+01	0.000000e+00	-1.447171e-01	-4.829376e-11	4.762658e-01	-5.072078e-10
-1.417331e+01	0.000000e+00	-1.454084e-01	-4.870019e-11	4.761385e-01	-5.063916e-10
-1.417147e+01	0.000000e+00	-1.461039e-01	-4.910994e-11	4.760120e-01	-5.055745e-10
-1.416960e+01	0.000000e+00	-1.468037e-01	-4.952371e-11	4.758865e-01	-5.047564e-10
-1.416773e+01	0.000000e+00	-1.475076e-01	-4.994146e-11	4.757618e-01	-5.039375e-10
-1.416584e+01	0.000000e+00	-1.482156e-01	-5.036210e-11	4.756379e-01	-5.031175e-10
-1.416394e+01	0.000000e+00	-1.489278e-01	-5.078724e-11	4.755150e-01	-5.022966e-10
-1.416203e+01	0.000000e+00	-1.496439e-01	-5.121574e-11	4.753930e-01	-5.014747e-10
-1.416010e+01	0.000000e+00	-1.503640e-01	-5.164713e-11	4.752720e-01	-5.006519e-10
-1.415816e+01	0.000000e+00	-1.510879e-01	-5.208275e-11	4.751519e-01	-4.998281e-10
-1.415621e+01	0.000000e+00	-1.518156e-01	-5.252147e-11	4.750329e-01	-4.990035e-10
-1.415424e+01	0.000000e+00	-1.525471e-01	-5.296372e-11	4.749148e-01	-4.981781e-10
-1.415226e+01	0.000000e+00	-1.532822e-01	-5.340929e-11	4.747977e-01	-4.973517e-10
-1.415027e+01	0.000000e+00	-1.540209e-01	-5.385819e-11	4.746816e-01	-4.965244e-10
-1.414826e+01	0.000000e+00	-1.547631e-01	-5.431044e-11	4.745665e-01	-4.956962e-10
-1.414624e+01	0.000000e+00	-1.555088e-01	-5.476576e-11	4.744525e-01	-4.948672e-10
-1.414420e+01	0.000000e+00	-1.562577e-01	-5.522462e-11	4.743395e-01	-4.940371e-10
-1.414215e+01	0.000000e+00	-1.570099e-01	-5.568676e-11	4.742277e-01	-4.932064e-10
-1.414008e+01	0.000000e+00	-1.577651e-01	-5.615108e-11	4.741169e-01	-4.923747e-10
-1.413800e+01	0.000000e+00	-1.585234e-01	-5.661899e-11	4.740072e-01	-4.915423e-10
-1.413591e+01	0.000000e+00	-1.592846e-01	-5.708933e-11	4.738986e-01	-4.907087e-10
-1.413380e+01	0.000000e+00	-1.600486e-01	-5.756246e-11	4.737912e-01	-4.898743e-10
-1.413168e+01	0.000000e+00	-1.608153e-01	-5.803869e-11	4.736849e-01	-4.890393e-10
-1.412954e+01	0.000000e+00	-1.615846e-01	-5.851737e-11	4.735797e-01	-4.882034e-10
-1.412739e+01	0.000000e+00	-1.623563e-01	-5.899826e-11	4.734758e-01	-4.873664e-10
-1.412523e+01	0.000000e+00	-1.631303e-01	-5.948180e-11	4.733730e-01	-4.865287e-10
-1.412304e+01	0.000000e+00	-1.639066e-01	-5.996810e-11	4.732713e-01	-4.856901e-10
-1.412085e+01	0.000000e+00	-1.646849e-01	-6.045673e-11	4.731709e-01	-4.848506e-10
-1.411863e+01	0.000000e+00	-1.654652e-01	-6.094679e-11	4.730717e-01	-4.840102e-10
-1.411641e+01	0.000000e+00	-1.662472e-01	-6.143903e-11	4.729737e-01	-4.831691e-10
-1.411416e+01	0.000000e+00	-1.670309e-01	-6.193349e-11	4.728770e-01	-4.823269e-10
-1.411190e+01	0.000000e+00	-1.678161e-01	-6.242951e-11	4.727815e-01	-4.814838e-10
-1.410963e+01	0.000000e+00	-1.686026e-01	-6.292739e-11	4.726872e-01	-4.806399e-10
-1.410734e+01	0.000000e+00	-1.693902e-01	-6.342649e-11	4.725943e-01	-4.797952e-10
-1.410503e+01	0.000000e+00	-1.701788e-01	-6.392617e-11	4.725026e-01	-4.789494e-10
-1.410271e+01	0.000000e+00	-1.709683e-01	-6.442839e-11	4.724122e-01	-4.781029e-10
-1.410037e+01	0.000000e+00	-1.717584e-01	-6.493030e-11	4.723232e-01	-4.772552e-10
-1.409802e+01	0.000000e+00	-1.725489e-01	-6.543450e-11	4.722354e-01	-4.764068e-10
-1.409565e+01	0.000000e+00	-1.733397e-01	-6.593815e-11	4.721490e-01	-4.755574e-10
-1.409326e+01	0.000000e+00	-1.741305e-01	-6.644303e-11	4.720640e-01	-4.747072e-10
-1.409086e+01	0.000000e+00	-1.749212e-01	-6.694776e-11	4.719803e-01	-4.738560e-10
-1.408844e+01	0.000000e+00	-1.757116e-01	-6.745314e-11	4.718980e-01	-4.730039e-10
-1.408600e+01	0.000000e+00	-1.765013e-01	-6.795795e-11	4.718170e-01	-4.721508e-10
-1.408355e+01	0.000000e+00	-1.772903e-01	-6.846282e-11	4.717375e-01	-4.712966e-10
-1.408108e+01	0.000000e+00	-1.780782e-01	-6.896705e-11	4.716594e-01	-4.704417e-10
-1.407859e+01	0.000000e+00	-1.788649e-01	-6.947064e-11	4.715826e-01	-4.695857e-10
-1.407608e+01	0.000000e+00	-1.796495e-01	-6.997275e-11	4.715075e-01	-4.687291e-10
-1.407356e+01	0.000000e+00	-1.804319e-01	-7.047352e-11	4.714340e-01	-4.678718e-10
-1.407102e+01	0.000000e+00	-1.812123e-01	-7.097281e-11	4.713620e-01	-4.670135e-10
-1.406846e+01	0.000000e+00	-1.819903e-01	-7.147003e-11	4.712914e-01	-4.661543e-10
-1.406589e+01	0.000000e+00	-1.827657e-01	-7.196573e-11	4.712224e-01	-4.652939e-10
-1.406330e+01	0.000000e+00	-1.835383e-01	-7.245895e-11	4.711548e-01	-4.644326e-10
-1.406069e+01	0.000000e+00	-1.843077e-01	-7.294948e-11	4.710886e-01	-4.635700e-10
-1.405806e+01	0.000000e+00	-1.850737e-01	-7.343787e-11	4.710239e-01	-4.627064e-10
-1.405541e+01	0.000000e+00	-1.858358e-01	-7.392292e-11	4.709608e-01	-4.618418e-10
-1.405274e+01	0.000000e+00	-1.865938e-01	-7.440455e-11	4.708993e-01	-4.609762e-10
-1.405006e+01	0.000000e+00	-1.873473e-01	-7.488232e-11	4.708394e-01	-4.601095e-10
-1.404736e+01	0.000000e+00	-1.880959e-01	-7.535581e-11	4.707810e-01	-4.592418e-10
-1.404463e+01	0.000000e+00	-1.888394e-01	-7.582500e-11	4.707243e-01	-4.583730e-10
-1.404189e+01	0.000000e+00	-1.895773e-01	-7.628868e-11	4.706692e-01	-4.575032e-10
-1.403913e+01	0.000000e+00	-1.903093e-01	-7.674864e-11	4.706157e-01	-4.566324e-10
-1.403635e+01	0.000000e+00	-1.910349e-01	-7.720214e-11	4.705639e-01	-4.557604e-10
-1.403356e+01	0.000000e+00	-1.917538e-01	-7.765020e-11	4.705137e-01	-4.548874e-10
-1.403074e+01	0.000000e+00	-1.924656e-01	-7.809175e-11	4.704653e-01	-4.540133e-10
-1.402790e+01	0.000000e+00	-1.931698e-01	-7.852589e-11	4.704185e-01	-4.531381e-10
-1.402505e+01	0.000000e+00	-1.938660e-01	-7.895361e-11	4.703735e-01	-4.522619e-10
-1.402217e+01	0.000000e+00	-1.945538e-01	-7.937386e-11	4.703303e-01	-4.513846e-10
-1.401927e+01	0.000000e+00	-1.952327e-01	-7.978557e-11	4.702888e-01	-4.505062e-10
-1.401636e+01	0.000000e+00	-1.959021e-01	-8.018918e-11	4.702491e-01	-4.496267e-10
-1.401342e+01	0.000000e+00	-1.965617e-01	-8.058364e-11	4.702112e-01	-4.487461e-10
-1.401046e+01	0.000000e+00	-1.972110e-01	-8.096927e-11	4.701751e-01	-4.478643e-10
-1.400749e+01	0.000000e+00	-1.978494e-01	-8.134441e-11	4.701409e-01	-4.469814e-10
-1.400449e+01	0.000000e+00	-1.984765e-01	-8.170887e-11	4.701085e-01	-4.460974e-10
-1.400147e+01	0.000000e+00	-1.990916e-01	-8.206361e-11	4.700780e-01	-4.452124e-10
-1.399843e+01	0.000000e+00	-1.996942e-01	-8.240607e-11	4.700494e-01	-4.443261e-10
-1.399537e+01	0.000000e+00	-2.002836e-01	-8.273690e-11	4.700228e-01	-4.434388e-10
-1.399229e+01	0.000000e+00	-2.008595e-01	-8.305494e-11	4.699981e-01	-4.425506e-10
-1.398918e+01	0.000000e+00	-2.014210e-01	-8.336011e-11	4.699755e-01	-4.416612e-10
-1.398606e+01	0.000000e+00	-2.019676e-01	-8.365163e-11	4.699549e-01	-4.407708e-10
-1.398291e+01	0.000000e+00	-2.024987e-01	-8.392887e-11	4.699363e-01	-4.398792e-10
-1.397974e+01	0.000000e+00	-2.030136e-01	-8.419126e-11	4.699199e-01	-4.389867e-10
-1.397655e+01	0.000000e+00	-2.035116e-01	-8.443812e-11	4.699056e-01	-4.380931e-10
-1.397334e+01	0.000000e+00	-2.039920e-01	-8.466955e-11	4.698934e-01	-4.371986e-10
-1.397011e+01	0.000000e+00	-2.044542e-01	-8.488401e-11	4.698834e-01	-4.363031e-10
-1.396685e+01	0.000000e+00	-2.048946e-01	-8.507867e-11	4.698756e-01	-4.354064e-10
-1.396357e+01	0.000000e+00	-2.053149e-01	-8.525539e-11	4.698701e-01	-4.345089e-10
-1.396027e+01	0.000000e+00	-2.057146e-01	-8.541337e-11	4.698669e-01	-4.336104e-10
-1.395694e+01	0.000000e+00	-2.060929e-01	-8.555190e-11	4.698660e-01	-4.327110e-10
-1.395359e+01	0.000000e+00	-2.064492e-01	-8.567086e-11	4.698675e-01	-4.318107e-10
-1.395022e+01	0.000000e+00	-2.067825e-01	-8.576914e-11	4.698714e-01	-4.309096e-10
-1.394683e+01	0.000000e+00	-2.070920e-01	-8.584608e-11	4.698778e-01	-4.300076e-10
-1.394341e+01	0.000000e+00	-2.073769e-01	-8.590103e-11	4.698868e-01	-4.291048e-10
-1.393997e+01	0.000000e+00	-2.076362e-01	-8.593335e-11	4.698983e-01	-4.282012e-10
-1.393650e+01	0.000000e+00	-2.078692e-01	-8.594230e-11	4.699124e-01	-4.272969e-10
-1.393301e+01	0.000000e+00	-2.080747e-01	-8.592638e-11	4.699292e-01	-4.263919e-10
-1.392950e+01	0.000000e+00	-2.082520e-01	-8.588718e-11	4.699487e-01	-4.254863e-10
-1.392596e+01	0.000000e+00	-2.084001e-01	-8.582195e-11	4.699710e-01	-4.245801e-10
-1.392239e+01	0.000000e+00	-2.085179e-01	-8.573030e-11	4.699962e-01	-4.236733e-10
-1.391881e+01	0.000000e+00	-2.086046e-01	-8.561210e-11	4.700242e-01	-4.227660e-10
-1.391519e+01	0.000000e+00	-2.086589e-01	-8.546652e-11	4.700553e-01	-4.218583e-10
-1.391155e+01	0.000000e+00	-2.086799e-01	-8.529246e-11	4.700894e-01	-4.209504e-10
-1.390789e+01	0.000000e+00	-2.086667e-01	-8.508899e-11	4.701266e-01	-4.200419e-10
-1.390420e+01	0.000000e+00	-2.086181e-01	-8.485666e-11	4.701669e-01	-4.191332e-10
-1.390049e+01	0.000000e+00	-2.085328e-01	-8.459331e-11	4.702106e-01	-4.182243e-10
-1.389675e+01	0.000000e+00	-2.084098e-01	-8.430041e-11	4.702577e-01	-4.173156e-10
-1.389298e+01	0.000000e+00	-2.082479e-01	-8.397280e-11	4.703082e-01	-4.164067e-10
-1.388919e+01	0.000000e+00	-2.080458e-01	-8.361540e-11	4.703624e-01	-4.154983e-10
-1.388537e+01	0.000000e+00	-2.078024e-01	-8.322473e-11	4.704202e-01	-4.145899e-10
-1.388153e+01	0.000000e+00	-2.075164e-01	-8.279965e-11	4.704819e-01	-4.136820e-10
-1.387766e+01	0.000000e+00	-2.071865e-01	-8.234032e-11	4.705474e-01	-4.127746e-10
-1.387376e+01	0.000000e+00	-2.068115e-01	-8.184648e-11	4.706170e-01	-4.118680e-10
-1.386984e+01	0.000000e+00	-2.063901e-01	-8.131736e-11	4.706908e-01	-4.109622e-10
-1.386588e+01	0.000000e+00	-2.059209e-01	-8.075192e-11	4.707689e-01	-4.100573e-10
-1.386190e+01	0.000000e+00	-2.054029e-01	-8.014984e-11	4.708513e-01	-4.091533e-10
-1.385790e+01	0.000000e+00	-2.048344e-01	-7.951170e-11	4.709383e-01	-4.082506e-10
-1.385386e+01	0.000000e+00	-2.042142e-01	-7.883658e-11	4.710301e-01	-4.073495e-10
-1.384980e+01	0.000000e+00	-2.035406e-01	-7.812281e-11	4.711268e-01	-4.064502e-10
-1.384571e+01	0.000000e+00	-2.028122e-01	-7.737115e-11	4.712288e-01	-4.055528e-10
-1.384159e+01	0.000000e+00	-2.020276e-01	-7.658084e-11	4.713360e-01	-4.046577e-10
-1.383744e+01	0.000000e+00	-2.011854e-01	-7.575198e-11	4.714488e-01	-4.037650e-10
-1.383326e+01	0.000000e+00	-2.002838e-01	-7.488379e-11	4.715674e-01	-4.028751e-10
-1.382906e+01	0.000000e+00	-1.993216e-01	-7.397552e-11	4.716921e-01	-4.019883e-10
-1.382482e+01	0.000000e+00	-1.982971e-01	-7.302997e-11	4.718232e-01	-4.011052e-10
-1.382056e+01	0.000000e+00	-1.972088e-01	-7.204452e-11	4.719609e-01	-4.002260e-10
-1.381627e+01	0.000000e+00	-1.960550e-01	-7.101758e-11	4.721057e-01	-3.993512e-10
-1.381194e+01	0.000000e+00	-1.948342e-01	-6.995395e-11	4.722578e-01	-3.984811e-10
-1.380759e+01	0.000000e+00	-1.935448e-01	-6.884963e-11	4.724176e-01	-3.976165e-10
-1.380320e+01	0.000000e+00	-1.921852e-01	-6.770665e-11	4.725856e-01	-3.967576e-10
-1.379879e+01	0.000000e+00	-1.907538e-01	-6.652496e-11	4.727621e-01	-3.959052e-10
-1.379435e+01	0.000000e+00	-1.892489e-01	-6.530460e-11	4.729476e-01	-3.950599e-10
-1.378987e+01	0.000000e+00	-1.876689e-01	-6.404701e-11	4.731427e-01	-3.942224e-10
-1.378536e+01	0.000000e+00	-1.860123e-01	-6.275333e-11	4.733478e-01	-3.933935e-10
-1.378083e+01	0.000000e+00	-1.842773e-01	-6.142236e-11	4.735637e-01	-3.925739e-10
-1.377626e+01	0.000000e+00	-1.824625e-01	-6.005589e-11	4.737909e-01	-3.917646e-10
-1.377166e+01	0.000000e+00	-1.805662e-01	-5.865435e-11	4.740302e-01	-3.909665e-10
-1.376702e+01	0.000000e+00	-1.785868e-01	-5.721947e-11	4.742824e-01	-3.901810e-10
-1.376236e+01	0.000000e+00	-1.765227e-01	-5.575111e-11	4.745483e-01	-3.894089e-10
-1.375766e+01	0.000000e+00	-1.743724e-01	-5.425319e-11	4.748290e-01	-3.886520e-10
-1.375293e+01	0.000000e+00	-1.721345e-01	-5.272491e-11	4.751255e-01	-3.879115e-10
-1.374817e+01	0.000000e+00	-1.698075e-01	-5.116728e-11	4.754389e-01	-3.871891e-10
-1.374337e+01	0.000000e+00	-1.673901e-01	-4.958615e-11	4.757705e-01	-3.864868e-10
-1.373854e+01	0.000000e+00	-1.648809e-01	-4.797836e-11	4.761218e-01	-3.858063e-10
-1.373368e+01	0.000000e+00	-1.622789e-01	-4.634775e-11	4.764942e-01	-3.851499e-10
-1.372879e+01	0.000000e+00	-1.595738e-01	-4.469388e-11	4.768912e-01	-3.845230e-10
-1.372386e+01	0.000000e+00	-1.567426e-01	-4.300507e-11	4.773188e-01	-3.839347e-10
-1.371889e+01	0.000000e+00	-1.538197e-01	-4.130415e-11	4.777734e-01	-3.833788e-10
-1.371389e+01	0.000000e+00	-1.508040e-01	-3.959386e-11	4.782575e-01	-3.828588e-10
-1.370886e+01	0.000000e+00	-1.476951e-01	-3.787529e-11	4.787738e-01	-3.823788e-10
-1.370379e+01	0.000000e+00	-1.444925e-01	-3.615573e-11	4.793255e-01	-3.819436e-10
-1.369869e+01	0.000000e+00	-1.411960e-01	-3.443220e-11	4.799161e-01	-3.815580e-10
-1.369355e+01	0.000000e+00	-1.378056e-01	-3.271281e-11	4.805498e-01	-3.812281e-10
-1.368838e+01	0.000000e+00	-1.343216e-01	-3.099969e-11	4.812310e-01	-3.809606e-10
-1.368317e+01	0.000000e+00	-1.307447e-01	-2.929535e-11	4.819650e-01	-3.807632e-10
-1.367792e+01	0.000000e+00	-1.270760e-01	-2.760735e-11	4.827578e-01	-3.806449e-10
-1.367264e+01	0.000000e+00	-1.233169e-01	-2.593394e-11	4.836162e-01	-3.806155e-10
-1.366732e+01	0.000000e+00	-1.194695e-01	-2.428439e-11	4.845484e-01	-3.806873e-10
-1.366196e+01	0.000000e+00	-1.155363e-01	-2.265966e-11	4.855633e-01	-3.808734e-10
-1.365657e+01	0.000000e+00	-1.115204e-01	-2.106537e-11	4.866720e-01	-3.811903e-10
-1.365114e+01	0.000000e+00	-1.074258e-01	-1.950545e-11	4.878869e-01	-3.816565e-10
-1.364567e+01	0.000000e+00	-1.032570e-01	-1.798672e-11	4.892229e-01	-3.822953e-10
-1.364017e+01	0.000000e+00	-9.901962e-02	-1.651009e-11	4.906976e-01	-3.831322e-10
-1.363462e+01	0.000000e+00	-9.472011e-02	-1.508417e-11	4.923316e-01	-3.842003e-10
-1.362904e+01	0.000000e+00	-9.036575e-02	-1.370943e-11	4.941502e-01	-3.855364e-10
-1.362342e+01	0.000000e+00	-8.596546e-02	-1.239413e-11	4.961831e-01	-3.871882e-10
-1.361776e+01	0.000000e+00	-8.152920e-02	-1.113585e-11	4.984662e-01	-3.892087e-10
-1.361206e+01	0.000000e+00	-7.706826e-02	-9.945984e-12	5.010435e-01	-3.916706e-10
-1.360632e+01	0.000000e+00	-7.259539e-02	-8.820448e-12	5.039687e-01	-3.946549e-10
-1.360054e+01	0.000000e+00	-6.812486e-02	-7.771849e-12	5.073081e-01	-3.982736e-10
-1.359472e+01	0.000000e+00	-6.367249e-02	-6.793290e-12	5.111449e-01	-4.026563e-10
-1.358886e+01	0.000000e+00	-5.925582e-02	-5.891311e-12	5.155826e-01	-4.079762e-10
-1.358296e+01	0.000000e+00	-5.489412e-02	-5.066155e-12	5.207522e-01	-4.144535e-10
-1.357702e+01	0.000000e+00	-5.060837e-02	-4.319280e-12	5.268204e-01	-4.223745e-10
-1.357104e+01	0.000000e+00	-4.642050e-02	-3.648453e-12	5.340045e-01	-4.321191e-10
-1.356502e+01	0.000000e+00	-4.235560e-02	-3.055019e-12	5.425785e-01	-4.441867e-10
-1.355895e+01	0.000000e+00	-3.843964e-02	-2.531342e-12	5.529005e-01	-4.592365e-10
-1.355284e+01	0.000000e+00	-3.469968e-02	-2.080087e-12	5.654381e-01	-4.781915e-10
-1.354669e+01	0.000000e+00	-3.116386e-02	-1.695135e-12	5.807991e-01	-5.022880e-10
-1.354050e+01	0.000000e+00	-2.786111e-02	-1.371413e-12	5.997652e-01	-5.332278e-10
-1.353427e+01	0.000000e+00	-2.482081e-02	-1.104609e-12	6.233151e-01	-5.733225e-10
-1.352799e+01	0.000000e+00	-2.207234e-02	-8.881769e-13	6.526023e-01	-6.255939e-10
-1.352167e+01	0.000000e+00	-1.964462e-02	-7.163954e-13	6.888063e-01	-6.937080e-10
-1.351530e+01	0.000000e+00	-1.756555e-02	-5.860185e-13	7.326942e-01	-7.813120e-10
-1.350889e+01	0.000000e+00	-1.586149e-02	-4.865826e-13	7.836335e-01	-8.894990e-10
-1.350244e+01	0.000000e+00	-1.455666e-02	-4.175649e-13	8.379000e-01	-1.012133e-09
-1.349594e+01	0.000000e+00	-1.367257e-02	-3.731650e-13	8.869437e-01	-1.128658e-09
-1.348940e+01	0.000000e+00	-1.322752e-02	-3.513323e-13	9.180932e-01	-1.203466e-09
-1.348281e+01	0.000000e+00	-1.323605e-02	-3.499114e-13	9.204342e-01	-1.203719e-09
-1.347617e+01	0.000000e+00	-1.370857e-02	-3.703616e-13	8.927751e-01	-1.126841e-09
-1.346949e+01	0.000000e+00	-1.465102e-02	-4.147992e-13	8.447309e-01	-1.003828e-09
-1.346276e+01	0.000000e+00	-1.606468e-02	-4.850355e-13	7.894514e-01	-8.723274e-10
-1.345599e+01	0.000000e+00	-1.794605e-02	-5.871621e-13	7.366377e-01	-7.556512e-10
-1.344917e+01	0.000000e+00	-2.028693e-02	-7.284805e-13	6.908715e-01	-6.612731e-10
-1.344230e+01	0.000000e+00	-2.307450e-02	-9.151741e-13	6.531665e-01	-5.879973e-10
-1.343538e+01	0.000000e+00	-2.629169e-02	-1.154653e-12	6.228333e-01	-5.318464e-10
-1.342842e+01	0.000000e+00	-2.991746e-02	-1.458361e-12	5.986387e-01	-4.887336e-10
-1.342141e+01	0.000000e+00	-3.392729e-02	-1.834160e-12	5.793417e-01	-4.552895e-10
-1.341435e+01	0.000000e+00	-3.829365e-02	-2.288482e-12	5.638805e-01	-4.289830e-10
-1.340724e+01	0.000000e+00	-4.298657e-02	-2.831064e-12	5.514067e-01	-4.079800e-10
-1.340008e+01	0.000000e+00	-4.797416e-02	-3.467741e-12	5.412629e-01	-3.909383e-10
-1.339287e+01	0.000000e+00	-5.322310e-02	-4.204035e-12	5.329458e-01	-3.769066e-10
-1.338561e+01	0.000000e+00	-5.869918e-02	-5.042516e-12	5.260710e-01	-3.651790e-10
-1.337830e+01	0.000000e+00	-6.436775e-02	-5.987217e-12	5.203441e-01	-3.552423e-10
-1.337095e+01	0.000000e+00	-7.019414e-02	-7.034961e-12	5.155387e-01	-3.467077e-10
-1.336353e+01	0.000000e+00	-7.614384e-02	-8.186450e-12	5.114793e-01	-3.392891e-10
-1.335607e+01	0.000000e+00	-8.218292e-02	-9.436545e-12	5.080290e-01	-3.327630e-10
-1.334856e+01	0.000000e+00	-8.827818e-02	-1.077860e-11	5.050798e-01	-3.269610e-10
-1.334099e+01	0.000000e+00	-9.439728e-02	-1.220918e-11	5.025462e-01	-3.217502e-10
-1.333338e+01	0.000000e+00	-1.005089e-01	-1.371460e-11	5.003595e-01	-3.170249e-10
-1.332571e+01	0.000000e+00	-1.065826e-01	-1.528540e-11	4.984646e-01	-3.127022e-10
-1.331798e+01	0.000000e+00	-1.125893e-01	-1.691227e-11	4.968163e-01	-3.087161e-10
-1.331020e+01	0.000000e+00	-1.185003e-01	-1.857729e-11	4.953782e-01	-3.050115e-10
-1.330237e+01	0.000000e+00	-1.242884e-01	-2.026930e-11	4.941203e-01	-3.015455e-10
-1.329449e+01	0.000000e+00	-1.299265e-01	-2.197304e-11	4.930175e-01	-2.982821e-10
-1.328655e+01	0.000000e+00	-1.353890e-01	-2.367185e-11	4.920489e-01	-2.951910e-10
-1.327855e+01	0.000000e+00	-1.406511e-01	-2.534935e-11	4.911970e-01	-2.922473e-10
-1.327050e+01	0.000000e+00	-1.456883e-01	-2.698839e-11	4.904471e-01	-2.894302e-10
-1.326239e+01	0.000000e+00	-1.504704e-01	-2.857042e-11	4.897883e-01	-2.867243e-10
-1.325423e+01	0.000000e+00	-1.549792e-01	-3.007951e-11	4.892089e-01	-2.841132e-10
-1.324601e+01	0.000000e+00	-1.591937e-01	-3.149895e-11	4.886991e-01	-2.815835e-10
-1.323774e+01	0.000000e+00	-1.630920e-01	-3.281333e-11	4.882514e-01	-2.791247e-10
-1.322940e+01	0.000000e+00	-1.666528e-01	-3.400783e-11	4.878593e-01	-2.767281e-10
-1.322101e+01	0.000000e+00	-1.698562e-01	-3.506656e-11	4.875171e-01	-2.743855e-10
-1.321256e+01	0.000000e+00	-1.726836e-01	-3.597532e-11	4.872197e-01	-2.720899e-10
-1.320405e+01	0.000000e+00	-1.751175e-01	-3.672392e-11	4.869630e-01	-2.698358e-10
-1.319549e+01	0.000000e+00	-1.771419e-01	-3.730042e-11	4.867436e-01	-2.676181e-10
-1.318686e+01	0.000000e+00	-1.787433e-01	-3.769817e-11	4.865582e-01	-2.654324e-10
-1.317817e+01	0.000000e+00	-1.799113e-01	-3.791143e-11	4.864039e-01	-2.632749e-10
-1.316943e+01	0.000000e+00	-1.806390e-01	-3.793665e-11	4.862783e-01	-2.611419e-10
-1.316062e+01	0.000000e+00	-1.809225e-01	-3.777614e-11	4.861792e-01	-2.590307e-10
-1.315175e+01	0.000000e+00	-1.807621e-01	-3.743178e-11	4.861051e-01	-2.569388e-10
-1.314282e+01	0.000000e+00	-1.801635e-01	-3.691078e-11	4.860545e-01	-2.548640e-10
-1.313383e+01	0.000000e+00	-1.791381e-01	-3.622310e-11	4.860267e-01	-2.528050e-10
-1.312478e+01	0.000000e+00	-1.777039e-01	-3.538323e-11	4.860208e-01	-2.507603e-10
-1.311566e+01	0.000000e+00	-1.758854e-01	-3.440762e-11	4.860368e-01	-2.487293e-10
-1.310648e+01	0.000000e+00	-1.737135e-01	-3.331599e-11	4.860750e-01	-2.467119e-10
-1.309724e+01	0.000000e+00	-1.712330e-01	-3.213298e-11	4.861342e-01	-2.447062e-10
-1.308793e+01	0.000000e+00	-1.684939e-01	-3.088372e-11	4.862146e-01	-2.427119e-10
-1.307856e+01	0.000000e+00	-1.655552e-01	-2.959537e-11	4.863165e-01	-2.407287e-10
-1.306912e+01	0.000000e+00	-1.624831e-01	-2.829546e-11	4.864407e-01	-2.387568e-10
-1.305962e+01	0.000000e+00	-1.593517e-01	-2.701215e-11	4.865880e-01	-2.367966e-10
-1.305005e+01	0.000000e+00	-1.562412e-01	-2.577257e-11	4.867591e-01	-2.348480e-10
-1.304041e+01	0.000000e+00	-1.532372e-01	-2.460215e-11	4.869546e-01	-2.329110e-10
-1.303071e+01	0.000000e+00	-1.504296e-01	-2.352538e-11	4.871753e-01	-2.309857e-10
-1.302094e+01	0.000000e+00	-1.479093e-01	-2.256435e-11	4.874213e-01	-2.290716e-10
-1.301111e+01	0.000000e+00	-1.457664e-01	-2.173785e-11	4.876921e-01	-2.271674e-10
-1.300120e+01	0.000000e+00	-1.440872e-01	-2.106276e-11	4.879866e-01	-2.252717e-10
-1.299123e+01	0.000000e+00	-1.429518e-01	-2.055322e-11	4.883032e-01	-2.233823e-10
-1.298119e+01	0.000000e+00	-1.424324e-01	-2.022139e-11	4.886392e-01	-2.214960e-10
-1.297107e+01	0.000000e+00	-1.425903e-01	-2.007727e-11	4.889912e-01	-2.196093e-10
-1.296089e+01	0.000000e+00	-1.434736e-01	-2.012929e-11	4.893546e-01	-2.177179e-10
-1.295064e+01	0.000000e+00	-1.451182e-01	-2.038496e-11	4.897262e-01	-2.158184e-10
-1.294032e+01	0.000000e+00	-1.475439e-01	-2.085026e-11	4.901020e-01	-2.139070e-10
-1.292992e+01	0.000000e+00	-1.507560e-01	-2.153026e-11	4.904781e-01	-2.119804e-10
-1.291945e+01	0.000000e+00	-1.547446e-01	-2.242855e-11	4.908514e-01	-2.100358e-10
-1.290891e+01	0.000000e+00	-1.594865e-01	-2.354726e-11	4.912198e-01	-2.080713e-10
-1.289830e+01	0.000000e+00	-1.649460e-01	-2.488652e-11	4.915818e-01	-2.060859e-10
-1.288761e+01	0.000000e+00	-1.710768e-01	-2.644461e-11	4.919362e-01	-2.040788e-10
-1.287685e+01	0.000000e+00	-1.778176e-01	-2.821487e-11	4.922827e-01	-2.020497e-10
-1.286602e+01	0.000000e+00	-1.851156e-01	-3.019261e-11	4.926224e-01	-1.999998e-10
-1.285511e+01	0.000000e+00	-1.929092e-01	-3.236912e-11	4.929563e-01	-1.979300e-10
-1.284412e+01	0.000000e+00	-2.011380e-01	-3.473400e-11	4.932854e-01	-1.958412e-10
-1.283306e+01	0.000000e+00	-2.097307e-01	-3.727094e-11	4.936107e-01	-1.937343e-10
-1.282192e+01	0.000000e+00	-2.186464e-01	-3.997156e-11	4.939333e-01	-1.916103e-10
-1.281070e+01	0.000000e+00	-2.278150e-01	-4.281478e-11	4.942552e-01	-1.894706e-10
-1.279941e+01	0.000000e+00	-2.372362e-01	-4.580260e-11	4.945752e-01	-1.873145e-10
-1.278804e+01	0.000000e+00	-2.468966e-01	-4.893307e-11	4.948929e-01	-1.851416e-10
-1.277659e+01	0.000000e+00	-2.567623e-01	-5.219242e-11	4.952112e-01	-1.829540e-10
-1.276506e+01	0.000000e+00	-2.668078e-01	-5.557099e-11	4.955322e-01	-1.807534e-10
-1.275345e+01	0.000000e+00	-2.771239e-01	-5.910549e-11	4.958500e-01	-1.785352e-10
-1.274176e+01	0.000000e+00	-2.877500e-01	-6.281381e-11	4.961639e-01	-1.762992e-10
-1.272998e+01	0.000000e+00	-2.987359e-01	-6.671984e-11	4.964734e-01	-1.740449e-10
-1.271813e+01	0.000000e+00	-3.101398e-01	-7.085278e-11	4.967778e-01	-1.717721e-10
-1.270620e+01	0.000000e+00	-3.220198e-01	-7.524329e-11	4.970769e-01	-1.694807e-10
-1.269418e+01	0.000000e+00	-3.344206e-01	-7.991821e-11	4.973722e-01	-1.671719e-10
-1.268208e+01	0.000000e+00	-3.474253e-01	-8.492335e-11	4.976618e-01	-1.648444e-10
-1.266989e+01	0.000000e+00	-3.610944e-01	-9.029751e-11	4.979456e-01	-1.624984e-10
-1.265762e+01	0.000000e+00	-3.754750e-01	-9.607397e-11	4.982250e-01	-1.601350e-10
-1.264527e+01	0.000000e+00	-3.906274e-01	-1.022950e-10	4.984997e-01	-1.577540e-10
-1.263283e+01	0.000000e+00	-4.065971e-01	-1.089967e-10	4.987698e-01	-1.553556e-10
-1.262030e+01	0.000000e+00	-4.234289e-01	-1.162172e-10	4.990361e-01	-1.529405e-10
-1.260769e+01	0.000000e+00	-4.411597e-01	-1.239894e-10	4.992997e-01	-1.505094e-10
-1.259498e+01	0.000000e+00	-4.598178e-01	-1.323460e-10	4.995614e-01	-1.480629e-10
-1.258220e+01	0.000000e+00	-4.794338e-01	-1.413163e-10	4.998226e-01	-1.456018e-10
-1.256932e+01	0.000000e+00	-5.000383e-01	-1.509337e-10	5.000841e-01	-1.431265e-10
-1.255635e+01	0.000000e+00	-5.216635e-01	-1.612308e-10	5.003465e-01	-1.406375e-10
-1.254329e+01	0.000000e+00	-5.443384e-01	-1.722385e-10	5.006110e-01	-1.381353e-10
-1.253015e+01	0.000000e+00	-5.681024e-01	-1.839903e-10	5.008778e-01	-1.356199e-10
-1.251691e+01	0.000000e+00	-5.929988e-01	-1.965281e-10	5.011473e-01	-1.330916e-10
-1.250358e+01	0.000000e+00	-6.190611e-01	-2.098807e-10	5.014194e-01	-1.305501e-10
-1.249016e+01	0.000000e+00	-6.463579e-01	-2.241027e-10	5.016948e-01	-1.279957e-10
-1.247664e+01	0.000000e+00	-6.749414e-01	-2.392350e-10	5.019742e-01	-1.254287e-10
-1.246303e+01	0.000000e+00	-7.048781e-01	-2.553283e-10	5.022581e-01	-1.228492e-10
-1.244933e+01	0.000000e+00	-7.362472e-01	-2.724424e-10	5.025465e-01	-1.202570e-10
-1.243553e+01	0.000000e+00	-7.691485e-01	-2.906495e-10	5.028392e-01	-1.176519e-10
-1.242163e+01	0.000000e+00	-8.036368e-01	-3.099883e-10	5.031360e-01	-1.150336e-10
-1.240764e+01	0.000000e+00	-8.398568e-01	-3.305627e-10	5.034374e-01	-1.124023e-10
-1.239356e+01	0.000000e+00	-8.779447e-01	-3.524709e-10	5.037433e-01	-1.097577e-10
-1.237937e+01	0.000000e+00	-9.180053e-01	-3.757832e-10	5.040537e-01	-1.070997e-10
-1.236509e+01	0.000000e+00	-9.601374e-01	-4.005621e-10	5.043692e-01	-1.044284e-10
-1.235070e+01	0.000000e+00	-1.004529e+00	-4.269365e-10	5.046893e-01	-1.017434e-10
-1.233622e+01	0.000000e+00	-1.051446e+00	-4.551009e-10	5.050137e-01	-9.904443e-11
-1.232164e+01	0.000000e+00	-1.101018e+00	-4.851326e-10	5.053428e-01	-9.633151e-11
-1.230696e+01	0.000000e+00	-1.153177e+00	-5.169163e-10	5.056762e-01	-9.360436e-11
-1.229217e+01	0.000000e+00	-1.208611e+00	-5.510027e-10	5.060140e-01	-9.086281e-11
-1.227728e+01	0.000000e+00	-1.265582e+00	-5.857221e-10	5.063597e-01	-8.810798e-11
-1.226229e+01	0.000000e+00	-1.326069e+00	-6.227502e-10	5.067100e-01	-8.533847e-11
-1.224720e+01	0.000000e+00	-1.390615e+00	-6.624790e-10	5.070654e-01	-8.255426e-11
-1.223200e+01	0.000000e+00	-1.459405e+00	-7.049511e-10	5.074271e-01	-7.975561e-11
-1.221669e+01	0.000000e+00	-1.533211e+00	-7.507445e-10	5.077934e-01	-7.694173e-11
-1.220128e+01	0.000000e+00	-1.612714e+00	-8.003362e-10	5.081636e-01	-7.411230e-11
-1.218576e+01	0.000000e+00	-1.698718e+00	-8.542936e-10	5.085368e-01	-7.126689e-11
-1.217014e+01	0.000000e+00	-1.791971e+00	-9.131013e-10	5.089133e-01	-6.840554e-11
-1.215440e+01	0.000000e+00	-1.893426e+00	-9.773903e-10	5.092936e-01	-6.552820e-11
-1.213856e+01	0.000000e+00	-2.004305e+00	-1.048009e-09	5.096775e-01	-6.263472e-11
-1.212261e+01	0.000000e+00	-2.126007e+00	-1.125915e-09	5.100650e-01	-5.972496e-11
-1.210654e+01	0.000000e+00	-2.260180e+00	-1.212216e-09	5.104562e-01	-5.679885e-11
-1.209037e+01	0.000000e+00	-2.408937e+00	-1.308383e-09	5.108509e-01	-5.385618e-11
-1.207408e+01	0.000000e+00	-2.574793e+00	-1.416148e-09	5.112491e-01	-5.089684e-11
-1.205768e+01	0.000000e+00	-2.760667e+00	-1.537428e-09	5.116500e-01	-4.792056e-11
-1.204117e+01	0.000000e+00	-2.970744e+00	-1.675212e-09	5.120538e-01	-4.492728e-11
-1.202454e+01	0.000000e+00	-3.209481e+00	-1.832336e-09	5.124604e-01	-4.191690e-11
-1.200780e+01	0.000000e+00	-3.480026e+00	-2.009436e-09	5.128715e-01	-3.888955e-11
-1.199094e+01	0.000000e+00	-3.792760e+00	-2.214411e-09	5.132858e-01	-3.584492e-11
-1.197396e+01	0.000000e+00	-4.159181e+00	-2.455163e-09	5.137032e-01	-3.278286e-11
-1.195687e+01	0.000000e+00	-4.595211e+00	-2.742727e-09	5.141237e-01	-2.970329e-11
-1.193965e+01	0.000000e+00	-5.121312e+00	-3.090292e-09	5.145477e-01	-2.660613e-11
-1.192232e+01	0.000000e+00	-5.769501e+00	-3.519607e-09	5.149748e-01	-2.349122e-11
-1.190487e+01	0.000000e+00	-6.587955e+00	-4.063196e-09	5.154048e-01	-2.035845e-11
-1.188730e+01	0.000000e+00	-7.655587e+00	-4.775254e-09	5.158377e-01	-1.720769e-11
-1.186960e+01	0.000000e+00	-9.099769e+00	-5.739360e-09	5.162740e-01	-1.403891e-11
-1.185179e+01	0.000000e+00	-1.116529e+01	-7.120689e-09	5.167132e-01	-1.085195e-11
-1.183385e+01	0.000000e+00	-1.436319e+01	-9.263400e-09	5.171558e-01	-7.646731e-12
-1.181578e+01	0.000000e+00	-1.995080e+01	-1.300020e-08	5.176023e-01	-4.423144e-12
-1.179759e+01	0.000000e+00	-3.227323e+01	-2.124241e-08	5.180531e-01	-1.181051e-12
-1.177927e+01	0.000000e+00	-8.188806e+01	-5.434364e-08	5.185085e-01	2.079697e-12
-1.176083e+01	0.000000e+00	1.588771e+02	1.062972e-07	5.189670e-01	5.359216e-12
-1.174226e+01	0.000000e+00	4.076224e+01	2.750147e-08	5.194277e-01	8.657609e-12
-1.172356e+01	0.000000e+00	2.352262e+01	1.599992e-08	5.198913e-01	1.197496e-11
-1.170473e+01	0.000000e+00	1.660064e+01	1.138307e-08	5.203581e-01	1.531138e-11
-1.168577e+01	0.000000e+00	1.286501e+01	8.890933e-09	5.208276e-01	1.866696e-11
-1.166668e+01	0.000000e+00	1.052871e+01	7.333689e-09	5.213002e-01	2.204181e-11
-1.164746e+01	0.000000e+00	8.929623e+00	6.268808e-09	5.217757e-01	2.543600e-11
-1.162810e+01	0.000000e+00	7.766600e+00	5.495264e-09	5.222535e-01	2.884958e-11
-1.160861e+01	0.000000e+00	6.882717e+00	4.908153e-09	5.227337e-01	3.228262e-11
-1.158898e+01	0.000000e+00	6.187655e+00	4.446659e-09	5.232165e-01	3.573523e-11
-1.156922e+01	0.000000e+00	5.627635e+00	4.075745e-09	5.237014e-01	3.920741e-11
-1.154932e+01	0.000000e+00	5.168194e+00	3.773305e-09	5.241894e-01	4.269939e-11
-1.152928e+01	0.000000e+00	4.783483e+00	3.520703e-09	5.246804e-01	4.621125e-11
-1.150911e+01	0.000000e+00	4.456363e+00	3.306244e-09	5.251744e-01	4.974308e-11
-1.148879e+01	0.000000e+00	4.174694e+00	3.121809e-09	5.256706e-01	5.329484e-11
-1.146833e+01	0.000000e+00	3.929639e+00	2.961596e-09	5.261695e-01	5.686667e-11
-1.144774e+01	0.000000e+00	3.714496e+00	2.821187e-09	5.266709e-01	6.045861e-11
-1.142699e+01	0.000000e+00	3.524526e+00	2.697811e-09	5.271752e-01	6.407085e-11
-1.140611e+01	0.000000e+00	3.355301e+00	2.588225e-09	5.276822e-01	6.770341e-11
-1.138508e+01	0.000000e+00	3.203953e+00	2.490825e-09	5.281927e-01	7.135658e-11
-1.136390e+01	0.000000e+00	3.067796e+00	2.403752e-09	5.287071e-01	7.503063e-11
-1.134258e+01	0.000000e+00	2.944459e+00	2.325194e-09	5.292253e-01	7.872560e-11
-1.132111e+01	0.000000e+00	2.832049e+00	2.253740e-09	5.297460e-01	8.244127e-11
-1.129949e+01	0.000000e+00	2.729032e+00	2.188263e-09	5.302693e-01	8.617768e-11
-1.127772e+01	0.000000e+00	2.634249e+00	2.128017e-09	5.307953e-01	8.993498e-11
-1.125580e+01	0.000000e+00	2.546808e+00	2.072507e-09	5.313241e-01	9.371329e-11
-1.123373e+01	0.000000e+00	2.465836e+00	2.021130e-09	5.318554e-01	9.751256e-11
-1.121151e+01	0.000000e+00	2.390656e+00	1.973481e-09	5.323890e-01	1.013328e-10
-1.118913e+01	0.000000e+00	2.320793e+00	1.929388e-09	5.329250e-01	1.051740e-10
-1.116659e+01	0.000000e+00	2.255511e+00	1.888168e-09	5.334630e-01	1.090363e-10
-1.114390e+01	0.000000e+00	2.194452e+00	1.849688e-09	5.340030e-01	1.129195e-10
-1.112106e+01	0.000000e+00	2.137449e+00	1.814083e-09	5.345455e-01	1.168240e-10
-1.109805e+01	0.000000e+00	2.084056e+00	1.780977e-09	5.350910e-01	1.207500e-10
-1.107488e+01	0.000000e+00	2.033808e+00	1.749903e-09	5.356390e-01	1.246975e-10
-1.105156e+01	0.000000e+00	1.986451e+00	1.720720e-09	5.361889e-01	1.286661e-10
-1.102807e+01	0.000000e+00	1.941723e+00	1.693236e-09	5.367410e-01	1.326560e-10
-1.100442e+01	0.000000e+00	1.899519e+00	1.667504e-09	5.372958e-01	1.366677e-10
-1.098061e+01	0.000000e+00	1.859609e+00	1.643337e-09	5.378533e-01	1.407010e-10
-1.095663e+01	0.000000e+00	1.821853e+00	1.620686e-09	5.384139e-01	1.447565e-10
-1.093248e+01	0.000000e+00	1.786072e+00	1.599408e-09	5.389778e-01	1.488341e-10
-1.090817e+01	0.000000e+00	1.752093e+00	1.579358e-09	5.395448e-01	1.529339e-10
-1.088369e+01	0.000000e+00	1.719703e+00	1.560298e-09	5.401138e-01	1.570553e-10
-1.085904e+01	0.000000e+00	1.688795e+00	1.542165e-09	5.406855e-01	1.611988e-10
-1.083421e+01	0.000000e+00	1.659275e+00	1.524909e-09	5.412597e-01	1.653644e-10
-1.080922e+01	0.000000e+00	1.631037e+00	1.508447e-09	5.418361e-01	1.695518e-10
-1.078405e+01	0.000000e+00	1.604035e+00	1.492798e-09	5.424148e-01	1.737613e-10
-1.075871e+01	0.000000e+00	1.578143e+00	1.477820e-09	5.429951e-01	1.779922e-10
-1.073319e+01	0.000000e+00	1.553282e+00	1.463454e-09	5.435771e-01	1.822450e-10
-1.070750e+01	0.000000e+00	1.529492e+00	1.449856e-09	5.441614e-01	1.865197e-10
-1.068163e+01	0.000000e+00	1.506705e+00	1.436972e-09	5.447481e-01	1.908167e-10
-1.065557e+01	0.000000e+00	1.484803e+00	1.424655e-09	5.453370e-01	1.951358e-10
-1.062934e+01	0.000000e+00	1.463728e+00	1.412852e-09	5.459274e-01	1.994766e-10
-1.060293e+01	0.000000e+00	1.443474e+00	1.401617e-09	5.465202e-01	2.038396e-10
-1.057633e+01	0.000000e+00	1.423999e+00	1.390927e-09	5.471154e-01	2.082250e-10
-1.054955e+01	0.000000e+00	1.405251e+00	1.380731e-09	5.477130e-01	2.126328e-10
-1.052258e+01	0.000000e+00	1.387240e+00	1.371102e-09	5.483138e-01	2.170636e-10
-1.049543e+01	0.000000e+00	1.369866e+00	1.361888e-09	5.489170e-01	2.215169e-10
-1.046808e+01	0.000000e+00	1.353082e+00	1.353045e-09	5.495223e-01	2.259925e-10
-1.044055e+01	0.000000e+00	1.336874e+00	1.344583e-09	5.501303e-01	2.304909e-10
-1.041283e+01	0.000000e+00	1.321190e+00	1.336433e-09	5.507401e-01	2.350113e-10
-1.038491e+01	0.000000e+00	1.306007e+00	1.328591e-09	5.513517e-01	2.395540e-10
-1.035681e+01	0.000000e+00	1.291299e+00	1.321035e-09	5.519650e-01	2.441185e-10
-1.032850e+01	0.000000e+00	1.277042e+00	1.313746e-09	5.525801e-01	2.487052e-10
-1.030000e+01	0.000000e+00	1.263247e+00	1.306780e-09	5.531969e-01	2.533140e-10
-1.027131e+01	0.000000e+00	1.249899e+00	1.300132e-09	5.538157e-01	2.579450e-10
-1.024241e+01	0.000000e+00	1.236951e+00	1.293738e-09	5.544361e-01	2.625979e-10
-1.021331e+01	0.000000e+00	1.224384e+00	1.287578e-09	5.550580e-01	2.672727e-10
-1.018402e+01	0.000000e+00	1.212210e+00	1.281706e-09	5.556822e-01	2.719701e-10
-1.015451e+01	0.000000e+00	1.200406e+00	1.276097e-09	5.563085e-01	2.766898e-10
-1.012481e+01	0.000000e+00	1.188966e+00	1.270759e-09	5.569374e-01	2.814326e-10
-1.009490e+01	0.000000e+00	1.177854e+00	1.265637e-09	5.575684e-01	2.861978e-10
-1.006478e+01	0.000000e+00	1.167058e+00	1.260731e-09	5.582015e-01	2.909854e-10
-1.003445e+01	0.000000e+00	1.156555e+00	1.256004e-09	5.588364e-01	2.957952e-10
-1.000391e+01	0.000000e+00	1.146327e+00	1.251438e-09	5.594731e-01	3.006271e-10
-9.973164e+00	0.000000e+00	1.136366e+00	1.247033e-09	5.601112e-01	3.054807e-10
-9.942201e+00	0.000000e+00	1.126656e+00	1.242767e-09	5.607507e-01	3.103561e-10
-9.911024e+00	0.000000e+00	1.117194e+00	1.238652e-09	5.613917e-01	3.152531e-10
-9.879631e+00	0.000000e+00	1.107985e+00	1.234715e-09	5.620340e-01	3.201717e-10
-9.848020e+00	0.000000e+00	1.099018e+00	1.230944e-09	5.626778e-01	3.251120e-10
-9.816190e+00	0.000000e+00	1.090280e+00	1.227322e-09	5.633231e-01	3.300740e-10
-9.784139e+00	0.000000e+00	1.081771e+00	1.223868e-09	5.639702e-01	3.350579e-10
-9.751866e+00	0.000000e+00	1.073479e+00	1.220564e-09	5.646191e-01	3.400639e-10
-9.719370e+00	0.000000e+00	1.065399e+00	1.217412e-09	5.652701e-01	3.450921e-10
-9.686648e+00	0.000000e+00	1.057516e+00	1.214389e-09	5.659225e-01	3.501419e-10
-9.653699e+00	0.000000e+00	1.049822e+00	1.211489e-09	5.665767e-01	3.552134e-10
-9.620522e+00	0.000000e+00	1.042301e+00	1.208686e-09	5.672323e-01	3.603064e-10
-9.587115e+00	0.000000e+00	1.034953e+00	1.205987e-09	5.678891e-01	3.654206e-10
-9.553476e+00	0.000000e+00	1.027766e+00	1.203377e-09	5.685472e-01	3.705558e-10
-9.519605e+00	0.000000e+00	1.020741e+00	1.200868e-09	5.692065e-01	3.757122e-10
-9.485498e+00	0.000000e+00	1.013880e+00	1.198473e-09	5.698666e-01	3.808888e-10
-9.451155e+00	0.000000e+00	1.007177e+00	1.196185e-09	5.705280e-01	3.860864e-10
-9.416574e+00	0.000000e+00	1.000628e+00	1.194007e-09	5.711906e-01	3.913050e-10
-9.381753e+00	0.000000e+00	9.942258e-01	1.191926e-09	5.718547e-01	3.965446e-10
-9.346691e+00	0.000000e+00	9.879642e-01	1.189937e-09	5.725202e-01	4.018053e-10
-9.311386e+00	0.000000e+00	9.818408e-01	1.188042e-09	5.731867e-01	4.070863e-10
-9.275836e+00	0.000000e+00	9.758469e-01	1.186227e-09	5.738546e-01	4.123882e-10
-9.240040e+00	0.000000e+00	9.699739e-01	1.184478e-09	5.745236e-01	4.177103e-10
-9.203996e+00	0.000000e+00	9.642226e-01	1.182804e-09	5.751936e-01	4.230528e-10
-9.167701e+00	0.000000e+00	9.585823e-01	1.181186e-09	5.758645e-01	4.284150e-10
-9.131156e+00	0.000000e+00	9.530591e-01	1.179643e-09	5.765361e-01	4.337970e-10
-9.094356e+00	0.000000e+00	9.476536e-01	1.178185e-09	5.772083e-01	4.391980e-10
-9.057302e+00	0.000000e+00	9.423605e-01	1.176803e-09	5.778814e-01	4.446189e-10
-9.019991e+00	0.000000e+00	9.371737e-01	1.175489e-09	5.785555e-01	4.500594e-10
-8.982421e+00	0.000000e+00	9.320915e-01	1.174244e-09	5.792306e-01	4.555196e-10
-8.944591e+00	0.000000e+00	9.271119e-01	1.173068e-09	5.799063e-01	4.609988e-10
-8.906499e+00	0.000000e+00	9.222291e-01	1.171952e-09	5.805832e-01	4.664977e-10
-8.868143e+00	0.000000e+00	9.174406e-01	1.170894e-09	5.812609e-01	4.720157e-10
-8.829520e+00	0.000000e+00	9.127378e-01	1.169877e-09	5.819392e-01	4.775523e-10
-8.790630e+00	0.000000e+00	9.081251e-01	1.168918e-09	5.826181e-01	4.831075e-10
-8.751471e+00	0.000000e+00	9.036016e-01	1.168018e-09	5.832974e-01	4.886806e-10
-8.712040e+00	0.000000e+00	8.991688e-01	1.167185e-09	5.839771e-01	4.942719e-10
-8.672335e+00	0.000000e+00	8.948182e-01	1.166403e-09	5.846574e-01	4.998812e-10
-8.632356e+00	0.000000e+00	8.905484e-01	1.165672e-09	5.853382e-01	5.055086e-10
-8.592099e+00	0.000000e+00	8.863599e-01	1.164997e-09	5.860195e-01	5.111535e-10
-8.551563e+00	0.000000e+00	8.822483e-01	1.164370e-09	5.867015e-01	5.168166e-10
-8.510747e+00	0.000000e+00	8.782119e-01	1.163791e-09	5.873841e-01	5.224974e-10
-8.469647e+00	0.000000e+00	8.742446e-01	1.163248e-09	5.880670e-01	5.281952e-10
-8.428263e+00	0.000000e+00	8.703451e-01	1.162740e-09	5.887500e-01	5.339097e-10
-8.386591e+00	0.000000e+00	8.665164e-01	1.162279e-09	5.894329e-01	5.396402e-10
-8.344631e+00	0.000000e+00	8.627588e-01	1.161869e-09	5.901160e-01	5.453872e-10
-8.302380e+00	0.000000e+00	8.590645e-01	1.161492e-09	5.907992e-01	5.511501e-10
-8.259836e+00	0.000000e+00	8.554369e-01	1.161161e-09	5.914825e-01	5.569291e-10
-8.216997e+00	0.000000e+00	8.518736e-01	1.160873e-09	5.921662e-01	5.627245e-10
-8.173861e+00	0.000000e+00	8.483728e-01	1.160626e-09	5.928502e-01	5.685360e-10
-8.130427e+00	0.000000e+00	8.449294e-01	1.160408e-09	5.935343e-01	5.743630e-10
-8.086691e+00	0.000000e+00	8.415425e-01	1.160220e-09	5.942183e-01	5.802050e-10
-8.042652e+00	0.000000e+00	8.382141e-01	1.160071e-09	5.949019e-01	5.860613e-10
-7.998307e+00	0.000000e+00	8.349425e-01	1.159958e-09	5.955852e-01	5.919318e-10
-7.953656e+00	0.000000e+00	8.317266e-01	1.159881e-09	5.962684e-01	5.978168e-10
-7.908694e+00	0.000000e+00	8.285665e-01	1.159843e-09	5.969516e-01	6.037162e-10
-7.863422e+00	0.000000e+00	8.254594e-01	1.159838e-09	5.976347e-01	6.096300e-10
-7.817835e+00	0.000000e+00	8.224015e-01	1.159859e-09	5.983176e-01	6.155573e-10
-7.771932e+00	0.000000e+00	8.193926e-01	1.159907e-09	5.990003e-01	6.214984e-10
-7.725711e+00	0.000000e+00	8.164320e-01	1.159983e-09	5.996824e-01	6.274520e-10
-7.679170e+00	0.000000e+00	8.135190e-01	1.160086e-09	6.003635e-01	6.334174e-10
-7.632306e+00	0.000000e+00	8.106531e-01	1.160218e-09	6.010443e-01	6.393953e-10
-7.585118e+00	0.000000e+00	8.078350e-01	1.160383e-09	6.017247e-01	6.453857e-10
-7.537602e+00	0.000000e+00	8.050623e-01	1.160576e-09	6.024047e-01	6.513884e-10
-7.489757e+00	0.000000e+00	8.023326e-01	1.160792e-09	6.030842e-01	6.574031e-10
-7.441580e+00	0.000000e+00	7.996446e-01	1.161029e-09	6.037632e-01	6.634292e-10
-7.393069e+00	0.000000e+00	7.969988e-01	1.161291e-09	6.044413e-01	6.694658e-10
-7.344222e+00	0.000000e+00	7.943930e-01	1.161574e-09	6.051182e-01	6.755121e-10
-7.295037e+00	0.000000e+00	7.918301e-01	1.161887e-09	6.057945e-01	6.815694e-10
-7.245510e+00	0.000000e+00	7.893099e-01	1.162231e-09	6.064703e-01	6.876373e-10
-7.195640e+00	0.000000e+00	7.868311e-01	1.162606e-09	6.071457e-01	6.937163e-10
-7.145425e+00	0.000000e+00	7.843916e-01	1.163007e-09	6.078206e-01	6.998055e-10
-7.094861e+00	0.000000e+00	7.819894e-01	1.163429e-09	6.084945e-01	7.059038e-10
-7.043947e+00	0.000000e+00	7.796226e-01	1.163868e-09	6.091670e-01	7.120100e-10
-6.992680e+00	0.000000e+00	7.772911e-01	1.164326e-09	6.098383e-01	7.181241e-10
-6.941058e+00	0.000000e+00	7.749968e-01	1.164809e-09	6.105085e-01	7.242467e-10
-6.889078e+00	0.000000e+00	7.727381e-01	1.165316e-09	6.111780e-01	7.303778e-10
-6.836737e+00	0.000000e+00	7.705133e-01	1.165841e-09	6.118464e-01	7.365168e-10
-6.784034e+00	0.000000e+00	7.683209e-01	1.166383e-09	6.125135e-01	7.426626e-10
-6.730965e+00	0.000000e+00	7.661587e-01	1.166936e-09	6.131787e-01	7.488138e-10
-6.677529e+00	0.000000e+00	7.640303e-01	1.167511e-09	6.138427e-01	7.549715e-10
-6.623722e+00	0.000000e+00	7.619359e-01	1.168112e-09	6.145056e-01	7.611361e-10
-6.569542e+00	0.000000e+00	7.598726e-01	1.168731e-09	6.151673e-01	7.673069e-10
-6.514987e+00	0.000000e+00	7.578415e-01	1.169372e-09	6.158279e-01	7.734839e-10
-6.460053e+00	0.000000e+00	7.558403e-01	1.170030e-09	6.164870e-01	7.796658e-10
-6.404739e+00	0.000000e+00	7.538684e-01	1.170705e-09	6.171443e-01	7.858517e-10
-6.349041e+00	0.000000e+00	7.519277e-01	1.171402e-09	6.178002e-01	7.920425e-10
-6.292957e+00	0.000000e+00	7.500157e-01	1.172116e-09	6.184548e-01	7.982378e-10
-6.236485e+00	0.000000e+00	7.481301e-01	1.172842e-09	6.191075e-01	8.044362e-10
-6.179621e+00	0.000000e+00	7.462711e-01	1.173580e-09	6.197584e-01	8.106374e-10
-6.122362e+00	0.000000e+00	7.444397e-01	1.174335e-09	6.204073e-01	8.168410e-10
-6.064707e+00	0.000000e+00	7.426358e-01	1.175107e-09	6.210545e-01	8.230469e-10
-6.006652e+00	0.000000e+00	7.408572e-01	1.175892e-09	6.216998e-01	8.292547e-10
-5.948195e+00	0.000000e+00	7.391045e-01	1.176691e-09	6.223432e-01	8.354644e-10
-5.889333e+00	0.000000e+00	7.373774e-01	1.177505e-09	6.229848e-01	8.416753e-10
-5.830062e+00	0.000000e+00	7.356767e-01	1.178339e-09	6.236245e-01	8.478874e-10
-5.770381e+00	0.000000e+00	7.340013e-01	1.179188e-09	6.242622e-01	8.541000e-10
-5.710286e+00	0.000000e+00	7.323497e-01	1.180050e-09	6.248979e-01	8.603126e-10
-5.649775e+00	0.000000e+00	7.307226e-01	1.180927e-09	6.255317e-01	8.665256e-10
-5.588844e+00	0.000000e+00	7.291197e-01	1.181820e-09	6.261633e-01	8.727379e-10
-5.527491e+00	0.000000e+00	7.275401e-01	1.182727e-09	6.267927e-01	8.789487e-10
-5.465712e+00	0.000000e+00	7.259826e-01	1.183645e-09	6.274197e-01	8.851576e-10
-5.403505e+00	0.000000e+00	7.244465e-01	1.184572e-09	6.280444e-01	8.913643e-10
-5.340867e+00	0.000000e+00	7.229318e-01	1.185509e-09	6.286665e-01	8.975679e-10
-5.277795e+00	0.000000e+00	7.214393e-01	1.186460e-09	6.292861e-01	9.037684e-10
-5.214286e+00	0.000000e+00	7.199694e-01	1.187427e-09	6.299036e-01	9.099666e-10
-5.150336e+00	0.000000e+00	7.185210e-01	1.188408e-09	6.305189e-01	9.161616e-10
-5.085943e+00	0.000000e+00	7.170932e-01	1.189399e-09	6.311316e-01	9.223525e-10
-5.021104e+00	0.000000e+00	7.156879e-01	1.190409e-09	6.317421e-01	9.285398e-10
-4.955815e+00	0.000000e+00	7.143031e-01	1.191431e-09	6.323501e-01	9.347227e-10
-4.890074e+00	0.000000e+00	7.129382e-01	1.192465e-09	6.329556e-01	9.409005e-10
-4.823877e+00	0.000000e+00	7.115930e-01	1.193510e-09	6.335584e-01	9.470723e-10
-4.757221e+00	0.000000e+00	7.102664e-01	1.194564e-09	6.341581e-01	9.532370e-10
-4.690104e+00	0.000000e+00	7.089591e-01	1.195629e-09	6.347552e-01	9.593953e-10
-4.622521e+00	0.000000e+00	7.076710e-01	1.196706e-09	6.353496e-01	9.655470e-10
-4.554469e+00	0.000000e+00	7.064016e-01	1.197794e-09	6.359411e-01	9.716913e-10
-4.485946e+00	0.000000e+00	7.051526e-01	1.198900e-09	6.365304e-01	9.778293e-10
-4.416948e+00	0.000000e+00	7.039212e-01	1.200015e-09	6.371166e-01	9.839589e-10
-4.347471e+00	0.000000e+00	7.027070e-01	1.201138e-09	6.376997e-01	9.900793e-10
-4.277513e+00	0.000000e+00	7.015095e-01	1.202268e-09	6.382795e-01	9.961894e-10
-4.207070e+00	0.000000e+00	7.003295e-01	1.203408e-09	6.388563e-01	1.002290e-09
-4.136139e+00	0.000000e+00	6.991669e-01	1.204560e-09	6.394301e-01	1.008381e-09
-4.064716e+00	0.000000e+00	6.980224e-01	1.205725e-09	6.400011e-01	1.014463e-09
-3.992798e+00	0.000000e+00	6.968944e-01	1.206899e-09	6.405688e-01	1.020533e-09
-3.920381e+00	0.000000e+00	6.957827e-01	1.208083e-09	6.411334e-01	1.026592e-09
-3.847463e+00	0.000000e+00	6.946879e-01	1.209278e-09	6.416949e-01	1.032640e-09
-3.774039e+00	0.000000e+00	6.936107e-01	1.210488e-09	6.422537e-01	1.038678e-09
-3.700106e+00	0.000000e+00	6.925491e-01	1.211706e-09	6.428091e-01	1.044702e-09
-3.625660e+00	0.000000e+00	6.915046e-01	1.212939e-09	6.433616e-01	1.050716e-09
-3.550699e+00	0.000000e+00	6.904752e-01	1.214180e-09	6.439107e-01	1.056715e-09
-3.475218e+00	0.000000e+00	6.894607e-01	1.215428e-09	6.444563e-01	1.062701e-09
-3.399214e+00	0.000000e+00	6.884609e-01	1.216684e-09	6.449981e-01	1.068672e-09
-3.322683e+00	0.000000e+00	6.874760e-01	1.217950e-09	6.455367e-01	1.074628e-09
-3.245621e+00	0.000000e+00	6.865061e-01	1.219224e-09	6.460717e-01	1.080569e-09
-3.168025e+00	0.000000e+00	6.855501e-01	1.220506e-09	6.466029e-01	1.086494e-09
-3.089892e+00	0.000000e+00	6.846090e-01	1.221798e-09	6.471308e-01	1.092404e-09
-3.011217e+00	0.000000e+00	6.836824e-01	1.223099e-09	6.476552e-01	1.098298e-09
-2.931996e+00	0.000000e+00	6.827715e-01	1.224416e-09	6.481766e-01	1.104178e-09
-2.852226e+00	0.000000e+00	6.818743e-01	1.225740e-09	6.486942e-01	1.110040e-09
-2.771904e+00	0.000000e+00	6.809911e-01	1.227074e-09	6.492083e-01	1.115885e-09
-2.691024e+00	0.000000e+00	6.801223e-01	1.228419e-09	6.497191e-01	1.121713e-09
-2.609584e+00	0.000000e+00	6.792661e-01	1.229769e-09	6.502257e-01	1.127523e-09
-2.527580e+00	0.000000e+00	6.784245e-01	1.231133e-09	6.507292e-01	1.133315e-09
-2.445007e+00	0.000000e+00	6.775962e-01	1.232505e-09	6.512289e-01	1.139089e-09
-2.361862e+00	0.000000e+00	6.767817e-01	1.233890e-09	6.517253e-01	1.144845e-09
-2.278140e+00	0.000000e+00	6.759784e-01	1.235276e-09	6.522170e-01	1.150579e-09
-2.193838e+00	0.000000e+00	6.751867e-01	1.236666e-09	6.527042e-01	1.156290e-09
-2.108952e+00	0.000000e+00	6.744079e-01	1.238066e-09	6.531877e-01	1.161981e-09
-2.023477e+00	0.000000e+00	6.736422e-01	1.239477e-09	6.536676e-01	1.167653e-09
-1.937410e+00	0.000000e+00	6.728878e-01	1.240892e-09	6.541429e-01	1.173300e-09
-1.850746e+00	0.000000e+00	6.721478e-01	1.242323e-09	6.546154e-01	1.178931e-09
-1.763481e+00	0.000000e+00	6.714210e-01	1.243767e-09	6.550846e-01	1.184542e-09
-1.675612e+00	0.000000e+00	6.707063e-01	1.245219e-09	6.555498e-01	1.190130e-09
-1.587133e+00	0.000000e+00	6.700031e-01	1.246678e-09	6.560108e-01	1.195696e-09
-1.498042e+00	0.000000e+00	6.693125e-01	1.248148e-09	6.564683e-01	1.201240e-09
-1.408332e+00	0.000000e+00	6.686328e-01	1.249625e-09	6.569213e-01	1.206760e-09
-1.318001e+00	0.000000e+00	6.679635e-01	1.251105e-09	6.573693e-01	1.212252e-09
-1.227044e+00	0.000000e+00	6.673060e-01	1.252595e-09	6.578136e-01	1.217722e-09
-1.135456e+00	0.000000e+00	6.666605e-01	1.254095e-09	6.582540e-01	1.223168e-09
-1.043233e+00	0.000000e+00	6.660264e-01	1.255605e-09	6.586905e-01	1.228590e-09
-9.503712e-01	0.000000e+00	6.654037e-01	1.257124e-09	6.591229e-01	1.233988e-09
-8.568655e-01	0.000000e+00	6.647910e-01	1.258647e-09	6.595504e-01	1.239358e-09
-7.627117e-01	0.000000e+00	6.641896e-01	1.260181e-09	6.599738e-01	1.244702e-09
-6.679053e-01	0.000000e+00	6.635990e-01	1.261723e-09	6.603928e-01	1.250019e-09
-5.724417e-01	0.000000e+00	6.630196e-01	1.263274e-09	6.608076e-01	1.255310e-09
-4.763164e-01	0.000000e+00	6.624524e-01	1.264841e-09	6.612194e-01	1.260580e-09
-3.795248e-01	0.000000e+00	6.618957e-01	1.266415e-09	6.616266e-01	1.265821e-09
-2.820622e-01	0.000000e+00	6.613492e-01	1.267997e-09	6.620290e-01	1.271032e-09
-1.839241e-01	0.000000e+00	6.608138e-01	1.269590e-09	6.624269e-01	1.276215e-09
-8.510567e-02	0.000000e+00	6.602909e-01	1.271201e-09	6.628216e-01	1.281375e-09
1.439771e-02	0.000000e+00	6.597928e-01	1.974404e-07	6.632242e-01	-4.860110e-08
1.145908e-01	0.000000e+00	6.592946e-01	4.335106e-06	6.636103e-01	-1.100253e-06
2.154784e-01	0.000000e+00	6.588032e-01	1.099669e-05	6.639907e-01	-2.787552e-06
3.170653e-01	0.000000e+00	6.583214e-01	1.931147e-05	6.643677e-01	-4.885667e-06
4.193564e-01	0.000000e+00	6.578480e-01	2.890209e-05	6.647408e-01	-7.297007e-06
5.223566e-01	0.000000e+00	6.573831e-01	3.953073e-05	6.651099e-01	-9.959231e-06
6.260707e-01	0.000000e+00	6.569268e-01	5.103287e-05	6.654751e-01	-1.282881e-05
7.305037e-01	0.000000e+00	6.564789e-01	6.328106e-05	6.658364e-01	-1.587294e-05
8.356606e-01	0.000000e+00	6.560389e-01	7.617195e-05	6.661931e-01	-1.906358e-05
9.415464e-01	0.000000e+00	6.556073e-01	8.962410e-05	6.665461e-01	-2.237713e-05
1.048166e+00	0.000000e+00	6.551837e-01	1.035608e-04	6.668949e-01	-2.579605e-05
1.155525e+00	0.000000e+00	6.547682e-01	1.179216e-04	6.672399e-01	-2.930256e-05
1.263628e+00	0.000000e+00	6.543605e-01	1.326547e-04	6.675805e-01	-3.288388e-05
1.372480e+00	0.000000e+00	6.539609e-01	1.477100e-04	6.679172e-01	-3.652737e-05
1.482087e+00	0.000000e+00	6.535691e-01	1.630483e-04	6.682498e-01	-4.022108e-05
1.592454e+00	0.000000e+00	6.531856e-01	1.786284e-04	6.685791e-01	-4.395530e-05
1.703586e+00	0.000000e+00	6.528094e-01	1.944182e-04	6.689038e-01	-4.772050e-05
1.815488e+00	0.000000e+00	6.524408e-01	2.103804e-04	6.692244e-01	-5.150743e-05
1.928165e+00	0.000000e+00	6.520798e-01	2.264851e-04	6.695414e-01	-5.530635e-05
2.041624e+00	0.000000e+00	6.517262e-01	2.427053e-04	6.698541e-01	-5.911058e-05
2.155869e+00	0.000000e+00	6.513797e-01	2.590215e-04	6.701624e-01	-6.291467e-05
2.270906e+00	0.000000e+00	6.510404e-01	2.754051e-04	6.704661e-01	-6.671441e-05
2.386741e+00	0.000000e+00	6.507087e-01	2.918377e-04	6.707662e-01	-7.050097e-05
2.503378e+00	0.000000e+00	6.503844e-01	3.083069e-04	6.710627e-01	-7.427157e-05
2.620824e+00	0.000000e+00	6.500673e-01	3.247855e-04	6.713550e-01	-7.802118e-05
2.739084e+00	0.000000e+00	6.497572e-01	3.412541e-04	6.716434e-01	-8.174829e-05
2.858164e+00	0.000000e+00	6.494542e-01	3.576973e-04	6.719283e-01	-8.544719e-05
2.978069e+00	0.000000e+00	6.491582e-01	3.741045e-04	6.722094e-01	-8.910974e-05
3.098805e+00	0.000000e+00	6.488688e-01	3.904565e-04	6.724860e-01	-9.273371e-05
3.220378e+00	0.000000e+00	6.485862e-01	4.067427e-04	6.727584e-01	-9.631724e-05
3.342794e+00	0.000000e+00	6.483101e-01	4.229516e-04	6.730263e-01	-9.985611e-05
3.466059e+00	0.000000e+00	6.480407e-01	4.390685e-04	6.732901e-01	-1.033431e-04
3.590177e+00	0.000000e+00	6.477780e-01	4.550890e-04	6.735504e-01	-1.067815e-04
3.715157e+00	0.000000e+00	6.475218e-01	4.709940e-04	6.738063e-01	-1.101677e-04
3.841002e+00	0.000000e+00	6.472722e-01	4.867778e-04	6.740590e-01	-1.135051e-04
3.967720e+00	0.000000e+00	6.470291e-01	5.024296e-04	6.743081e-01	-1.167896e-04
4.095316e+00	0.000000e+00	6.467924e-01	5.179408e-04	6.745535e-01	-1.200164e-04
4.223797e+00	0.000000e+00	6.465619e-01	5.333039e-04	6.747946e-01	-1.231802e-04
4.353168e+00	0.000000e+00	6.463376e-01	5.485131e-04	6.750317e-01	-1.262819e-04
4.483436e+00	0.000000e+00	6.461195e-01	5.635656e-04	6.752652e-01	-1.293241e-04
4.614607e+00	0.000000e+00	6.459074e-01	5.784508e-04	6.754950e-01	-1.323032e-04
4.746687e+00	0.000000e+00	6.457014e-01	5.931583e-04	6.757206e-01	-1.352138e-04
4.879683e+00	0.000000e+00	6.455013e-01	6.076756e-04	6.759426e-01	-1.380582e-04
5.013601e+00	0.000000e+00	6.453070e-01	6.219986e-04	6.761605e-01	-1.408308e-04
5.148447e+00	0.000000e+00	6.451186e-01	6.361330e-04	6.763746e-01	-1.435342e-04
5.284227e+00	0.000000e+00	6.449360e-01	6.500689e-04	6.765850e-01	-1.461715e-04
5.420949e+00	0.000000e+00	6.447591e-01	6.638079e-04	6.767919e-01	-1.487430e-04
5.558619e+00	0.000000e+00	6.445879e-01	6.773357e-04	6.769950e-01	-1.512395e-04
5.697242e+00	0.000000e+00	6.444222e-01	6.906479e-04	6.771946e-01	-1.536669e-04
5.836827e+00	0.000000e+00	6.442621e-01	7.037436e-04	6.773903e-01	-1.560189e-04
5.977379e+00	0.000000e+00	6.441075e-01	7.166128e-04	6.775823e-01	-1.582968e-04
6.118906e+00	0.000000e+00	6.439584e-01	7.292559e-04	6.777704e-01	-1.604998e-04
6.261413e+00	0.000000e+00	6.438147e-01	7.416747e-04	6.779552e-01	-1.626327e-04
6.404909e+00	0.000000e+00	6.436763e-01	7.538769e-04	6.781370e-01	-1.646960e-04
6.549399e+00	0.000000e+00	6.435432e-01	7.658654e-04	6.783159e-01	-1.666974e-04
6.694890e+00	0.000000e+00	6.434151e-01	7.776150e-04	6.784912e-01	-1.686256e-04
6.841390e+00	0.000000e+00	6.432922e-01	7.891349e-04	6.786630e-01	-1.704854e-04
6.988906e+00	0.000000e+00	6.431745e-01	8.004119e-04	6.788311e-01	-1.722725e-04
7.137444e+00	0.000000e+00	6.430616e-01	8.114442e-04	6.789960e-01	-1.739867e-04
7.287012e+00	0.000000e+00	6.429538e-01	8.222225e-04	6.791570e-01	-1.756198e-04
7.437616e+00	0.000000e+00	6.428509e-01	8.327516e-04	6.793142e-01	-1.771764e-04
7.589265e+00	0.000000e+00	6.427528e-01	8.430436e-04	6.794681e-01	-1.786594e-04
7.741964e+00	0.000000e+00	6.426596e-01	8.530975e-04	6.796189e-01	-1.800718e-04
7.895722e+00	0.000000e+00	6.425710e-01	8.629037e-04	6.797661e-01	-1.814131e-04
8.050546e+00	0.000000e+00	6.424872e-01	8.724781e-04	6.799104e-01	-1.826901e-04
8.206443e+00	0.000000e+00	6.424080e-01	8.818090e-04	6.800515e-01	-1.838985e-04
8.363421e+00	0.000000e+00	6.423331e-01	8.909030e-04	6.801901e-01	-1.850480e-04
8.521486e+00	0.000000e+00	6.422628e-01	8.997464e-04	6.803255e-01	-1.861282e-04
8.680648e+00	0.000000e+00	6.421969e-01	9.083495e-04	6.804580e-01	-1.871444e-04
8.840913e+00	0.000000e+00	6.421355e-01	9.167085e-04	6.805875e-01	-1.880932e-04
9.002288e+00	0.000000e+00	6.420784e-01	9.248146e-04	6.807136e-01	-1.889696e-04
9.164782e+00	0.000000e+00	6.420257e-01	9.326811e-04	6.808366e-01	-1.897789e-04
9.328403e+00	0.000000e+00	6.419772e-01	9.402938e-04	6.809566e-01	-1.905205e-04
9.493158e+00	0.000000e+00	6.419329e-01	9.476548e-04	6.810733e-01	-1.911926e-04
9.659054e+00	0.000000e+00	6.418928e-01	9.547732e-04	6.811871e-01	-1.917994e-04
9.826101e+00	0.000000e+00	6.418567e-01	9.616540e-04	6.812985e-01	-1.923483e-04
9.994306e+00	0.000000e+00	6.418246e-01	9.682931e-04	6.814067e-01	-1.928343e-04
1.016368e+01	0.000000e+00	6.417966e-01	9.746952e-04	6.815120e-01	-1.932567e-04
1.033422e+01	0.000000e+00	6.417724e-01	9.808679e-04	6.816146e-01	-1.936222e-04
1.050595e+01	0.000000e+00	6.417520e-01	9.868118e-04	6.817148e-01	-1.939339e-04
1.067886e+01	0.000000e+00	6.417352e-01	9.925342e-04	6.818125e-01	-1.941964e-04
1.085298e+01	0.000000e+00	6.417224e-01	9.980162e-04	6.819072e-01	-1.943964e-04
1.102830e+01	0.000000e+00	6.417132e-01	1.003272e-03	6.819993e-01	-1.945392e-04
1.120484e+01	0.000000e+00	6.417076e-01	1.008300e-03	6.820890e-01	-1.946273e-04
1.138260e+01	0.000000e+00	6.417056e-01	1.013095e-03	6.821763e-01	-1.946631e-04
1.156160e+01	0.000000e+00	6.417070e-01	1.017659e-03	6.822612e-01	-1.946477e-04
1.174183e+01	0.000000e+00	6.417121e-01	1.022006e-03	6.823435e-01	-1.945805e-04
1.192331e+01	0.000000e+00	6.417205e-01	1.026128e-03	6.824233e-01	-1.944587e-04
1.210606e+01	0.000000e+00	6.417325e-01	1.030024e-03	6.825004e-01	-1.942836e-04
1.229006e+01	0.000000e+00	6.417478e-01	1.033695e-03	6.825748e-01	-1.940547e-04
1.247535e+01	0.000000e+00	6.417664e-01	1.037146e-03	6.826471e-01	-1.937764e-04
1.266192e+01	0.000000e+00	6.417883e-01	1.040377e-03	6.827167e-01	-1.934470e-04
1.284978e+01	0.000000e+00	6.418135e-01	1.043388e-03	6.827841e-01	-1.930709e-04
1.303894e+01	0.000000e+00	6.418418e-01	1.046180e-03	6.828492e-01	-1.926455e-04
1.322942e+01	0.000000e+00	6.418732e-01	1.048763e-03	6.829121e-01	-1.921750e-04
1.342121e+01	0.000000e+00	6.419075e-01	1.051150e-03	6.829729e-01	-1.916628e-04
1.361434e+01	0.000000e+00	6.419448e-01	1.053329e-03	6.830318e-01	-1.911077e-04
1.380880e+01	0.000000e+00	6.419853e-01	1.055295e-03	6.830882e-01	-1.905157e-04
1.400461e+01	0.000000e+00	6.420286e-01	1.057068e-03	6.831426e-01	-1.898890e-04
1.420178e+01	0.000000e+00	6.420745e-01	1.058670e-03	6.831954e-01	-1.892321e-04
1.440032e+01	0.000000e+00	6.421231e-01	1.060095e-03	6.832464e-01	-1.885410e-04
1.460023e+01	0.000000e+00	6.421745e-01	1.061331e-03	6.832953e-01	-1.878121e-04
1.480152e+01	0.000000e+00	6.422286e-01	1.062381e-03	6.833423e-01	-1.870467e-04
1.500422e+01	0.000000e+00	6.422854e-01	1.063246e-03	6.833873e-01	-1.862469e-04
1.520831e+01	0.000000e+00	6.423448e-01	1.063916e-03	6.834304e-01	-1.854105e-04
1.541383e+01	0.000000e+00	6.424068e-01	1.064400e-03	6.834717e-01	-1.845391e-04
1.562076e+01	0.000000e+00	6.424714e-01	1.064699e-03	6.835110e-01	-1.836359e-04
1.582913e+01	0.000000e+00	6.425384e-01	1.064827e-03	6.835486e-01	-1.827035e-04
1.603895e+01	0.000000e+00	6.426079e-01	1.064778e-03	6.835842e-01	-1.817381e-04
1.625022e+01	0.000000e+00	6.426798e-01	1.064556e-03	6.836182e-01	-1.807445e-04
1.646295e+01	0.000000e+00	6.427540e-01	1.064167e-03	6.836504e-01	-1.797229e-04
1.667716e+01	0.000000e+00	6.428305e-01	1.063612e-03	6.836811e-01	-1.786750e-04
1.689286e+01	0.000000e+00	6.429092e-01	1.062895e-03	6.837101e-01	-1.776037e-04
1.711005e+01	0.000000e+00	6.429902e-01	1.062016e-03	6.837375e-01	-1.765070e-04
1.732874e+01	0.000000e+00	6.430733e-01	1.060977e-03	6.837633e-01	-1.753844e-04
1.754895e+01	0.000000e+00	6.431585e-01	1.059786e-03	6.837875e-01	-1.742392e-04
1.777069e+01	0.000000e+00	6.432458e-01	1.058449e-03	6.838104e-01	-1.730763e-04
1.799396e+01	0.000000e+00	6.433351e-01	1.056963e-03	6.838317e-01	-1.718929e-04
1.821878e+01	0.000000e+00	6.434264e-01	1.055329e-03	6.838515e-01	-1.706881e-04
1.844516e+01	0.000000e+00	6.435196e-01	1.053557e-03	6.838700e-01	-1.694643e-04
1.867311e+01	0.000000e+00	6.436146e-01	1.051657e-03	6.838871e-01	-1.682250e-04
1.890264e+01	0.000000e+00	6.437116e-01	1.049616e-03	6.839029e-01	-1.669685e-04
1.913376e+01	0.000000e+00	6.438103e-01	1.047443e-03	6.839174e-01	-1.656963e-04
1.936648e+01	0.000000e+00	6.439107e-01	1.045141e-03	6.839306e-01	-1.644095e-04
1.960082e+01	0.000000e+00	6.440128e-01	1.042715e-03	6.839427e-01	-1.631091e-04
1.983678e+01	0.000000e+00	6.441166e-01	1.040171e-03	6.839536e-01	-1.617945e-04
2.007437e+01	0.000000e+00	6.442220e-01	1.037509e-03	6.839632e-01	-1.604672e-04
2.031362e+01	0.000000e+00	6.443290e-01	1.034733e-03	6.839716e-01	-1.591273e-04
2.055452e+01	0.000000e+00	6.444375e-01	1.031850e-03	6.839790e-01	-1.577780e-04
2.079709e+01	0.000000e+00	6.445475e-01	1.028851e-03	6.839852e-01	-1.564170e-04
2.104134e+01	0.000000e+00	6.446590e-01	1.025742e-03	6.839904e-01	-1.550461e-04
2.128728e+01	0.000000e+00	6.447719e-01	1.022523e-03	6.839945e-01	-1.536647e-04
2.153493e+01	0.000000e+00	6.448863e-01	1.019199e-03	6.839974e-01	-1.522745e-04
2.178430e+01	0.000000e+00	6.450019e-01	1.015776e-03	6.839994e-01	-1.508778e-04
2.203539e+01	0.000000e+00	6.451189e-01	1.012255e-03	6.840004e-01	-1.494738e-04
2.228823e+01	0.000000e+00	6.452372e-01	1.008639e-03	6.840004e-01	-1.480623e-04
2.254282e+01	0.000000e+00	6.453566e-01	1.004931e-03	6.839994e-01	-1.466456e-04
2.279917e+01	0.000000e+00	6.454773e-01	1.001138e-03	6.839975e-01	-1.452254e-04
2.305730e+01	0.000000e+00	6.455991e-01	9.972559e-04	6.839947e-01	-1.438004e-04
2.331722e+01	0.000000e+00	6.457220e-01	9.932865e-04	6.839911e-01	-1.423715e-04
2.357894e+01	0.000000e+00	6.458460e-01	9.892336e-04	6.839866e-01	-1.409402e-04
2.384247e+01	0.000000e+00	6.459710e-01	9.850993e-04	6.839813e-01	-1.395063e-04
2.410784e+01	0.000000e+00	6.460969e-01	9.808889e-04	6.839753e-01	-1.380706e-04
2.437504e+01	0.000000e+00	6.462239e-01	9.766071e-04	6.839684e-01	-1.366336e-04
2.464409e+01	0.000000e+00	6.463518e-01	9.722525e-04	6.839608e-01	-1.351955e-04
2.491501e+01	0.000000e+00	6.464807e-01	9.678228e-04	6.839524e-01	-1.337542e-04
2.518780e+01	0.000000e+00	6.466104e-01	9.633262e-04	6.839432e-01	-1.323118e-04
2.546249e+01	0.000000e+00	6.467410e-01	9.587664e-04	6.839333e-01	-1.308701e-04
2.573908e+01	0.000000e+00	6.468724e-01	9.541434e-04	6.839227e-01	-1.294299e-04
2.601759e+01	0.000000e+00	6.470046e-01	9.494635e-04	6.839115e-01	-1.279926e-04
2.629803e+01	0.000000e+00	6.471374e-01	9.447246e-04	6.838997e-01	-1.265581e-04
2.658041e+01	0.000000e+00	6.472708e-01	9.399261e-04	6.838874e-01	-1.251260e-04
2.686475e+01	0.000000e+00	6.474050e-01	9.350738e-04	6.838744e-01	-1.236971e-04
2.715106e+01	0.000000e+00	6.475397e-01	9.301721e-04	6.838608e-01	-1.222721e-04
2.743936e+01	0.000000e+00	6.476751e-01	9.252212e-04	6.838467e-01	-1.208507e-04
2.772965e+01	0.000000e+00	6.478111e-01	9.202191e-04	6.838319e-01	-1.194342e-04
2.802196e+01	0.000000e+00	6.479477e-01	9.151665e-04	6.838165e-01	-1.180226e-04
2.831629e+01	0.000000e+00	6.480848e-01	9.100673e-04	6.838007e-01	-1.166168e-04
2.861266e+01	0.000000e+00	6.482223e-01	9.049266e-04	6.837844e-01	-1.152162e-04
2.891109e+01	0.000000e+00	6.483604e-01	8.997469e-04	6.837675e-01	-1.138208e-04
2.921158e+01	0.000000e+00	6.484989e-01	8.945289e-04	6.837502e-01	-1.124310e-04
2.951416e+01	0.000000e+00	6.486377e-01	8.892762e-04	6.837324e-01	-1.110474e-04
2.981884e+01	0.000000e+00	6.487769e-01	8.839876e-04	6.837142e-01	-1.096702e-04
3.012562e+01	0.000000e+00	6.489165e-01	8.786643e-04	6.836956e-01	-1.082994e-04
3.043454e+01	0.000000e+00	6.490565e-01	8.733073e-04	6.836764e-01	-1.069366e-04
3.074559e+01	0.000000e+00	6.491968e-01	8.679179e-04	6.836569e-01	-1.055810e-04
3.105881e+01	0.000000e+00	6.493374e-01	8.624968e-04	6.836369e-01	-1.042337e-04
3.137419e+01	0.000000e+00	6.494782e-01	8.570456e-04	6.836166e-01	-1.028943e-04
3.169176e+01	0.000000e+00	6.496192e-01	8.515683e-04	6.835960e-01	-1.015640e-04
3.201153e+01	0.000000e+00	6.497604e-01	8.460680e-04	6.835750e-01	-1.002425e-04
3.233351e+01	0.000000e+00	6.499019e-01	8.405464e-04	6.835536e-01	-9.893060e-05
3.265773e+01	0.000000e+00	6.500434e-01	8.350067e-04	6.835318e-01	-9.762749e-05
3.298420e+01	0.000000e+00	6.501851e-01	8.294466e-04	6.835098e-01	-9.633386e-05
3.331293e+01	0.000000e+00	6.503270e-01	8.238662e-04	6.834875e-01	-9.505091e-05
3.364393e+01	0.000000e+00	6.504688e-01	8.182723e-04	6.834649e-01	-9.377764e-05
3.397724e+01	0.000000e+00	6.506108e-01	8.126634e-04	6.834420e-01	-9.251419e-05
3.431285e+01	0.000000e+00	6.507528e-01	8.070418e-04	6.834188e-01	-9.126015e-05
3.465079e+01	0.000000e+00	6.508948e-01	8.014058e-04	6.833953e-01	-9.001641e-05
3.499107e+01	0.000000e+00	6.510369e-01	7.957532e-04	6.833715e-01	-8.878291e-05
3.533371e+01	0.000000e+00	6.511790e-01	7.900902e-04	6.833474e-01	-8.755856e-05
3.567872e+01	0.000000e+00	6.513211e-01	7.844222e-04	6.833232e-01	-8.634542e-05
3.602613e+01	0.000000e+00	6.514631e-01	7.787487e-04	6.832987e-01	-8.514388e-05
3.637594e+01	0.000000e+00	6.516050e-01	7.730733e-04	6.832740e-01	-8.395340e-05
3.672818e+01	0.000000e+00	6.517467e-01	7.673918e-04	6.832491e-01	-8.277389e-05
3.708286e+01	0.000000e+00	6.518884e-01	7.617074e-04	6.832241e-01	-8.160635e-05
3.744000e+01	0.000000e+00	6.520299e-01	7.560225e-04	6.831988e-01	-8.045054e-05
3.779962e+01	0.000000e+00	6.521713e-01	7.503402e-04	6.831734e-01	-7.930608e-05
3.816173e+01	0.000000e+00	6.523125e-01	7.446607e-04	6.831478e-01	-7.817286e-05
3.852634e+01	0.000000e+00	6.524535e-01	7.389799e-04	6.831220e-01	-7.705106e-05
3.889349e+01	0.000000e+00	6.525943e-01	7.333033e-04	6.830961e-01	-7.594054e-05
3.926318e+01	0.000000e+00	6.527349e-01	7.276313e-04	6.830700e-01	-7.484138e-05
3.963543e+01	0.000000e+00	6.528752e-01	7.219615e-04	6.830438e-01	-7.375365e-05
4.001027e+01	0.000000e+00	6.530154e-01	7.162946e-04	6.830173e-01	-7.267604e-05
4.038770e+01	0.000000e+00	6.531554e-01	7.106302e-04	6.829908e-01	-7.160799e-05
4.076774e+01	0.000000e+00	6.532951e-01	7.049720e-04	6.829640e-01	-7.055127e-05
4.115043e+01	0.000000e+00	6.534344e-01	6.993247e-04	6.829372e-01	-6.950636e-05
4.153576e+01	0.000000e+00	6.535735e-01	6.936876e-04	6.829103e-01	-6.847384e-05
4.192377e+01	0.000000e+00	6.537122e-01	6.880636e-04	6.828833e-01	-6.745288e-05
4.231446e+01	0.000000e+00	6.538506e-01	6.824520e-04	6.828562e-01	-6.644289e-05
4.270786e+01	0.000000e+00	6.539886e-01	6.768535e-04	6.828290e-01	-6.544516e-05
4.310399e+01	0.000000e+00	6.541262e-01	6.712678e-04	6.828017e-01	-6.445879e-05
4.350287e+01	0.000000e+00	6.542635e-01	6.656980e-04	6.827744e-01	-6.348405e-05
4.390451e+01	0.000000e+00	6.544004e-01	6.601435e-04	6.827470e-01	-6.252029e-05
4.430894e+01	0.000000e+00	6.545368e-01	6.546051e-04	6.827195e-01	-6.156772e-05
4.471616e+01	0.000000e+00	6.546729e-01	6.490843e-04	6.826920e-01	-6.062647e-05
4.512621e+01	0.000000e+00	6.548085e-01	6.435800e-04	6.826644e-01	-5.969627e-05
4.553911e+01	0.000000e+00	6.549438e-01	6.380920e-04	6.826367e-01	-5.877670e-05
4.595486e+01	0.000000e+00	6.550785e-01	6.326245e-04	6.826091e-01	-5.786850e-05
4.637350e+01	0.000000e+00	6.552129e-01	6.271749e-04	6.825813e-01	-5.697073e-05
4.679504e+01	0.000000e+00	6.553468e-01	6.217443e-04	6.825535e-01	-5.608367e-05
4.721950e+01	0.000000e+00	6.554802e-01	6.163345e-04	6.825257e-01	-5.520770e-05
4.764690e+01	0.000000e+00	6.556131e-01	6.109448e-04	6.824978e-01	-5.434234e-05
4.807727e+01	0.000000e+00	6.557455e-01	6.055765e-04	6.824700e-01	-5.348772e-05
4.851062e+01	0.000000e+00	6.558775e-01	6.002292e-04	6.824420e-01	-5.264382e-05
4.894697e+01	0.000000e+00	6.560089e-01	5.949039e-04	6.824141e-01	-5.181057e-05
4.938635e+01	0.000000e+00	6.561398e-01	5.896028e-04	6.823862e-01	-5.098822e-05
4.982877e+01	0.000000e+00	6.562702e-01	5.843247e-04	6.823582e-01	-5.017636e-05
5.027426e+01	0.000000e+00	6.564001e-01	5.790707e-04	6.823303e-01	-4.937505e-05
5.072284e+01	0.000000e+00	6.565294e-01	5.738403e-04	6.823023e-01	-4.858414e-05
5.117453e+01	0.000000e+00	6.566582e-01	5.686350e-04	6.822743e-01	-4.780371e-05
5.162934e+01	0.000000e+00	6.567864e-01	5.634566e-04	6.822464e-01	-4.703379e-05
5.208732e+01	0.000000e+00	6.569141e-01	5.583030e-04	6.822185e-01	-4.627401e-05
5.254846e+01	0.000000e+00	6.570412e-01	5.531759e-04	6.821905e-01	-4.552409e-05
5.301280e+01	0.000000e+00	6.571678e-01	5.480759e-04	6.821626e-01	-4.478456e-05
5.348036e+01	0.000000e+00	6.572937e-01	5.430037e-04	6.821347e-01	-4.405530e-05
5.395116e+01	0.000000e+00	6.574191e-01	5.379586e-04	6.821068e-01	-4.333598e-05
5.442523e+01	0.000000e+00	6.575439e-01	5.329394e-04	6.820789e-01	-4.262606e-05
5.490258e+01	0.000000e+00	6.576681e-01	5.279490e-04	6.820510e-01	-4.192630e-05
5.538324e+01	0.000000e+00	6.577917e-01	5.229875e-04	6.820232e-01	-4.123635e-05
5.586723e+01	0.000000e+00	6.579148e-01	5.180546e-04	6.819953e-01	-4.055614e-05
5.635458e+01	0.000000e+00	6.580372e-01	5.131510e-04	6.819675e-01	-3.988585e-05
5.684530e+01	0.000000e+00	6.581590e-01	5.082747e-04	6.819398e-01	-3.922513e-05
5.733943e+01	0.000000e+00	6.582802e-01	5.034281e-04	6.819121e-01	-3.857389e-05
5.783698e+01	0.000000e+00	6.584008e-01	4.986106e-04	6.818843e-01	-3.793197e-05
5.833798e+01	0.000000e+00	6.585207e-01	4.938236e-04	6.818567e-01	-3.729958e-05
5.884245e+01	0.000000e+00	6.586400e-01	4.890671e-04	6.818291e-01	-3.667651e-05
5.935042e+01	0.000000e+00	6.587587e-01	4.843394e-04	6.818015e-01	-3.606230e-05
5.986191e+01	0.000000e+00	6.588769e-01	4.796372e-04	6.817739e-01	-3.545624e-05
6.037695e+01	0.000000e+00	6.589945e-01	4.749640e-04	6.817463e-01	-3.485889e-05
6.089556e+01	0.000000e+00	6.591113e-01	4.703228e-04	6.817187e-01	-3.427063e-05
6.141776e+01	0.000000e+00	6.592276e-01	4.657122e-04	6.816913e-01	-3.369140e-05
6.194358e+01	0.000000e+00	6.593433e-01	4.611314e-04	6.816638e-01	-3.312114e-05
6.247304e+01	0.000000e+00	6.594583e-01	4.565827e-04	6.816364e-01	-3.255958e-05
6.300618e+01	0.000000e+00	6.595726e-01	4.520653e-04	6.816090e-01	-3.200663e-05
6.354301e+01	0.000000e+00	6.596863e-01	4.475800e-04	6.815818e-01	-3.146218e-05
6.408356e+01	0.000000e+00	6.597993e-01	4.431248e-04	6.815545e-01	-3.092595e-05
6.462786e+01	0.000000e+00	6.599118e-01	4.387008e-04	6.815273e-01	-3.039793e-05
6.517594e+01	0.000000e+00	6.600236e-01	4.343070e-04	6.815002e-01	-2.987796e-05
6.572781e+01	0.000000e+00	6.601348e-01	4.299445e-04	6.814731e-01	-2.936579e-05
6.628350e+01	0.000000e+00	6.602454e-01	4.256118e-04	6.814460e-01	-2.886149e-05
6.684305e+01	0.000000e+00	6.603553e-01	4.213102e-04	6.814190e-01	-2.836470e-05
6.740648e+01	0.000000e+00	6.604646e-01	4.170389e-04	6.813920e-01	-2.787553e-05
6.797381e+01	0.000000e+00	6.605733e-01	4.127976e-04	6.813650e-01	-2.739380e-05
6.854508e+01	0.000000e+00	6.606814e-01	4.085856e-04	6.813381e-01	-2.691931e-05
6.912030e+01	0.000000e+00	6.607888e-01	4.044033e-04	6.813113e-01	-2.645241e-05
6.969951e+01	0.000000e+00	6.608957e-01	4.002517e-04	6.812845e-01	-2.599293e-05
7.028274e+01	0.000000e+00	6.610019e-01	3.961321e-04	6.812577e-01	-2.554069e-05
7.087001e+01	0.000000e+00	6.611074e-01	3.920446e-04	6.812310e-01	-2.509549e-05
7.146135e+01	0.000000e+00	6.612123e-01	3.879880e-04	6.812044e-01	-2.465744e-05
7.205679e+01	0.000000e+00	6.613166e-01	3.839619e-04	6.811778e-01	-2.422641e-05
7.265636e+01	0.000000e+00	6.614203e-01	3.799671e-04	6.811513e-01	-2.380219e-05
7.326008e+01	0.000000e+00	6.615234e-01	3.760038e-04	6.811248e-01	-2.338459e-05
7.386799e+01	0.000000e+00	6.616258e-01	3.720726e-04	6.810984e-01	-2.297366e-05
7.448011e+01	0.000000e+00	6.617276e-01	3.681715e-04	6.810721e-01	-2.256910e-05
7.509648e+01	0.000000e+00	6.618288e-01	3.643015e-04	6.810458e-01	-2.217130e-05
7.571711e+01	0.000000e+00	6.619294e-01	3.604627e-04	6.810196e-01	-2.177967e-05
7.634205e+01	0.000000e+00	6.620293e-01	3.566532e-04	6.809934e-01	-2.139423e-05
7.697132e+01	0.000000e+00	6.621287e-01	3.528749e-04	6.809673e-01	-2.101522e-05
7.760496e+01	0.000000e+00	6.622274e-01	3.491287e-04	6.809413e-01	-2.064236e-05
7.824298e+01	0.000000e+00	6.623255e-01	3.454120e-04	6.809153e-01	-2.027537e-05
7.888543e+01	0.000000e+00	6.624230e-01	3.417267e-04	6.808894e-01	-1.991450e-05
7.953233e+01	0.000000e+00	6.625198e-01	3.380719e-04	6.808635e-01	-1.955951e-05
8.018372e+01	0.000000e+00	6.626161e-01	3.344486e-04	6.808378e-01	-1.921043e-05
8.083962e+01	0.000000e+00	6.627117e-01	3.308560e-04	6.808121e-01	-1.886720e-05
8.150006e+01	0.000000e+00	6.628067e-01	3.272927e-04	6.807864e-01	-1.852941e-05
8.216509e+01	0.000000e+00	6.629012e-01	3.237606e-04	6.807608e-01	-1.819734e-05
8.283472e+01	0.000000e+00	6.629949e-01	3.202598e-04	6.807353e-01	-1.787093e-05
8.350900e+01	0.000000e+00	6.630881e-01	3.167899e-04	6.807099e-01	-1.754995e-05
8.418795e+01	0.000000e+00	6.631807e-01	3.133492e-04	6.806846e-01	-1.723425e-05
8.487160e+01	0.000000e+00	6.632726e-01	3.099387e-04	6.806593e-01	-1.692384e-05
