1.000000e-03	3.134906e+00	2.200725e-01	1.481411e+00	-1.942975e-01	-2.599219e+00	6.643552e-01	-1.703742e-01	-6.874736e-02
1.258925e-03	3.134121e+00	2.199493e-01	1.480615e+00	-1.942503e-01	-2.598520e+00	6.640174e-01	-1.703443e-01	-6.873066e-02
1.584893e-03	3.133133e+00	2.197943e-01	1.479614e+00	-1.941910e-01	-2.597640e+00	6.635926e-01	-1.703084e-01	-6.870990e-02
1.995262e-03	3.131890e+00	2.195993e-01	1.478354e+00	-1.941162e-01	-2.596532e+00	6.630580e-01	-1.702623e-01	-6.868364e-02
2.511886e-03	3.130325e+00	2.193541e-01	1.476770e+00	-1.940222e-01	-2.595139e+00	6.623857e-01	-1.702028e-01	-6.865036e-02
3.162278e-03	3.128356e+00	2.190457e-01	1.474778e+00	-1.939039e-01	-2.593386e+00	6.615407e-01	-1.701311e-01	-6.860900e-02
3.981072e-03	3.125880e+00	2.186579e-01	1.472273e+00	-1.937551e-01	-2.591181e+00	6.604781e-01	-1.700399e-01	-6.855681e-02
5.011872e-03	3.122766e+00	2.181707e-01	1.469128e+00	-1.935678e-01	-2.588408e+00	6.591431e-01	-1.699219e-01	-6.849067e-02
6.309573e-03	3.118850e+00	2.175586e-01	1.465178e+00	-1.933324e-01	-2.584922e+00	6.574672e-01	-1.697797e-01	-6.840849e-02
7.943282e-03	3.113927e+00	2.167901e-01	1.460221e+00	-1.930364e-01	-2.580540e+00	6.553634e-01	-1.695996e-01	-6.830501e-02
1.000000e-02	3.107743e+00	2.158261e-01	1.454007e+00	-1.926645e-01	-2.575036e+00	6.527252e-01	-1.693675e-01	-6.817413e-02
1.258925e-02	3.099976e+00	2.146177e-01	1.446223e+00	-1.921972e-01	-2.568124e+00	6.494214e-01	-1.690881e-01	-6.801173e-02
1.584893e-02	3.090228e+00	2.131049e-01	1.436485e+00	-1.916106e-01	-2.559451e+00	6.452870e-01	-1.687343e-01	-6.780752e-02
1.995262e-02	3.078004e+00	2.112136e-01	1.424328e+00	-1.908747e-01	-2.548579e+00	6.401231e-01	-1.682840e-01	-6.755058e-02
2.511886e-02	3.062690e+00	2.088533e-01	1.409176e+00	-1.899522e-01	-2.534963e+00	6.336876e-01	-1.677440e-01	-6.723275e-02
3.162278e-02	3.043529e+00	2.059143e-01	1.390341e+00	-1.887973e-01	-2.517934e+00	6.256836e-01	-1.670581e-01	-6.683392e-02
3.981072e-02	3.019593e+00	2.022650e-01	1.367013e+00	-1.873534e-01	-2.496674e+00	6.157652e-01	-1.662073e-01	-6.633732e-02
5.011872e-02	2.989752e+00	1.977498e-01	1.338223e+00	-1.855513e-01	-2.470187e+00	6.035208e-01	-1.651850e-01	-6.572531e-02
6.309573e-02	2.952640e+00	1.921882e-01	1.302887e+00	-1.833074e-01	-2.437277e+00	5.884779e-01	-1.638946e-01	-6.496281e-02
7.943282e-02	2.906632e+00	1.853752e-01	1.259792e+00	-1.805212e-01	-2.396523e+00	5.701193e-01	-1.623516e-01	-6.402899e-02
1.000000e-01	2.849816e+00	1.770875e-01	1.207632e+00	-1.770739e-01	-2.346270e+00	5.478745e-01	-1.604638e-01	-6.288246e-02
1.258925e-01	2.779998e+00	1.670936e-01	1.145161e+00	-1.728276e-01	-2.284627e+00	5.211929e-01	-1.581700e-01	-6.148346e-02
1.584893e-01	2.694724e+00	1.551723e-01	1.071208e+00	-1.676263e-01	-2.209511e+00	4.895583e-01	-1.554327e-01	-5.979372e-02
1.995262e-01	2.591365e+00	1.411471e-01	9.850435e-01	-1.613003e-01	-2.118727e+00	4.526127e-01	-1.520916e-01	-5.775492e-02
2.511886e-01	2.467266e+00	1.249261e-01	8.864845e-01	-1.536737e-01	-2.010126e+00	4.102412e-01	-1.480919e-01	-5.532801e-02
3.162278e-01	2.320017e+00	1.065718e-01	7.764180e-01	-1.445813e-01	-1.881857e+00	3.627444e-01	-1.431830e-01	-5.244973e-02
3.981072e-01	2.147840e+00	8.636749e-02	6.569828e-01	-1.338918e-01	-1.732733e+00	3.109622e-01	-1.371631e-01	-4.907787e-02
5.011872e-01	1.950145e+00	6.490423e-02	5.320519e-01	-1.215443e-01	-1.562720e+00	2.564411e-01	-1.296704e-01	-4.516523e-02
6.309573e-01	1.728228e+00	4.313792e-02	4.071614e-01	-1.075954e-01	-1.373516e+00	2.014380e-01	-1.203059e-01	-4.068679e-02
7.943282e-01	1.486032e+00	2.239474e-02	2.892966e-01	-9.227365e-02	-1.169114e+00	1.488328e-01	-1.086931e-01	-3.565484e-02
1.000000e+00	1.230822e+00	4.268679e-03	1.859608e-01	-7.603233e-02	-9.562102e-01	1.017645e-01	-9.463232e-02	-3.014485e-02
1.258925e+00	9.734596e-01	-9.648988e-03	1.036472e-01	-5.957826e-02	-7.442196e-01	6.303462e-02	-7.837812e-02	-2.433536e-02
1.584893e+00	7.278869e-01	-1.821887e-02	4.597346e-02	-4.384658e-02	-5.446648e-01	3.437855e-02	-6.090499e-02	-1.853697e-02
1.995262e+00	5.093143e-01	-2.125832e-02	1.223162e-02	-2.987391e-02	-3.695049e-01	1.587711e-02	-4.392393e-02	-1.316494e-02
2.511886e+00	3.307877e-01	-1.979068e-02	-2.607314e-03	-1.855160e-02	-2.283657e-01	5.871298e-03	-2.931879e-02	-8.626507e-03
3.162278e+00	1.994877e-01	-1.586582e-02	-6.059063e-03	-1.037481e-02	-1.264834e-01	1.582936e-03	-1.840929e-02	-5.227871e-03
3.981072e+00	1.142561e-01	-1.173047e-02	-4.944047e-03	-5.245781e-03	-6.268089e-02	2.554154e-04	-1.154280e-02	-3.031002e-03
5.011872e+00	6.513794e-02	-8.458021e-03	-3.133459e-03	-2.457012e-03	-2.800872e-02	9.232650e-06	-7.499393e-03	-1.728285e-03
6.309573e+00	3.958440e-02	-6.362120e-03	-1.915848e-03	-1.157672e-03	-1.242452e-02	-1.772417e-06	-4.934205e-03	-1.029002e-03
7.943282e+00	2.624379e-02	-4.924066e-03	-1.181773e-03	-5.858082e-04	-5.775615e-03	-1.658962e-06	-3.356082e-03	-6.283851e-04
1.000000e+01	1.823884e-02	-3.865948e-03	-7.405976e-04	-3.069922e-04	-2.951839e-03	4.531200e-06	-2.202092e-03	-3.905077e-04
1.258925e+01	1.330504e-02	-3.040714e-03	-4.662827e-04	-1.779638e-04	-1.631338e-03	9.883858e-06	-1.415316e-03	-2.434734e-04
1.584893e+01	9.819877e-03	-2.369052e-03	-2.950576e-04	-1.031434e-04	-9.366478e-04	-3.504070e-06	-9.078479e-04	-1.503331e-04
1.995262e+01	7.044414e-03	-1.841577e-03	-1.799156e-04	-5.213739e-05	-4.856860e-04	4.745399e-06	-5.922446e-04	-9.274648e-05
2.511886e+01	5.437868e-03	-1.431776e-03	-1.137146e-04	-3.474712e-05	-3.105389e-04	2.385393e-06	-3.615276e-04	-5.722189e-05
3.162278e+01	4.018214e-03	-1.104695e-03	-6.949929e-05	-1.879245e-05	-1.728059e-04	-6.257259e-09	-2.298753e-04	-3.503129e-05
3.981072e+01	3.059579e-03	-8.539686e-04	-4.247627e-05	-1.150742e-05	-1.048964e-04	3.562363e-07	-1.418629e-04	-2.149797e-05
5.011872e+01	2.339163e-03	-6.592243e-04	-2.624269e-05	-7.110293e-06	-6.419214e-05	2.775520e-08	-8.730405e-05	-1.317595e-05
6.309573e+01	1.787969e-03	-5.083565e-04	-1.604439e-05	-4.350315e-06	-3.910121e-05	1.896551e-08	-5.371805e-05	-8.067702e-06
7.943282e+01	1.371988e-03	-3.923032e-04	-9.838822e-06	-2.693433e-06	-2.398305e-05	1.698815e-08	-3.302371e-05	-4.944137e-06
1.000000e+02	1.054154e-03	-3.025316e-04	-6.039100e-06	-1.665305e-06	-1.471514e-05	-3.494201e-11	-2.029464e-05	-3.027890e-06
1.258925e+02	8.101261e-04	-2.332897e-04	-3.698261e-06	-1.024799e-06	-9.012043e-06	2.119283e-09	-1.247380e-05	-1.854313e-06
1.584893e+02	6.243516e-04	-1.801028e-04	-2.267744e-06	-6.362413e-07	-5.545233e-06	2.995448e-09	-7.668431e-06	-1.137001e-06
1.995262e+02	4.814558e-04	-1.389780e-04	-1.392387e-06	-3.938291e-07	-3.409981e-06	-5.604768e-10	-4.714730e-06	-6.968428e-07
2.511886e+02	3.712982e-04	-1.072805e-04	-8.532643e-07	-2.428962e-07	-2.093960e-06	2.357302e-10	-2.900138e-06	-4.272332e-07
3.162278e+02	2.870216e-04	-8.291698e-05	-5.237087e-07	-1.509889e-07	-1.291111e-06	5.416768e-10	-1.784523e-06	-2.622830e-07
3.981072e+02	2.219692e-04	-6.407164e-05	-3.219100e-07	-9.363105e-08	-7.957181e-07	-1.608668e-10	-1.098352e-06	-1.609776e-07
5.011872e+02	1.716415e-04	-4.952827e-05	-1.975403e-07	-5.785481e-08	-4.897355e-07	2.103267e-11	-6.763937e-07	-9.883859e-08
6.309573e+02	1.329832e-04	-3.833449e-05	-1.214003e-07	-3.598549e-08	-3.024194e-07	1.029324e-10	-4.167210e-07	-6.076566e-08
7.943282e+02	1.030842e-04	-2.966973e-05	-7.472959e-08	-2.235709e-08	-1.867521e-07	-3.670454e-11	-2.568249e-07	-3.735677e-08
