-1.434000e+01	0.000000e+00	-3.150678e-01	-2.846239e-04
-1.433931e+01	0.000000e+00	-3.152422e-01	-2.849858e-04
-1.433861e+01	0.000000e+00	-3.154177e-01	-2.853460e-04
-1.433791e+01	0.000000e+00	-3.155943e-01	-2.857046e-04
-1.433720e+01	0.000000e+00	-3.157721e-01	-2.860615e-04
-1.433649e+01	0.000000e+00	-3.159510e-01	-2.864166e-04
-1.433577e+01	0.000000e+00	-3.161311e-01	-2.867697e-04
-1.433505e+01	0.000000e+00	-3.163124e-01	-2.871210e-04
-1.433432e+01	0.000000e+00	-3.164948e-01	-2.874702e-04
-1.433359e+01	0.000000e+00	-3.166784e-01	-2.878173e-04
-1.433285e+01	0.000000e+00	-3.168632e-01	-2.881622e-04
-1.433211e+01	0.000000e+00	-3.170492e-01	-2.885048e-04
-1.433136e+01	0.000000e+00	-3.172363e-01	-2.888451e-04
-1.433060e+01	0.000000e+00	-3.174247e-01	-2.891831e-04
-1.432985e+01	0.000000e+00	-3.176142e-01	-2.895185e-04
-1.432908e+01	0.000000e+00	-3.178049e-01	-2.898513e-04
-1.432831e+01	0.000000e+00	-3.179969e-01	-2.901815e-04
-1.432754e+01	0.000000e+00	-3.181900e-01	-2.905089e-04
-1.432676e+01	0.000000e+00	-3.183844e-01	-2.908335e-04
-1.432598e+01	0.000000e+00	-3.185799e-01	-2.911551e-04
-1.432518e+01	0.000000e+00	-3.187767e-01	-2.914737e-04
-1.432439e+01	0.000000e+00	-3.189747e-01	-2.917892e-04
-1.432359e+01	0.000000e+00	-3.191739e-01	-2.921015e-04
-1.432278e+01	0.000000e+00	-3.193744e-01	-2.924104e-04
-1.432197e+01	0.000000e+00	-3.195761e-01	-2.927160e-04
-1.432115e+01	0.000000e+00	-3.197790e-01	-2.930181e-04
-1.432033e+01	0.000000e+00	-3.199831e-01	-2.933165e-04
-1.431950e+01	0.000000e+00	-3.201885e-01	-2.936112e-04
-1.431866e+01	0.000000e+00	-3.203951e-01	-2.939022e-04
-1.431782e+01	0.000000e+00	-3.206030e-01	-2.941892e-04
-1.431697e+01	0.000000e+00	-3.208121e-01	-2.944721e-04
-1.431612e+01	0.000000e+00	-3.210225e-01	-2.947510e-04
-1.431526e+01	0.000000e+00	-3.212341e-01	-2.950255e-04
-1.431440e+01	0.000000e+00	-3.214470e-01	-2.952958e-04
-1.431353e+01	0.000000e+00	-3.216611e-01	-2.955615e-04
-1.431265e+01	0.000000e+00	-3.218765e-01	-2.958227e-04
-1.431177e+01	0.000000e+00	-3.220932e-01	-2.960791e-04
-1.431088e+01	0.000000e+00	-3.223111e-01	-2.963307e-04
-1.430998e+01	0.000000e+00	-3.225302e-01	-2.965773e-04
-1.430908e+01	0.000000e+00	-3.227507e-01	-2.968188e-04
-1.430817e+01	0.000000e+00	-3.229723e-01	-2.970550e-04
-1.430726e+01	0.000000e+00	-3.231953e-01	-2.972859e-04
-1.430634e+01	0.000000e+00	-3.234195e-01	-2.975114e-04
-1.430541e+01	0.000000e+00	-3.236450e-01	-2.977312e-04
-1.430448e+01	0.000000e+00	-3.238717e-01	-2.979454e-04
-1.430354e+01	0.000000e+00	-3.240997e-01	-2.981536e-04
-1.430260e+01	0.000000e+00	-3.243290e-01	-2.983558e-04
-1.430164e+01	0.000000e+00	-3.245595e-01	-2.985519e-04
-1.430068e+01	0.000000e+00	-3.247913e-01	-2.987416e-04
-1.429972e+01	0.000000e+00	-3.250243e-01	-2.989250e-04
-1.429875e+01	0.000000e+00	-3.252586e-01	-2.991017e-04
-1.429777e+01	0.000000e+00	-3.254941e-01	-2.992716e-04
-1.429678e+01	0.000000e+00	-3.257309e-01	-2.994347e-04
-1.429579e+01	0.000000e+00	-3.259690e-01	-2.995907e-04
-1.429479e+01	0.000000e+00	-3.262083e-01	-2.997395e-04
-1.429378e+01	0.000000e+00	-3.264488e-01	-2.998809e-04
-1.429277e+01	0.000000e+00	-3.266906e-01	-3.000147e-04
-1.429175e+01	0.000000e+00	-3.269336e-01	-3.001409e-04
-1.429072e+01	0.000000e+00	-3.271778e-01	-3.002591e-04
-1.428969e+01	0.000000e+00	-3.274233e-01	-3.003693e-04
-1.428864e+01	0.000000e+00	-3.276700e-01	-3.004712e-04
-1.428759e+01	0.000000e+00	-3.279179e-01	-3.005648e-04
-1.428654e+01	0.000000e+00	-3.281670e-01	-3.006497e-04
-1.428547e+01	0.000000e+00	-3.284174e-01	-3.007259e-04
-1.428440e+01	0.000000e+00	-3.286689e-01	-3.007931e-04
-1.428332e+01	0.000000e+00	-3.289216e-01	-3.008511e-04
-1.428224e+01	0.000000e+00	-3.291755e-01	-3.008997e-04
-1.428115e+01	0.000000e+00	-3.294306e-01	-3.009388e-04
-1.428004e+01	0.000000e+00	-3.296869e-01	-3.009682e-04
-1.427894e+01	0.000000e+00	-3.299443e-01	-3.009876e-04
-1.427782e+01	0.000000e+00	-3.302029e-01	-3.009968e-04
-1.427669e+01	0.000000e+00	-3.304626e-01	-3.009956e-04
-1.427556e+01	0.000000e+00	-3.307234e-01	-3.009838e-04
-1.427442e+01	0.000000e+00	-3.309854e-01	-3.009612e-04
-1.427328e+01	0.000000e+00	-3.312485e-01	-3.009275e-04
-1.427212e+01	0.000000e+00	-3.315127e-01	-3.008825e-04
-1.427096e+01	0.000000e+00	-3.317779e-01	-3.008261e-04
-1.426978e+01	0.000000e+00	-3.320443e-01	-3.007579e-04
-1.426860e+01	0.000000e+00	-3.323117e-01	-3.006777e-04
-1.426742e+01	0.000000e+00	-3.325801e-01	-3.005853e-04
-1.426622e+01	0.000000e+00	-3.328496e-01	-3.004803e-04
-1.426502e+01	0.000000e+00	-3.331201e-01	-3.003627e-04
-1.426380e+01	0.000000e+00	-3.333916e-01	-3.002321e-04
-1.426258e+01	0.000000e+00	-3.336641e-01	-3.000882e-04
-1.426135e+01	0.000000e+00	-3.339376e-01	-2.999307e-04
-1.426011e+01	0.000000e+00	-3.342120e-01	-2.997595e-04
-1.425887e+01	0.000000e+00	-3.344874e-01	-2.995742e-04
-1.425761e+01	0.000000e+00	-3.347636e-01	-2.993745e-04
-1.425635e+01	0.000000e+00	-3.350408e-01	-2.991602e-04
-1.425507e+01	0.000000e+00	-3.353188e-01	-2.989309e-04
-1.425379e+01	0.000000e+00	-3.355977e-01	-2.986864e-04
-1.425250e+01	0.000000e+00	-3.358774e-01	-2.984263e-04
-1.425120e+01	0.000000e+00	-3.361579e-01	-2.981504e-04
-1.424989e+01	0.000000e+00	-3.364392e-01	-2.978583e-04
-1.424857e+01	0.000000e+00	-3.367212e-01	-2.975497e-04
-1.424725e+01	0.000000e+00	-3.370039e-01	-2.972245e-04
-1.424591e+01	0.000000e+00	-3.372868e-01	-2.968831e-04
-1.424457e+01	0.000000e+00	-3.375705e-01	-2.965241e-04
-1.424321e+01	0.000000e+00	-3.378548e-01	-2.961472e-04
-1.424185e+01	0.000000e+00	-3.381397e-01	-2.957521e-04
-1.424047e+01	0.000000e+00	-3.384252e-01	-2.953385e-04
-1.423909e+01	0.000000e+00	-3.387112e-01	-2.949059e-04
-1.423770e+01	0.000000e+00	-3.389978e-01	-2.944540e-04
-1.423630e+01	0.000000e+00	-3.392848e-01	-2.939825e-04
-1.423488e+01	0.000000e+00	-3.395724e-01	-2.934910e-04
-1.423346e+01	0.000000e+00	-3.398603e-01	-2.929789e-04
-1.423203e+01	0.000000e+00	-3.401486e-01	-2.924459e-04
-1.423059e+01	0.000000e+00	-3.404373e-01	-2.918916e-04
-1.422914e+01	0.000000e+00	-3.407262e-01	-2.913155e-04
-1.422768e+01	0.000000e+00	-3.410154e-01	-2.907172e-04
-1.422620e+01	0.000000e+00	-3.413048e-01	-2.900963e-04
-1.422472e+01	0.000000e+00	-3.415944e-01	-2.894523e-04
-1.422323e+01	0.000000e+00	-3.418842e-01	-2.887848e-04
-1.422173e+01	0.000000e+00	-3.421739e-01	-2.880932e-04
-1.422021e+01	0.000000e+00	-3.424638e-01	-2.873771e-04
-1.421869e+01	0.000000e+00	-3.427536e-01	-2.866361e-04
-1.421716e+01	0.000000e+00	-3.430433e-01	-2.858695e-04
-1.421561e+01	0.000000e+00	-3.433330e-01	-2.850766e-04
-1.421406e+01	0.000000e+00	-3.436226e-01	-2.842545e-04
-1.421249e+01	0.000000e+00	-3.439120e-01	-2.834053e-04
-1.421091e+01	0.000000e+00	-3.442012e-01	-2.825285e-04
-1.420933e+01	0.000000e+00	-3.444900e-01	-2.816234e-04
-1.420773e+01	0.000000e+00	-3.447784e-01	-2.806896e-04
-1.420612e+01	0.000000e+00	-3.450663e-01	-2.797264e-04
-1.420450e+01	0.000000e+00	-3.453536e-01	-2.787331e-04
-1.420286e+01	0.000000e+00	-3.456404e-01	-2.777092e-04
-1.420122e+01	0.000000e+00	-3.459264e-01	-2.766542e-04
-1.419956e+01	0.000000e+00	-3.462118e-01	-2.755674e-04
-1.419790e+01	0.000000e+00	-3.464963e-01	-2.744482e-04
-1.419622e+01	0.000000e+00	-3.467800e-01	-2.732958e-04
-1.419453e+01	0.000000e+00	-3.470627e-01	-2.721097e-04
-1.419283e+01	0.000000e+00	-3.473444e-01	-2.708892e-04
-1.419111e+01	0.000000e+00	-3.476250e-01	-2.696335e-04
-1.418939e+01	0.000000e+00	-3.479044e-01	-2.683421e-04
-1.418765e+01	0.000000e+00	-3.481826e-01	-2.670140e-04
-1.418590e+01	0.000000e+00	-3.484594e-01	-2.656487e-04
-1.418414e+01	0.000000e+00	-3.487347e-01	-2.642453e-04
-1.418237e+01	0.000000e+00	-3.490086e-01	-2.628031e-04
-1.418058e+01	0.000000e+00	-3.492808e-01	-2.613213e-04
-1.417878e+01	0.000000e+00	-3.495513e-01	-2.597992e-04
-1.417697e+01	0.000000e+00	-3.498200e-01	-2.582359e-04
-1.417515e+01	0.000000e+00	-3.500868e-01	-2.566306e-04
-1.417331e+01	0.000000e+00	-3.503516e-01	-2.549825e-04
-1.417147e+01	0.000000e+00	-3.506143e-01	-2.532907e-04
-1.416960e+01	0.000000e+00	-3.508748e-01	-2.515543e-04
-1.416773e+01	0.000000e+00	-3.511330e-01	-2.497726e-04
-1.416584e+01	0.000000e+00	-3.513887e-01	-2.479444e-04
-1.416394e+01	0.000000e+00	-3.516419e-01	-2.460691e-04
-1.416203e+01	0.000000e+00	-3.518925e-01	-2.441456e-04
-1.416010e+01	0.000000e+00	-3.521402e-01	-2.421731e-04
-1.415816e+01	0.000000e+00	-3.523851e-01	-2.401505e-04
-1.415621e+01	0.000000e+00	-3.526270e-01	-2.380768e-04
-1.415424e+01	0.000000e+00	-3.528658e-01	-2.359513e-04
-1.415226e+01	0.000000e+00	-3.531013e-01	-2.337727e-04
-1.415027e+01	0.000000e+00	-3.533334e-01	-2.315402e-04
-1.414826e+01	0.000000e+00	-3.535620e-01	-2.292527e-04
-1.414624e+01	0.000000e+00	-3.537869e-01	-2.269092e-04
-1.414420e+01	0.000000e+00	-3.540067e-01	-2.244977e-04
-1.414215e+01	0.000000e+00	-3.542223e-01	-2.220262e-04
-1.414008e+01	0.000000e+00	-3.544339e-01	-2.194955e-04
-1.413800e+01	0.000000e+00	-3.546411e-01	-2.169045e-04
-1.413591e+01	0.000000e+00	-3.548440e-01	-2.142523e-04
-1.413380e+01	0.000000e+00	-3.550424e-01	-2.115377e-04
-1.413168e+01	0.000000e+00	-3.552361e-01	-2.087596e-04
-1.412954e+01	0.000000e+00	-3.554250e-01	-2.059169e-04
-1.412739e+01	0.000000e+00	-3.556089e-01	-2.030086e-04
-1.412523e+01	0.000000e+00	-3.557876e-01	-2.000336e-04
-1.412304e+01	0.000000e+00	-3.559610e-01	-1.969907e-04
-1.412085e+01	0.000000e+00	-3.561290e-01	-1.938789e-04
-1.411863e+01	0.000000e+00	-3.562913e-01	-1.906970e-04
-1.411641e+01	0.000000e+00	-3.564478e-01	-1.874440e-04
-1.411416e+01	0.000000e+00	-3.565984e-01	-1.841187e-04
-1.411190e+01	0.000000e+00	-3.567428e-01	-1.807202e-04
-1.410963e+01	0.000000e+00	-3.568808e-01	-1.772474e-04
-1.410734e+01	0.000000e+00	-3.570123e-01	-1.736993e-04
-1.410503e+01	0.000000e+00	-3.571372e-01	-1.700747e-04
-1.410271e+01	0.000000e+00	-3.572552e-01	-1.663726e-04
-1.410037e+01	0.000000e+00	-3.573661e-01	-1.625921e-04
-1.409802e+01	0.000000e+00	-3.574699e-01	-1.587322e-04
-1.409565e+01	0.000000e+00	-3.575663e-01	-1.547919e-04
-1.409326e+01	0.000000e+00	-3.576551e-01	-1.507703e-04
-1.409086e+01	0.000000e+00	-3.577361e-01	-1.466665e-04
-1.408844e+01	0.000000e+00	-3.578093e-01	-1.424797e-04
-1.408600e+01	0.000000e+00	-3.578743e-01	-1.382091e-04
-1.408355e+01	0.000000e+00	-3.579310e-01	-1.338540e-04
-1.408108e+01	0.000000e+00	-3.579792e-01	-1.294136e-04
-1.407859e+01	0.000000e+00	-3.580188e-01	-1.248873e-04
-1.407608e+01	0.000000e+00	-3.580495e-01	-1.202745e-04
-1.407356e+01	0.000000e+00	-3.580712e-01	-1.155747e-04
-1.407102e+01	0.000000e+00	-3.580837e-01	-1.107874e-04
-1.406846e+01	0.000000e+00	-3.580867e-01	-1.059122e-04
-1.406589e+01	0.000000e+00	-3.580802e-01	-1.009488e-04
-1.406330e+01	0.000000e+00	-3.580640e-01	-9.589695e-05
-1.406069e+01	0.000000e+00	-3.580378e-01	-9.075656e-05
-1.405806e+01	0.000000e+00	-3.580015e-01	-8.552758e-05
-1.405541e+01	0.000000e+00	-3.579549e-01	-8.021006e-05
-1.405274e+01	0.000000e+00	-3.578980e-01	-7.480418e-05
-1.405006e+01	0.000000e+00	-3.578304e-01	-6.931023e-05
-1.404736e+01	0.000000e+00	-3.577520e-01	-6.372860e-05
-1.404463e+01	0.000000e+00	-3.576627e-01	-5.805983e-05
-1.404189e+01	0.000000e+00	-3.575624e-01	-5.230458e-05
-1.403913e+01	0.000000e+00	-3.574509e-01	-4.646364e-05
-1.403635e+01	0.000000e+00	-3.573280e-01	-4.053795e-05
-1.403356e+01	0.000000e+00	-3.571937e-01	-3.452859e-05
-1.403074e+01	0.000000e+00	-3.570477e-01	-2.843681e-05
-1.402790e+01	0.000000e+00	-3.568900e-01	-2.226402e-05
-1.402505e+01	0.000000e+00	-3.567205e-01	-1.601178e-05
-1.402217e+01	0.000000e+00	-3.565390e-01	-9.681837e-06
-1.401927e+01	0.000000e+00	-3.563455e-01	-3.276099e-06
-1.401636e+01	0.000000e+00	-3.561399e-01	3.203338e-06
-1.401342e+01	0.000000e+00	-3.559220e-01	9.754198e-06
-1.401046e+01	0.000000e+00	-3.556919e-01	1.637399e-05
-1.400749e+01	0.000000e+00	-3.554494e-01	2.306007e-05
-1.400449e+01	0.000000e+00	-3.551946e-01	2.980960e-05
-1.400147e+01	0.000000e+00	-3.549273e-01	3.661952e-05
-1.399843e+01	0.000000e+00	-3.546476e-01	4.348661e-05
-1.399537e+01	0.000000e+00	-3.543553e-01	5.040742e-05
-1.399229e+01	0.000000e+00	-3.540506e-01	5.737832e-05
-1.398918e+01	0.000000e+00	-3.537334e-01	6.439549e-05
-1.398606e+01	0.000000e+00	-3.534037e-01	7.145491e-05
-1.398291e+01	0.000000e+00	-3.530616e-01	7.855239e-05
-1.397974e+01	0.000000e+00	-3.527070e-01	8.568353e-05
-1.397655e+01	0.000000e+00	-3.523402e-01	9.284379e-05
-1.397334e+01	0.000000e+00	-3.519611e-01	1.000287e-04
-1.397011e+01	0.000000e+00	-3.515700e-01	1.072340e-04
-1.396685e+01	0.000000e+00	-3.511669e-01	1.144537e-04
-1.396357e+01	0.000000e+00	-3.507517e-01	1.216829e-04
-1.396027e+01	0.000000e+00	-3.503247e-01	1.289161e-04
-1.395694e+01	0.000000e+00	-3.498859e-01	1.361480e-04
-1.395359e+01	0.000000e+00	-3.494354e-01	1.433731e-04
-1.395022e+01	0.000000e+00	-3.489735e-01	1.505859e-04
-1.394683e+01	0.000000e+00	-3.485003e-01	1.577808e-04
-1.394341e+01	0.000000e+00	-3.480159e-01	1.649521e-04
-1.393997e+01	0.000000e+00	-3.475205e-01	1.720942e-04
-1.393650e+01	0.000000e+00	-3.470143e-01	1.792015e-04
-1.393301e+01	0.000000e+00	-3.464976e-01	1.862685e-04
-1.392950e+01	0.000000e+00	-3.459706e-01	1.932900e-04
-1.392596e+01	0.000000e+00	-3.454335e-01	2.002604e-04
-1.392239e+01	0.000000e+00	-3.448864e-01	2.071744e-04
-1.391881e+01	0.000000e+00	-3.443295e-01	2.140271e-04
-1.391519e+01	0.000000e+00	-3.437630e-01	2.208136e-04
-1.391155e+01	0.000000e+00	-3.431871e-01	2.275294e-04
-1.390789e+01	0.000000e+00	-3.426020e-01	2.341698e-04
-1.390420e+01	0.000000e+00	-3.420079e-01	2.407307e-04
-1.390049e+01	0.000000e+00	-3.414049e-01	2.472095e-04
-1.389675e+01	0.000000e+00	-3.407932e-01	2.536027e-04
-1.389298e+01	0.000000e+00	-3.401729e-01	2.599076e-04
-1.388919e+01	0.000000e+00	-3.395440e-01	2.661221e-04
-1.388537e+01	0.000000e+00	-3.389067e-01	2.722444e-04
-1.388153e+01	0.000000e+00	-3.382608e-01	2.782735e-04
-1.387766e+01	0.000000e+00	-3.376065e-01	2.842091e-04
-1.387376e+01	0.000000e+00	-3.369435e-01	2.900513e-04
-1.386984e+01	0.000000e+00	-3.362718e-01	2.958011e-04
-1.386588e+01	0.000000e+00	-3.355912e-01	3.014603e-04
-1.386190e+01	0.000000e+00	-3.349014e-01	3.070314e-04
-1.385790e+01	0.000000e+00	-3.342020e-01	3.125178e-04
-1.385386e+01	0.000000e+00	-3.334927e-01	3.179238e-04
-1.384980e+01	0.000000e+00	-3.327728e-01	3.232547e-04
-1.384571e+01	0.000000e+00	-3.320418e-01	3.285168e-04
-1.384159e+01	0.000000e+00	-3.312990e-01	3.337175e-04
-1.383744e+01	0.000000e+00	-3.305434e-01	3.388649e-04
-1.383326e+01	0.000000e+00	-3.297738e-01	3.439684e-04
-1.382906e+01	0.000000e+00	-3.289892e-01	3.490387e-04
-1.382482e+01	0.000000e+00	-3.281881e-01	3.540876e-04
-1.382056e+01	0.000000e+00	-3.273690e-01	3.591282e-04
-1.381627e+01	0.000000e+00	-3.265300e-01	3.641752e-04
-1.381194e+01	0.000000e+00	-3.256691e-01	3.692443e-04
-1.380759e+01	0.000000e+00	-3.247835e-01	3.743501e-04
-1.380320e+01	0.000000e+00	-3.238706e-01	3.795109e-04
-1.379879e+01	0.000000e+00	-3.229280e-01	3.847507e-04
-1.379435e+01	0.000000e+00	-3.219527e-01	3.900918e-04
-1.378987e+01	0.000000e+00	-3.209409e-01	3.955581e-04
-1.378536e+01	0.000000e+00	-3.198889e-01	4.011764e-04
-1.378083e+01	0.000000e+00	-3.187920e-01	4.069743e-04
-1.377626e+01	0.000000e+00	-3.176453e-01	4.129823e-04
-1.377166e+01	0.000000e+00	-3.164432e-01	4.192334e-04
-1.376702e+01	0.000000e+00	-3.151796e-01	4.257653e-04
-1.376236e+01	0.000000e+00	-3.138478e-01	4.326174e-04
-1.375766e+01	0.000000e+00	-3.124400e-01	4.398285e-04
-1.375293e+01	0.000000e+00	-3.109476e-01	4.474440e-04
-1.374817e+01	0.000000e+00	-3.093613e-01	4.555132e-04
-1.374337e+01	0.000000e+00	-3.076705e-01	4.640898e-04
-1.373854e+01	0.000000e+00	-3.058633e-01	4.732326e-04
-1.373368e+01	0.000000e+00	-3.039266e-01	4.830059e-04
-1.372879e+01	0.000000e+00	-3.018455e-01	4.934804e-04
-1.372386e+01	0.000000e+00	-2.996034e-01	5.047339e-04
-1.371889e+01	0.000000e+00	-2.971814e-01	5.168525e-04
-1.371389e+01	0.000000e+00	-2.945585e-01	5.299317e-04
-1.370886e+01	0.000000e+00	-2.917104e-01	5.440778e-04
-1.370379e+01	0.000000e+00	-2.886096e-01	5.594105e-04
-1.369869e+01	0.000000e+00	-2.852240e-01	5.760632e-04
-1.369355e+01	0.000000e+00	-2.815194e-01	5.941871e-04
-1.368838e+01	0.000000e+00	-2.774549e-01	6.139547e-04
-1.368317e+01	0.000000e+00	-2.729833e-01	6.355637e-04
-1.367792e+01	0.000000e+00	-2.680502e-01	6.592429e-04
-1.367264e+01	0.000000e+00	-2.625921e-01	6.852598e-04
-1.366732e+01	0.000000e+00	-2.565355e-01	7.139332e-04
-1.366196e+01	0.000000e+00	-2.497937e-01	7.456454e-04
-1.365657e+01	0.000000e+00	-2.422655e-01	7.808700e-04
-1.365114e+01	0.000000e+00	-2.338322e-01	8.202126e-04
-1.364567e+01	0.000000e+00	-2.243549e-01	8.644817e-04
-1.364017e+01	0.000000e+00	-2.136736e-01	9.148253e-04
-1.363462e+01	0.000000e+00	-2.016090e-01	9.730109e-04
-1.362904e+01	0.000000e+00	-1.879749e-01	1.042060e-03
-1.362342e+01	0.000000e+00	-1.726216e-01	1.127875e-03
-1.361776e+01	0.000000e+00	-1.555726e-01	1.244096e-03
-1.361206e+01	0.000000e+00	-1.375042e-01	1.430270e-03
-1.360632e+01	0.000000e+00	-1.218617e-01	1.849337e-03
-1.360054e+01	0.000000e+00	-1.310095e-01	3.904243e-03
-1.359472e+01	0.000000e+00	1.175620e+00	5.060023e-01
-1.358886e+01	0.000000e+00	1.424317e-01	3.182375e-03
-1.358296e+01	0.000000e+00	1.800159e-01	1.780869e-03
-1.357702e+01	0.000000e+00	2.697222e-01	1.385414e-03
-1.357104e+01	0.000000e+00	4.097040e-01	8.907524e-04
-1.356502e+01	0.000000e+00	6.302595e-01	-2.595694e-04
-1.355895e+01	0.000000e+00	1.012444e+00	-3.564649e-03
-1.355284e+01	0.000000e+00	1.817283e+00	-1.612963e-02
-1.354669e+01	0.000000e+00	4.552741e+00	-1.159962e-01
-1.354050e+01	0.000000e+00	-2.593238e+01	-4.092719e+00
-1.353427e+01	0.000000e+00	-4.127496e+00	-1.037550e-01
-1.352799e+01	0.000000e+00	-2.451661e+00	-3.682930e-02
-1.352167e+01	0.000000e+00	-1.837846e+00	-2.062523e-02
-1.351530e+01	0.000000e+00	-1.520761e+00	-1.400064e-02
-1.350889e+01	0.000000e+00	-1.327987e+00	-1.055648e-02
-1.350244e+01	0.000000e+00	-1.199016e+00	-8.500297e-03
-1.349594e+01	0.000000e+00	-1.107138e+00	-7.158408e-03
-1.348940e+01	0.000000e+00	-1.038732e+00	-6.227340e-03
-1.348281e+01	0.000000e+00	-9.861283e-01	-5.552361e-03
-1.347617e+01	0.000000e+00	-9.446756e-01	-5.047129e-03
-1.346949e+01	0.000000e+00	-9.113940e-01	-4.660052e-03
-1.346276e+01	0.000000e+00	-8.842797e-01	-4.358542e-03
-1.345599e+01	0.000000e+00	-8.619395e-01	-4.121150e-03
-1.344917e+01	0.000000e+00	-8.433746e-01	-3.933255e-03
-1.344230e+01	0.000000e+00	-8.278512e-01	-3.784605e-03
-1.343538e+01	0.000000e+00	-8.148176e-01	-3.667845e-03
-1.342842e+01	0.000000e+00	-8.038509e-01	-3.577602e-03
-1.342141e+01	0.000000e+00	-7.946212e-01	-3.509895e-03
-1.341435e+01	0.000000e+00	-7.868698e-01	-3.461776e-03
-1.340724e+01	0.000000e+00	-7.803889e-01	-3.431038e-03
-1.340008e+01	0.000000e+00	-7.750118e-01	-3.416055e-03
-1.339287e+01	0.000000e+00	-7.706029e-01	-3.415649e-03
-1.338561e+01	0.000000e+00	-7.670476e-01	-3.428970e-03
-1.337830e+01	0.000000e+00	-7.642489e-01	-3.455452e-03
-1.337095e+01	0.000000e+00	-7.621273e-01	-3.494791e-03
-1.336353e+01	0.000000e+00	-7.606234e-01	-3.546955e-03
-1.335607e+01	0.000000e+00	-7.596823e-01	-3.612066e-03
-1.334856e+01	0.000000e+00	-7.592584e-01	-3.690436e-03
-1.334099e+01	0.000000e+00	-7.593131e-01	-3.782551e-03
-1.333338e+01	0.000000e+00	-7.597973e-01	-3.889174e-03
-1.332571e+01	0.000000e+00	-7.604838e-01	-4.012215e-03
-1.331798e+01	0.000000e+00	-7.615652e-01	-4.151206e-03
-1.331020e+01	0.000000e+00	-7.630206e-01	-4.307339e-03
-1.330237e+01	0.000000e+00	-7.648330e-01	-4.482010e-03
-1.329449e+01	0.000000e+00	-7.669858e-01	-4.676812e-03
-1.328655e+01	0.000000e+00	-7.694656e-01	-4.893578e-03
-1.327855e+01	0.000000e+00	-7.722573e-01	-5.134356e-03
-1.327050e+01	0.000000e+00	-7.753386e-01	-5.401322e-03
-1.326239e+01	0.000000e+00	-7.786931e-01	-5.697023e-03
-1.325423e+01	0.000000e+00	-7.823084e-01	-6.024387e-03
-1.324601e+01	0.000000e+00	-7.861592e-01	-6.386449e-03
-1.323774e+01	0.000000e+00	-7.902137e-01	-6.786450e-03
-1.322940e+01	0.000000e+00	-7.944282e-01	-7.227729e-03
-1.322101e+01	0.000000e+00	-7.987463e-01	-7.713639e-03
-1.321256e+01	0.000000e+00	-8.030868e-01	-8.247195e-03
-1.320405e+01	0.000000e+00	-8.073382e-01	-8.830746e-03
-1.319549e+01	0.000000e+00	-8.113526e-01	-9.465475e-03
-1.318686e+01	0.000000e+00	-8.149350e-01	-1.015065e-02
-1.317817e+01	0.000000e+00	-8.177547e-01	-1.088013e-02
-1.316943e+01	0.000000e+00	-8.194503e-01	-1.164420e-02
-1.316062e+01	0.000000e+00	-8.197419e-01	-1.243270e-02
-1.315175e+01	0.000000e+00	-8.181178e-01	-1.322330e-02
-1.314282e+01	0.000000e+00	-8.139953e-01	-1.398439e-02
-1.313383e+01	0.000000e+00	-8.067275e-01	-1.467375e-02
-1.312478e+01	0.000000e+00	-7.956522e-01	-1.523934e-02
-1.311566e+01	0.000000e+00	-7.801564e-01	-1.562238e-02
-1.310648e+01	0.000000e+00	-7.598215e-01	-1.576568e-02
-1.309724e+01	0.000000e+00	-7.345353e-01	-1.562369e-02
-1.308793e+01	0.000000e+00	-7.046137e-01	-1.517513e-02
-1.307856e+01	0.000000e+00	-6.708793e-01	-1.443319e-02
-1.306912e+01	0.000000e+00	-6.346058e-01	-1.344615e-02
-1.305962e+01	0.000000e+00	-5.973845e-01	-1.229038e-02
-1.305005e+01	0.000000e+00	-5.609009e-01	-1.105511e-02
-1.304041e+01	0.000000e+00	-5.266924e-01	-9.824899e-03
-1.303071e+01	0.000000e+00	-4.959555e-01	-8.665847e-03
-1.302094e+01	0.000000e+00	-4.694522e-01	-7.619804e-03
-1.301111e+01	0.000000e+00	-4.475133e-01	-6.705538e-03
-1.300120e+01	0.000000e+00	-4.301144e-01	-5.924253e-03
-1.299123e+01	0.000000e+00	-4.169819e-01	-5.266154e-03
-1.298119e+01	0.000000e+00	-4.076940e-01	-4.715962e-03
-1.297107e+01	0.000000e+00	-4.017655e-01	-4.257001e-03
-1.296089e+01	0.000000e+00	-3.987085e-01	-3.873418e-03
-1.295064e+01	0.000000e+00	-3.980645e-01	-3.551195e-03
-1.294032e+01	0.000000e+00	-3.994325e-01	-3.278660e-03
-1.292992e+01	0.000000e+00	-4.024675e-01	-3.046280e-03
-1.291945e+01	0.000000e+00	-4.068815e-01	-2.846431e-03
-1.290891e+01	0.000000e+00	-4.124392e-01	-2.673128e-03
-1.289830e+01	0.000000e+00	-4.189503e-01	-2.521699e-03
-1.288761e+01	0.000000e+00	-4.262621e-01	-2.388575e-03
-1.287685e+01	0.000000e+00	-4.342229e-01	-2.270875e-03
-1.286602e+01	0.000000e+00	-4.427641e-01	-2.166799e-03
-1.285511e+01	0.000000e+00	-4.518081e-01	-2.074887e-03
-1.284412e+01	0.000000e+00	-4.612812e-01	-1.994022e-03
-1.283306e+01	0.000000e+00	-4.711248e-01	-1.923511e-03
-1.282192e+01	0.000000e+00	-4.812841e-01	-1.862855e-03
-1.281070e+01	0.000000e+00	-4.917057e-01	-1.811691e-03
-1.279941e+01	0.000000e+00	-5.023364e-01	-1.769726e-03
-1.278804e+01	0.000000e+00	-5.131247e-01	-1.736698e-03
-1.277659e+01	0.000000e+00	-5.240164e-01	-1.712292e-03
-1.276506e+01	0.000000e+00	-5.349571e-01	-1.696115e-03
-1.275345e+01	0.000000e+00	-5.458915e-01	-1.687653e-03
-1.274176e+01	0.000000e+00	-5.567669e-01	-1.686272e-03
-1.272998e+01	0.000000e+00	-5.675117e-01	-1.690988e-03
-1.271813e+01	0.000000e+00	-5.780860e-01	-1.700939e-03
-1.270620e+01	0.000000e+00	-5.884577e-01	-1.715125e-03
-1.269418e+01	0.000000e+00	-5.985886e-01	-1.732288e-03
-1.268208e+01	0.000000e+00	-6.084527e-01	-1.751006e-03
-1.266989e+01	0.000000e+00	-6.180006e-01	-1.769636e-03
-1.265762e+01	0.000000e+00	-6.272286e-01	-1.786435e-03
-1.264527e+01	0.000000e+00	-6.361181e-01	-1.799405e-03
-1.263283e+01	0.000000e+00	-6.446757e-01	-1.806656e-03
-1.262030e+01	0.000000e+00	-6.529096e-01	-1.806056e-03
-1.260769e+01	0.000000e+00	-6.608359e-01	-1.795316e-03
-1.259498e+01	0.000000e+00	-6.684990e-01	-1.772286e-03
-1.258220e+01	0.000000e+00	-6.759449e-01	-1.734619e-03
-1.256932e+01	0.000000e+00	-6.832256e-01	-1.680030e-03
-1.255635e+01	0.000000e+00	-6.904205e-01	-1.605958e-03
-1.254329e+01	0.000000e+00	-6.976132e-01	-1.509727e-03
-1.253015e+01	0.000000e+00	-7.049021e-01	-1.388481e-03
-1.251691e+01	0.000000e+00	-7.123914e-01	-1.239175e-03
-1.250358e+01	0.000000e+00	-7.201815e-01	-1.058159e-03
-1.249016e+01	0.000000e+00	-7.283443e-01	-8.414571e-04
-1.247664e+01	0.000000e+00	-7.369293e-01	-5.837056e-04
-1.246303e+01	0.000000e+00	-7.459695e-01	-2.779697e-04
-1.244933e+01	0.000000e+00	-7.553714e-01	8.342335e-05
-1.243553e+01	0.000000e+00	-7.648650e-01	5.088146e-04
-1.242163e+01	0.000000e+00	-7.740605e-01	1.007087e-03
-1.240764e+01	0.000000e+00	-7.823094e-01	1.586604e-03
-1.239356e+01	0.000000e+00	-7.884657e-01	2.247679e-03
-1.237937e+01	0.000000e+00	-7.904589e-01	2.968158e-03
-1.236509e+01	0.000000e+00	-7.861692e-01	3.699745e-03
-1.235070e+01	0.000000e+00	-7.730930e-01	4.346453e-03
-1.233622e+01	0.000000e+00	-7.494551e-01	4.769762e-03
-1.232164e+01	0.000000e+00	-7.161227e-01	4.841352e-03
-1.230696e+01	0.000000e+00	-6.778747e-01	4.529646e-03
-1.229217e+01	0.000000e+00	-6.425897e-01	3.938521e-03
-1.227728e+01	0.000000e+00	-6.173397e-01	3.239149e-03
-1.226229e+01	0.000000e+00	-6.053126e-01	2.566958e-03
-1.224720e+01	0.000000e+00	-6.057889e-01	1.985134e-03
-1.223200e+01	0.000000e+00	-6.160448e-01	1.506165e-03
-1.221669e+01	0.000000e+00	-6.331290e-01	1.120999e-03
-1.220128e+01	0.000000e+00	-6.546786e-01	8.145420e-04
-1.218576e+01	0.000000e+00	-6.790673e-01	5.719013e-04
-1.217014e+01	0.000000e+00	-7.052857e-01	3.803584e-04
-1.215440e+01	0.000000e+00	-7.327513e-01	2.293990e-04
-1.213856e+01	0.000000e+00	-7.611479e-01	1.105781e-04
-1.212261e+01	0.000000e+00	-7.903350e-01	1.708491e-05
-1.210654e+01	0.000000e+00	-8.203090e-01	-5.615831e-05
-1.209037e+01	0.000000e+00	-8.511021e-01	-1.133006e-04
-1.207408e+01	0.000000e+00	-8.827859e-01	-1.576020e-04
-1.205768e+01	0.000000e+00	-9.154923e-01	-1.916528e-04
-1.204117e+01	0.000000e+00	-9.492789e-01	-2.178105e-04
-1.202454e+01	0.000000e+00	-9.842869e-01	-2.373193e-04
-1.200780e+01	0.000000e+00	-1.020623e+00	-2.515433e-04
-1.199094e+01	0.000000e+00	-1.058490e+00	-2.615879e-04
-1.197396e+01	0.000000e+00	-1.098042e+00	-2.682190e-04
-1.195687e+01	0.000000e+00	-1.139518e+00	-2.719275e-04
-1.193965e+01	0.000000e+00	-1.182977e+00	-2.735846e-04
-1.192232e+01	0.000000e+00	-1.228648e+00	-2.748196e-04
-1.190487e+01	0.000000e+00	-1.276895e+00	-2.751474e-04
-1.188730e+01	0.000000e+00	-1.327141e+00	-2.860978e-04
-1.186960e+01	0.000000e+00	-1.380222e+00	-2.965185e-04
-1.185179e+01	0.000000e+00	-1.436421e+00	-3.017838e-04
-1.183385e+01	0.000000e+00	-1.496243e+00	-3.030231e-04
-1.181578e+01	0.000000e+00	-1.560256e+00	-3.035488e-04
-1.179759e+01	0.000000e+00	-1.629085e+00	-3.026202e-04
-1.177927e+01	0.000000e+00	-1.703300e+00	-3.001848e-04
-1.176083e+01	0.000000e+00	-1.783640e+00	-2.961582e-04
-1.174226e+01	0.000000e+00	-1.870870e+00	-2.908587e-04
-1.172356e+01	0.000000e+00	-1.966013e+00	-2.843521e-04
-1.170473e+01	0.000000e+00	-2.070248e+00	-2.765660e-04
-1.168577e+01	0.000000e+00	-2.184897e+00	-2.677777e-04
-1.166668e+01	0.000000e+00	-2.311833e+00	-2.568526e-04
-1.164746e+01	0.000000e+00	-2.453205e+00	-2.442885e-04
-1.162810e+01	0.000000e+00	-2.610854e+00	-2.364121e-04
-1.160861e+01	0.000000e+00	-2.786887e+00	-2.294437e-04
-1.158898e+01	0.000000e+00	-2.986612e+00	-2.215015e-04
-1.156922e+01	0.000000e+00	-3.215446e+00	-2.131869e-04
-1.154932e+01	0.000000e+00	-3.480275e+00	-2.039343e-04
-1.152928e+01	0.000000e+00	-3.790514e+00	-1.943666e-04
-1.150911e+01	0.000000e+00	-4.158344e+00	-1.855677e-04
-1.148879e+01	0.000000e+00	-4.601270e+00	-1.810132e-04
-1.146833e+01	0.000000e+00	-5.146120e+00	-1.828808e-04
-1.144774e+01	0.000000e+00	-5.826723e+00	-2.029751e-04
-1.142699e+01	0.000000e+00	-6.707485e+00	-2.272188e-04
-1.140611e+01	0.000000e+00	-7.889460e+00	-2.339097e-04
-1.138508e+01	0.000000e+00	-9.568695e+00	-2.502305e-04
-1.136390e+01	0.000000e+00	-1.214511e+01	-2.792825e-04
-1.134258e+01	0.000000e+00	-1.659720e+01	-2.899488e-04
-1.132111e+01	0.000000e+00	-2.614649e+01	-3.006445e-04
-1.129949e+01	0.000000e+00	-6.129751e+01	-3.992505e-04
-1.127772e+01	0.000000e+00	1.806318e+02	-2.957568e-04
-1.125580e+01	0.000000e+00	3.663023e+01	-2.572773e-04
-1.123373e+01	0.000000e+00	2.039933e+01	-2.492786e-04
-1.121151e+01	0.000000e+00	1.414484e+01	-2.578501e-04
-1.118913e+01	0.000000e+00	1.084672e+01	-3.015581e-04
-1.116659e+01	0.000000e+00	8.803924e+00	-3.075492e-04
-1.114390e+01	0.000000e+00	7.412023e+00	-3.043620e-04
-1.112106e+01	0.000000e+00	6.402606e+00	-3.022586e-04
-1.109805e+01	0.000000e+00	5.636791e+00	-3.003708e-04
-1.107488e+01	0.000000e+00	5.037330e+00	-2.996293e-04
-1.105156e+01	0.000000e+00	4.555146e+00	-3.001672e-04
-1.102807e+01	0.000000e+00	4.159047e+00	-2.997022e-04
-1.100442e+01	0.000000e+00	3.828121e+00	-2.977827e-04
-1.098061e+01	0.000000e+00	3.546989e+00	-2.915756e-04
-1.095663e+01	0.000000e+00	3.304662e+00	-2.856688e-04
-1.093248e+01	0.000000e+00	3.093591e+00	-2.781691e-04
-1.090817e+01	0.000000e+00	2.908245e+00	-2.709094e-04
-1.088369e+01	0.000000e+00	2.743967e+00	-2.645242e-04
-1.085904e+01	0.000000e+00	2.597563e+00	-2.590165e-04
-1.083421e+01	0.000000e+00	2.465947e+00	-2.544324e-04
-1.080922e+01	0.000000e+00	2.347027e+00	-2.501518e-04
-1.078405e+01	0.000000e+00	2.239363e+00	-2.467602e-04
-1.075871e+01	0.000000e+00	2.141487e+00	-2.440720e-04
-1.073319e+01	0.000000e+00	2.051945e+00	-2.411460e-04
-1.070750e+01	0.000000e+00	1.969648e+00	-2.386165e-04
-1.068163e+01	0.000000e+00	1.893831e+00	-2.363077e-04
-1.065557e+01	0.000000e+00	1.823817e+00	-2.342992e-04
-1.062934e+01	0.000000e+00	1.758936e+00	-2.326469e-04
-1.060293e+01	0.000000e+00	1.698823e+00	-2.309276e-04
-1.057633e+01	0.000000e+00	1.642729e+00	-2.289045e-04
-1.054955e+01	0.000000e+00	1.590286e+00	-2.267465e-04
-1.052258e+01	0.000000e+00	1.541139e+00	-2.242716e-04
-1.049543e+01	0.000000e+00	1.494940e+00	-2.217929e-04
-1.046808e+01	0.000000e+00	1.451424e+00	-2.193719e-04
-1.044055e+01	0.000000e+00	1.410393e+00	-2.172024e-04
-1.041283e+01	0.000000e+00	1.371602e+00	-2.150124e-04
-1.038491e+01	0.000000e+00	1.334900e+00	-2.129627e-04
-1.035681e+01	0.000000e+00	1.300165e+00	-2.111028e-04
-1.032850e+01	0.000000e+00	1.267234e+00	-2.092719e-04
-1.030000e+01	0.000000e+00	1.235923e+00	-2.075448e-04
-1.027131e+01	0.000000e+00	1.206189e+00	-2.059151e-04
-1.024241e+01	0.000000e+00	1.177900e+00	-2.044307e-04
-1.021331e+01	0.000000e+00	1.150945e+00	-2.029644e-04
-1.018402e+01	0.000000e+00	1.125226e+00	-2.014693e-04
-1.015451e+01	0.000000e+00	1.100665e+00	-1.999213e-04
-1.012481e+01	0.000000e+00	1.077137e+00	-1.983137e-04
-1.009490e+01	0.000000e+00	1.054587e+00	-1.966585e-04
-1.006478e+01	0.000000e+00	1.032951e+00	-1.950651e-04
-1.003445e+01	0.000000e+00	1.012173e+00	-1.935143e-04
-1.000391e+01	0.000000e+00	9.921957e-01	-1.919766e-04
-9.973164e+00	0.000000e+00	9.729901e-01	-1.904846e-04
-9.942201e+00	0.000000e+00	9.545394e-01	-1.890675e-04
-9.911024e+00	0.000000e+00	9.367693e-01	-1.876817e-04
-9.879631e+00	0.000000e+00	9.196703e-01	-1.863557e-04
-9.848020e+00	0.000000e+00	9.031892e-01	-1.851006e-04
-9.816190e+00	0.000000e+00	8.873023e-01	-1.838155e-04
-9.784139e+00	0.000000e+00	8.719606e-01	-1.825650e-04
-9.751866e+00	0.000000e+00	8.571353e-01	-1.813090e-04
-9.719370e+00	0.000000e+00	8.428008e-01	-1.799988e-04
-9.686648e+00	0.000000e+00	8.289231e-01	-1.787150e-04
-9.653699e+00	0.000000e+00	8.154940e-01	-1.774599e-04
-9.620522e+00	0.000000e+00	8.024786e-01	-1.761930e-04
-9.587115e+00	0.000000e+00	7.898682e-01	-1.749531e-04
-9.553476e+00	0.000000e+00	7.776559e-01	-1.737759e-04
-9.519605e+00	0.000000e+00	7.658134e-01	-1.726157e-04
-9.485498e+00	0.000000e+00	7.543292e-01	-1.714962e-04
-9.451155e+00	0.000000e+00	7.431767e-01	-1.703761e-04
-9.416574e+00	0.000000e+00	7.323467e-01	-1.692858e-04
-9.381753e+00	0.000000e+00	7.218229e-01	-1.682077e-04
-9.346691e+00	0.000000e+00	7.115878e-01	-1.671010e-04
-9.311386e+00	0.000000e+00	7.016302e-01	-1.660138e-04
-9.275836e+00	0.000000e+00	6.919306e-01	-1.649311e-04
-9.240040e+00	0.000000e+00	6.824855e-01	-1.638477e-04
-9.203996e+00	0.000000e+00	6.732893e-01	-1.627977e-04
-9.167701e+00	0.000000e+00	6.643382e-01	-1.617766e-04
-9.131156e+00	0.000000e+00	6.556210e-01	-1.607719e-04
-9.094356e+00	0.000000e+00	6.471187e-01	-1.597791e-04
-9.057302e+00	0.000000e+00	6.388300e-01	-1.588073e-04
-9.019991e+00	0.000000e+00	6.307452e-01	-1.578507e-04
-8.982421e+00	0.000000e+00	6.228556e-01	-1.568813e-04
-8.944591e+00	0.000000e+00	6.151543e-01	-1.559251e-04
-8.906499e+00	0.000000e+00	6.076274e-01	-1.549675e-04
-8.868143e+00	0.000000e+00	6.002803e-01	-1.540194e-04
-8.829520e+00	0.000000e+00	5.931007e-01	-1.530905e-04
-8.790630e+00	0.000000e+00	5.860899e-01	-1.521828e-04
-8.751471e+00	0.000000e+00	5.792383e-01	-1.512859e-04
-8.712040e+00	0.000000e+00	5.725457e-01	-1.504032e-04
-8.672335e+00	0.000000e+00	5.660006e-01	-1.495375e-04
-8.632356e+00	0.000000e+00	5.595991e-01	-1.486706e-04
-8.592099e+00	0.000000e+00	5.533357e-01	-1.478091e-04
-8.551563e+00	0.000000e+00	5.472006e-01	-1.469485e-04
-8.510747e+00	0.000000e+00	5.411922e-01	-1.460958e-04
-8.469647e+00	0.000000e+00	5.353132e-01	-1.452605e-04
-8.428263e+00	0.000000e+00	5.295567e-01	-1.444405e-04
-8.386591e+00	0.000000e+00	5.239136e-01	-1.436288e-04
-8.344631e+00	0.000000e+00	5.183865e-01	-1.428323e-04
-8.302380e+00	0.000000e+00	5.129715e-01	-1.420429e-04
-8.259836e+00	0.000000e+00	5.076654e-01	-1.412566e-04
-8.216997e+00	0.000000e+00	5.024609e-01	-1.404724e-04
-8.173861e+00	0.000000e+00	4.973583e-01	-1.396902e-04
-8.130427e+00	0.000000e+00	4.923562e-01	-1.389247e-04
-8.086691e+00	0.000000e+00	4.874466e-01	-1.381712e-04
-8.042652e+00	0.000000e+00	4.826287e-01	-1.374259e-04
-7.998307e+00	0.000000e+00	4.779064e-01	-1.366915e-04
-7.953656e+00	0.000000e+00	4.732758e-01	-1.359627e-04
-7.908694e+00	0.000000e+00	4.687284e-01	-1.352375e-04
-7.863422e+00	0.000000e+00	4.642635e-01	-1.345139e-04
-7.817835e+00	0.000000e+00	4.598788e-01	-1.338018e-04
-7.771932e+00	0.000000e+00	4.555706e-01	-1.331015e-04
-7.725711e+00	0.000000e+00	4.513389e-01	-1.324081e-04
-7.679170e+00	0.000000e+00	4.471854e-01	-1.317236e-04
-7.632306e+00	0.000000e+00	4.431047e-01	-1.310463e-04
-7.585118e+00	0.000000e+00	4.390947e-01	-1.303713e-04
-7.537602e+00	0.000000e+00	4.351523e-01	-1.297007e-04
-7.489757e+00	0.000000e+00	4.312776e-01	-1.290400e-04
-7.441580e+00	0.000000e+00	4.274660e-01	-1.283858e-04
-7.393069e+00	0.000000e+00	4.237209e-01	-1.277394e-04
-7.344222e+00	0.000000e+00	4.200382e-01	-1.271021e-04
-7.295037e+00	0.000000e+00	4.164185e-01	-1.264688e-04
-7.245510e+00	0.000000e+00	4.128628e-01	-1.258399e-04
-7.195640e+00	0.000000e+00	4.093687e-01	-1.252168e-04
-7.145425e+00	0.000000e+00	4.059332e-01	-1.246007e-04
-7.094861e+00	0.000000e+00	4.025524e-01	-1.239918e-04
-7.043947e+00	0.000000e+00	3.992269e-01	-1.233913e-04
-6.992680e+00	0.000000e+00	3.959556e-01	-1.227956e-04
-6.941058e+00	0.000000e+00	3.927364e-01	-1.222056e-04
-6.889078e+00	0.000000e+00	3.895671e-01	-1.216219e-04
-6.836737e+00	0.000000e+00	3.864461e-01	-1.210433e-04
-6.784034e+00	0.000000e+00	3.833733e-01	-1.204720e-04
-6.730965e+00	0.000000e+00	3.803502e-01	-1.199083e-04
-6.677529e+00	0.000000e+00	3.773738e-01	-1.193488e-04
-6.623722e+00	0.000000e+00	3.744434e-01	-1.187952e-04
-6.569542e+00	0.000000e+00	3.715564e-01	-1.182464e-04
-6.514987e+00	0.000000e+00	3.687170e-01	-1.177034e-04
-6.460053e+00	0.000000e+00	3.659248e-01	-1.171675e-04
-6.404739e+00	0.000000e+00	3.631743e-01	-1.166371e-04
-6.349041e+00	0.000000e+00	3.604644e-01	-1.161119e-04
-6.292957e+00	0.000000e+00	3.577949e-01	-1.155911e-04
-6.236485e+00	0.000000e+00	3.551640e-01	-1.150755e-04
-6.179621e+00	0.000000e+00	3.525733e-01	-1.145672e-04
-6.122362e+00	0.000000e+00	3.500202e-01	-1.140639e-04
-6.064707e+00	0.000000e+00	3.475039e-01	-1.135659e-04
-6.006652e+00	0.000000e+00	3.450234e-01	-1.130721e-04
-5.948195e+00	0.000000e+00	3.425794e-01	-1.125841e-04
-5.889333e+00	0.000000e+00	3.401721e-01	-1.121026e-04
-5.830062e+00	0.000000e+00	3.378019e-01	-1.116257e-04
-5.770381e+00	0.000000e+00	3.354657e-01	-1.111534e-04
-5.710286e+00	0.000000e+00	3.331621e-01	-1.106857e-04
-5.649775e+00	0.000000e+00	3.308927e-01	-1.102242e-04
-5.588844e+00	0.000000e+00	3.286585e-01	-1.097677e-04
-5.527491e+00	0.000000e+00	3.264543e-01	-1.093159e-04
-5.465712e+00	0.000000e+00	3.242804e-01	-1.088683e-04
-5.403505e+00	0.000000e+00	3.221365e-01	-1.084263e-04
-5.340867e+00	0.000000e+00	3.200223e-01	-1.079897e-04
-5.277795e+00	0.000000e+00	3.179372e-01	-1.075576e-04
-5.214286e+00	0.000000e+00	3.158838e-01	-1.071296e-04
-5.150336e+00	0.000000e+00	3.138591e-01	-1.067067e-04
-5.085943e+00	0.000000e+00	3.118632e-01	-1.062886e-04
-5.021104e+00	0.000000e+00	3.098967e-01	-1.058749e-04
-4.955815e+00	0.000000e+00	3.079584e-01	-1.054658e-04
-4.890074e+00	0.000000e+00	3.060468e-01	-1.050614e-04
-4.823877e+00	0.000000e+00	3.041607e-01	-1.046618e-04
-4.757221e+00	0.000000e+00	3.023003e-01	-1.042668e-04
-4.690104e+00	0.000000e+00	3.004651e-01	-1.038763e-04
-4.622521e+00	0.000000e+00	2.986552e-01	-1.034901e-04
-4.554469e+00	0.000000e+00	2.968713e-01	-1.031085e-04
-4.485946e+00	0.000000e+00	2.951139e-01	-1.027311e-04
-4.416948e+00	0.000000e+00	2.933794e-01	-1.023579e-04
-4.347471e+00	0.000000e+00	2.916680e-01	-1.019892e-04
-4.277513e+00	0.000000e+00	2.899791e-01	-1.016246e-04
-4.207070e+00	0.000000e+00	2.883120e-01	-1.012640e-04
-4.136139e+00	0.000000e+00	2.866688e-01	-1.009080e-04
-4.064716e+00	0.000000e+00	2.850489e-01	-1.005562e-04
-3.992798e+00	0.000000e+00	2.834499e-01	-1.002082e-04
-3.920381e+00	0.000000e+00	2.818727e-01	-9.986477e-05
-3.847463e+00	0.000000e+00	2.803176e-01	-9.952521e-05
-3.774039e+00	0.000000e+00	2.787846e-01	-9.918953e-05
-3.700106e+00	0.000000e+00	2.772724e-01	-9.885816e-05
-3.625660e+00	0.000000e+00	2.757817e-01	-9.853033e-05
-3.550699e+00	0.000000e+00	2.743107e-01	-9.820645e-05
-3.475218e+00	0.000000e+00	2.728588e-01	-9.788650e-05
-3.399214e+00	0.000000e+00	2.714253e-01	-9.757024e-05
-3.322683e+00	0.000000e+00	2.700114e-01	-9.725771e-05
-3.245621e+00	0.000000e+00	2.686162e-01	-9.694876e-05
-3.168025e+00	0.000000e+00	2.672391e-01	-9.664341e-05
-3.089892e+00	0.000000e+00	2.658808e-01	-9.634164e-05
-3.011217e+00	0.000000e+00	2.645406e-01	-9.604348e-05
-2.931996e+00	0.000000e+00	2.632200e-01	-9.574911e-05
-2.852226e+00	0.000000e+00	2.619166e-01	-9.545817e-05
-2.771904e+00	0.000000e+00	2.606306e-01	-9.517054e-05
-2.691024e+00	0.000000e+00	2.593626e-01	-9.488617e-05
-2.609584e+00	0.000000e+00	2.581103e-01	-9.460503e-05
-2.527580e+00	0.000000e+00	2.568761e-01	-9.432723e-05
-2.445007e+00	0.000000e+00	2.556581e-01	-9.405264e-05
-2.361862e+00	0.000000e+00	2.544571e-01	-9.378108e-05
-2.278140e+00	0.000000e+00	2.532703e-01	-9.351252e-05
-2.193838e+00	0.000000e+00	2.520977e-01	-9.324678e-05
-2.108952e+00	0.000000e+00	2.509408e-01	-9.298387e-05
-2.023477e+00	0.000000e+00	2.498000e-01	-9.272365e-05
-1.937410e+00	0.000000e+00	2.486729e-01	-9.246609e-05
-1.850746e+00	0.000000e+00	2.475625e-01	-9.221122e-05
-1.763481e+00	0.000000e+00	2.464679e-01	-9.195878e-05
-1.675612e+00	0.000000e+00	2.453872e-01	-9.170867e-05
-1.587133e+00	0.000000e+00	2.443203e-01	-9.146061e-05
-1.498042e+00	0.000000e+00	2.432683e-01	-9.121445e-05
-1.408332e+00	0.000000e+00	2.422291e-01	-9.097000e-05
-1.318001e+00	0.000000e+00	2.412019e-01	-9.072700e-05
-1.227044e+00	0.000000e+00	2.401882e-01	-9.048528e-05
-1.135456e+00	0.000000e+00	2.391877e-01	-9.024457e-05
-1.043233e+00	0.000000e+00	2.382003e-01	-9.000423e-05
-9.503712e-01	0.000000e+00	2.372254e-01	-8.976385e-05
-8.568655e-01	0.000000e+00	2.362617e-01	-8.952272e-05
-7.627117e-01	0.000000e+00	2.353097e-01	-8.928014e-05
-6.679053e-01	0.000000e+00	2.343689e-01	-8.903499e-05
-5.724417e-01	0.000000e+00	2.334395e-01	-8.878555e-05
-4.763164e-01	0.000000e+00	2.325222e-01	-8.852962e-05
-3.795248e-01	0.000000e+00	2.316146e-01	-8.826344e-05
-2.820622e-01	0.000000e+00	2.307159e-01	-8.798064e-05
-1.839241e-01	0.000000e+00	2.298256e-01	-8.766802e-05
-8.510567e-02	0.000000e+00	2.289433e-01	-8.728840e-05
1.439771e-02	0.000000e+00	2.280701e-01	-8.748784e-05
1.145908e-01	0.000000e+00	2.271918e-01	-1.063486e-04
2.154784e-01	0.000000e+00	2.263286e-01	-1.362850e-04
3.170653e-01	0.000000e+00	2.254822e-01	-1.730847e-04
4.193564e-01	0.000000e+00	2.246519e-01	-2.148731e-04
5.223566e-01	0.000000e+00	2.238370e-01	-2.604815e-04
6.260707e-01	0.000000e+00	2.230376e-01	-3.090779e-04
7.305037e-01	0.000000e+00	2.222532e-01	-3.600305e-04
8.356606e-01	0.000000e+00	2.214831e-01	-4.128349e-04
9.415464e-01	0.000000e+00	2.207275e-01	-4.670864e-04
1.048166e+00	0.000000e+00	2.199860e-01	-5.224455e-04
1.155525e+00	0.000000e+00	2.192582e-01	-5.786246e-04
1.263628e+00	0.000000e+00	2.185439e-01	-6.353690e-04
1.372480e+00	0.000000e+00	2.178429e-01	-6.924734e-04
1.482087e+00	0.000000e+00	2.171549e-01	-7.497509e-04
1.592454e+00	0.000000e+00	2.164799e-01	-8.070525e-04
1.703586e+00	0.000000e+00	2.158172e-01	-8.642111e-04
1.815488e+00	0.000000e+00	2.151667e-01	-9.211144e-04
1.928165e+00	0.000000e+00	2.145284e-01	-9.776699e-04
2.041624e+00	0.000000e+00	2.139017e-01	-1.033766e-03
2.155869e+00	0.000000e+00	2.132865e-01	-1.089304e-03
2.270906e+00	0.000000e+00	2.126826e-01	-1.144203e-03
2.386741e+00	0.000000e+00	2.120899e-01	-1.198423e-03
2.503378e+00	0.000000e+00	2.115084e-01	-1.251899e-03
2.620824e+00	0.000000e+00	2.109375e-01	-1.304570e-03
2.739084e+00	0.000000e+00	2.103773e-01	-1.356395e-03
2.858164e+00	0.000000e+00	2.098275e-01	-1.407351e-03
2.978069e+00	0.000000e+00	2.092879e-01	-1.457395e-03
3.098805e+00	0.000000e+00	2.087582e-01	-1.506476e-03
3.220378e+00	0.000000e+00	2.082382e-01	-1.554566e-03
3.342794e+00	0.000000e+00	2.077279e-01	-1.601631e-03
3.466059e+00	0.000000e+00	2.072270e-01	-1.647669e-03
3.590177e+00	0.000000e+00	2.067355e-01	-1.692689e-03
3.715157e+00	0.000000e+00	2.062532e-01	-1.736641e-03
3.841002e+00	0.000000e+00	2.057799e-01	-1.779554e-03
3.967720e+00	0.000000e+00	2.053156e-01	-1.821411e-03
4.095316e+00	0.000000e+00	2.048599e-01	-1.862205e-03
4.223797e+00	0.000000e+00	2.044127e-01	-1.901892e-03
4.353168e+00	0.000000e+00	2.039740e-01	-1.940491e-03
4.483436e+00	0.000000e+00	2.035435e-01	-1.978014e-03
4.614607e+00	0.000000e+00	2.031212e-01	-2.014457e-03
4.746687e+00	0.000000e+00	2.027068e-01	-2.049807e-03
4.879683e+00	0.000000e+00	2.023002e-01	-2.084089e-03
5.013601e+00	0.000000e+00	2.019014e-01	-2.117296e-03
5.148447e+00	0.000000e+00	2.015101e-01	-2.149428e-03
5.284227e+00	0.000000e+00	2.011264e-01	-2.180495e-03
5.420949e+00	0.000000e+00	2.007500e-01	-2.210520e-03
5.558619e+00	0.000000e+00	2.003808e-01	-2.239501e-03
5.697242e+00	0.000000e+00	2.000188e-01	-2.267454e-03
5.836827e+00	0.000000e+00	1.996637e-01	-2.294366e-03
5.977379e+00	0.000000e+00	1.993156e-01	-2.320260e-03
6.118906e+00	0.000000e+00	1.989742e-01	-2.345135e-03
6.261413e+00	0.000000e+00	1.986395e-01	-2.369029e-03
6.404909e+00	0.000000e+00	1.983114e-01	-2.391955e-03
6.549399e+00	0.000000e+00	1.979898e-01	-2.413934e-03
6.694890e+00	0.000000e+00	1.976745e-01	-2.434960e-03
6.841390e+00	0.000000e+00	1.973654e-01	-2.455036e-03
6.988906e+00	0.000000e+00	1.970625e-01	-2.474167e-03
7.137444e+00	0.000000e+00	1.967656e-01	-2.492395e-03
7.287012e+00	0.000000e+00	1.964746e-01	-2.509701e-03
7.437616e+00	0.000000e+00	1.961896e-01	-2.526092e-03
7.589265e+00	0.000000e+00	1.959103e-01	-2.541605e-03
7.741964e+00	0.000000e+00	1.956367e-01	-2.556257e-03
7.895722e+00	0.000000e+00	1.953687e-01	-2.570050e-03
8.050546e+00	0.000000e+00	1.951062e-01	-2.583016e-03
8.206443e+00	0.000000e+00	1.948491e-01	-2.595161e-03
8.363421e+00	0.000000e+00	1.945973e-01	-2.606531e-03
8.521486e+00	0.000000e+00	1.943507e-01	-2.617109e-03
8.680648e+00	0.000000e+00	1.941093e-01	-2.626920e-03
8.840913e+00	0.000000e+00	1.938730e-01	-2.635961e-03
9.002288e+00	0.000000e+00	1.936417e-01	-2.644235e-03
9.164782e+00	0.000000e+00	1.934153e-01	-2.651771e-03
9.328403e+00	0.000000e+00	1.931938e-01	-2.658586e-03
9.493158e+00	0.000000e+00	1.929771e-01	-2.664684e-03
9.659054e+00	0.000000e+00	1.927651e-01	-2.670086e-03
9.826101e+00	0.000000e+00	1.925576e-01	-2.674828e-03
9.994306e+00	0.000000e+00	1.923548e-01	-2.678892e-03
1.016368e+01	0.000000e+00	1.921564e-01	-2.682296e-03
1.033422e+01	0.000000e+00	1.919625e-01	-2.685067e-03
1.050595e+01	0.000000e+00	1.917728e-01	-2.687224e-03
1.067886e+01	0.000000e+00	1.915874e-01	-2.688785e-03
1.085298e+01	0.000000e+00	1.914063e-01	-2.689731e-03
1.102830e+01	0.000000e+00	1.912293e-01	-2.690095e-03
1.120484e+01	0.000000e+00	1.910563e-01	-2.689899e-03
1.138260e+01	0.000000e+00	1.908873e-01	-2.689162e-03
1.156160e+01	0.000000e+00	1.907222e-01	-2.687886e-03
1.174183e+01	0.000000e+00	1.905611e-01	-2.686075e-03
1.192331e+01	0.000000e+00	1.904038e-01	-2.683741e-03
1.210606e+01	0.000000e+00	1.902503e-01	-2.680890e-03
1.229006e+01	0.000000e+00	1.901005e-01	-2.677539e-03
1.247535e+01	0.000000e+00	1.899543e-01	-2.673713e-03
1.266192e+01	0.000000e+00	1.898118e-01	-2.669406e-03
1.284978e+01	0.000000e+00	1.896728e-01	-2.664650e-03
1.303894e+01	0.000000e+00	1.895373e-01	-2.659449e-03
1.322942e+01	0.000000e+00	1.894052e-01	-2.653820e-03
1.342121e+01	0.000000e+00	1.892765e-01	-2.647777e-03
1.361434e+01	0.000000e+00	1.891510e-01	-2.641332e-03
1.380880e+01	0.000000e+00	1.890289e-01	-2.634481e-03
1.400461e+01	0.000000e+00	1.889100e-01	-2.627248e-03
1.420178e+01	0.000000e+00	1.887942e-01	-2.619657e-03
1.440032e+01	0.000000e+00	1.886814e-01	-2.611706e-03
1.460023e+01	0.000000e+00	1.885717e-01	-2.603399e-03
1.480152e+01	0.000000e+00	1.884650e-01	-2.594754e-03
1.500422e+01	0.000000e+00	1.883612e-01	-2.585776e-03
1.520831e+01	0.000000e+00	1.882604e-01	-2.576474e-03
1.541383e+01	0.000000e+00	1.881624e-01	-2.566865e-03
1.562076e+01	0.000000e+00	1.880673e-01	-2.556951e-03
1.582913e+01	0.000000e+00	1.879749e-01	-2.546747e-03
1.603895e+01	0.000000e+00	1.878853e-01	-2.536256e-03
1.625022e+01	0.000000e+00	1.877984e-01	-2.525497e-03
1.646295e+01	0.000000e+00	1.877141e-01	-2.514477e-03
1.667716e+01	0.000000e+00	1.876323e-01	-2.503208e-03
1.689286e+01	0.000000e+00	1.875531e-01	-2.491695e-03
1.711005e+01	0.000000e+00	1.874765e-01	-2.479943e-03
1.732874e+01	0.000000e+00	1.874022e-01	-2.467967e-03
1.754895e+01	0.000000e+00	1.873305e-01	-2.455771e-03
1.777069e+01	0.000000e+00	1.872610e-01	-2.443370e-03
1.799396e+01	0.000000e+00	1.871939e-01	-2.430767e-03
1.821878e+01	0.000000e+00	1.871292e-01	-2.417970e-03
1.844516e+01	0.000000e+00	1.870666e-01	-2.404990e-03
1.867311e+01	0.000000e+00	1.870063e-01	-2.391835e-03
1.890264e+01	0.000000e+00	1.869482e-01	-2.378511e-03
1.913376e+01	0.000000e+00	1.868921e-01	-2.365028e-03
1.936648e+01	0.000000e+00	1.868382e-01	-2.351393e-03
1.960082e+01	0.000000e+00	1.867864e-01	-2.337619e-03
1.983678e+01	0.000000e+00	1.867365e-01	-2.323709e-03
2.007437e+01	0.000000e+00	1.866887e-01	-2.309664e-03
2.031362e+01	0.000000e+00	1.866428e-01	-2.295494e-03
2.055452e+01	0.000000e+00	1.865988e-01	-2.281208e-03
2.079709e+01	0.000000e+00	1.865567e-01	-2.266811e-03
2.104134e+01	0.000000e+00	1.865164e-01	-2.252310e-03
2.128728e+01	0.000000e+00	1.864780e-01	-2.237711e-03
2.153493e+01	0.000000e+00	1.864413e-01	-2.223016e-03
2.178430e+01	0.000000e+00	1.864065e-01	-2.208239e-03
2.203539e+01	0.000000e+00	1.863733e-01	-2.193380e-03
2.228823e+01	0.000000e+00	1.863418e-01	-2.178443e-03
2.254282e+01	0.000000e+00	1.863120e-01	-2.163434e-03
2.279917e+01	0.000000e+00	1.862837e-01	-2.148361e-03
2.305730e+01	0.000000e+00	1.862571e-01	-2.133231e-03
2.331722e+01	0.000000e+00	1.862320e-01	-2.118048e-03
2.357894e+01	0.000000e+00	1.862084e-01	-2.102818e-03
2.384247e+01	0.000000e+00	1.861863e-01	-2.087547e-03
2.410784e+01	0.000000e+00	1.861657e-01	-2.072240e-03
2.437504e+01	0.000000e+00	1.861465e-01	-2.056901e-03
2.464409e+01	0.000000e+00	1.861288e-01	-2.041532e-03
2.491501e+01	0.000000e+00	1.861125e-01	-2.026141e-03
2.518780e+01	0.000000e+00	1.860975e-01	-2.010732e-03
2.546249e+01	0.000000e+00	1.860838e-01	-1.995307e-03
2.573908e+01	0.000000e+00	1.860715e-01	-1.979868e-03
2.601759e+01	0.000000e+00	1.860604e-01	-1.964424e-03
2.629803e+01	0.000000e+00	1.860505e-01	-1.948983e-03
2.658041e+01	0.000000e+00	1.860419e-01	-1.933547e-03
2.686475e+01	0.000000e+00	1.860344e-01	-1.918113e-03
2.715106e+01	0.000000e+00	1.860281e-01	-1.902688e-03
2.743936e+01	0.000000e+00	1.860230e-01	-1.887276e-03
2.772965e+01	0.000000e+00	1.860189e-01	-1.871877e-03
2.802196e+01	0.000000e+00	1.860160e-01	-1.856496e-03
2.831629e+01	0.000000e+00	1.860142e-01	-1.841141e-03
2.861266e+01	0.000000e+00	1.860134e-01	-1.825811e-03
2.891109e+01	0.000000e+00	1.860136e-01	-1.810510e-03
2.921158e+01	0.000000e+00	1.860148e-01	-1.795242e-03
2.951416e+01	0.000000e+00	1.860170e-01	-1.780010e-03
2.981884e+01	0.000000e+00	1.860202e-01	-1.764817e-03
3.012562e+01	0.000000e+00	1.860243e-01	-1.749665e-03
3.043454e+01	0.000000e+00	1.860293e-01	-1.734555e-03
3.074559e+01	0.000000e+00	1.860353e-01	-1.719490e-03
3.105881e+01	0.000000e+00	1.860421e-01	-1.704477e-03
3.137419e+01	0.000000e+00	1.860497e-01	-1.689518e-03
3.169176e+01	0.000000e+00	1.860582e-01	-1.674612e-03
3.201153e+01	0.000000e+00	1.860675e-01	-1.659759e-03
3.233351e+01	0.000000e+00	1.860776e-01	-1.644963e-03
3.265773e+01	0.000000e+00	1.860885e-01	-1.630227e-03
3.298420e+01	0.000000e+00	1.861002e-01	-1.615554e-03
3.331293e+01	0.000000e+00	1.861125e-01	-1.600943e-03
3.364393e+01	0.000000e+00	1.861256e-01	-1.586399e-03
3.397724e+01	0.000000e+00	1.861394e-01	-1.571921e-03
3.431285e+01	0.000000e+00	1.861538e-01	-1.557512e-03
3.465079e+01	0.000000e+00	1.861689e-01	-1.543175e-03
3.499107e+01	0.000000e+00	1.861848e-01	-1.528909e-03
3.533371e+01	0.000000e+00	1.862013e-01	-1.514720e-03
3.567872e+01	0.000000e+00	1.862183e-01	-1.500605e-03
3.602613e+01	0.000000e+00	1.862360e-01	-1.486566e-03
3.637594e+01	0.000000e+00	1.862542e-01	-1.472605e-03
3.672818e+01	0.000000e+00	1.862730e-01	-1.458725e-03
3.708286e+01	0.000000e+00	1.862924e-01	-1.444923e-03
3.744000e+01	0.000000e+00	1.863123e-01	-1.431202e-03
3.779962e+01	0.000000e+00	1.863327e-01	-1.417564e-03
3.816173e+01	0.000000e+00	1.863536e-01	-1.404009e-03
3.852634e+01	0.000000e+00	1.863750e-01	-1.390540e-03
3.889349e+01	0.000000e+00	1.863968e-01	-1.377157e-03
3.926318e+01	0.000000e+00	1.864192e-01	-1.363860e-03
3.963543e+01	0.000000e+00	1.864420e-01	-1.350649e-03
4.001027e+01	0.000000e+00	1.864652e-01	-1.337528e-03
4.038770e+01	0.000000e+00	1.864889e-01	-1.324497e-03
4.076774e+01	0.000000e+00	1.865131e-01	-1.311556e-03
4.115043e+01	0.000000e+00	1.865376e-01	-1.298704e-03
4.153576e+01	0.000000e+00	1.865625e-01	-1.285942e-03
4.192377e+01	0.000000e+00	1.865878e-01	-1.273271e-03
4.231446e+01	0.000000e+00	1.866134e-01	-1.260694e-03
4.270786e+01	0.000000e+00	1.866393e-01	-1.248207e-03
4.310399e+01	0.000000e+00	1.866656e-01	-1.235813e-03
4.350287e+01	0.000000e+00	1.866923e-01	-1.223511e-03
4.390451e+01	0.000000e+00	1.867192e-01	-1.211303e-03
4.430894e+01	0.000000e+00	1.867464e-01	-1.199189e-03
4.471616e+01	0.000000e+00	1.867740e-01	-1.187168e-03
4.512621e+01	0.000000e+00	1.868018e-01	-1.175241e-03
4.553911e+01	0.000000e+00	1.868298e-01	-1.163409e-03
4.595486e+01	0.000000e+00	1.868582e-01	-1.151671e-03
4.637350e+01	0.000000e+00	1.868868e-01	-1.140028e-03
4.679504e+01	0.000000e+00	1.869156e-01	-1.128480e-03
4.721950e+01	0.000000e+00	1.869447e-01	-1.117027e-03
4.764690e+01	0.000000e+00	1.869740e-01	-1.105668e-03
4.807727e+01	0.000000e+00	1.870035e-01	-1.094405e-03
4.851062e+01	0.000000e+00	1.870332e-01	-1.083236e-03
4.894697e+01	0.000000e+00	1.870631e-01	-1.072163e-03
4.938635e+01	0.000000e+00	1.870931e-01	-1.061183e-03
4.982877e+01	0.000000e+00	1.871234e-01	-1.050299e-03
5.027426e+01	0.000000e+00	1.871538e-01	-1.039509e-03
5.072284e+01	0.000000e+00	1.871844e-01	-1.028814e-03
5.117453e+01	0.000000e+00	1.872151e-01	-1.018213e-03
5.162934e+01	0.000000e+00	1.872460e-01	-1.007706e-03
5.208732e+01	0.000000e+00	1.872770e-01	-9.972920e-04
5.254846e+01	0.000000e+00	1.873081e-01	-9.869723e-04
5.301280e+01	0.000000e+00	1.873394e-01	-9.767456e-04
5.348036e+01	0.000000e+00	1.873707e-01	-9.666113e-04
5.395116e+01	0.000000e+00	1.874022e-01	-9.565699e-04
5.442523e+01	0.000000e+00	1.874338e-01	-9.466218e-04
5.490258e+01	0.000000e+00	1.874655e-01	-9.367656e-04
5.538324e+01	0.000000e+00	1.874972e-01	-9.270008e-04
5.586723e+01	0.000000e+00	1.875290e-01	-9.173273e-04
5.635458e+01	0.000000e+00	1.875609e-01	-9.077448e-04
5.684530e+01	0.000000e+00	1.875929e-01	-8.982533e-04
5.733943e+01	0.000000e+00	1.876249e-01	-8.888522e-04
5.783698e+01	0.000000e+00	1.876570e-01	-8.795410e-04
5.833798e+01	0.000000e+00	1.876891e-01	-8.703190e-04
5.884245e+01	0.000000e+00	1.877213e-01	-8.611860e-04
5.935042e+01	0.000000e+00	1.877535e-01	-8.521417e-04
5.986191e+01	0.000000e+00	1.877858e-01	-8.431860e-04
6.037695e+01	0.000000e+00	1.878181e-01	-8.343190e-04
6.089556e+01	0.000000e+00	1.878505e-01	-8.255393e-04
6.141776e+01	0.000000e+00	1.878828e-01	-8.168459e-04
6.194358e+01	0.000000e+00	1.879152e-01	-8.082384e-04
6.247304e+01	0.000000e+00	1.879476e-01	-7.997167e-04
6.300618e+01	0.000000e+00	1.879799e-01	-7.912803e-04
6.354301e+01	0.000000e+00	1.880123e-01	-7.829286e-04
6.408356e+01	0.000000e+00	1.880447e-01	-7.746617e-04
6.462786e+01	0.000000e+00	1.880770e-01	-7.664787e-04
6.517594e+01	0.000000e+00	1.881094e-01	-7.583792e-04
6.572781e+01	0.000000e+00	1.881418e-01	-7.503626e-04
6.628350e+01	0.000000e+00	1.881741e-01	-7.424282e-04
6.684305e+01	0.000000e+00	1.882064e-01	-7.345756e-04
6.740648e+01	0.000000e+00	1.882387e-01	-7.268043e-04
6.797381e+01	0.000000e+00	1.882710e-01	-7.191138e-04
6.854508e+01	0.000000e+00	1.883033e-01	-7.115038e-04
6.912030e+01	0.000000e+00	1.883355e-01	-7.039737e-04
6.969951e+01	0.000000e+00	1.883677e-01	-6.965225e-04
7.028274e+01	0.000000e+00	1.883999e-01	-6.891501e-04
7.087001e+01	0.000000e+00	1.884320e-01	-6.818557e-04
7.146135e+01	0.000000e+00	1.884641e-01	-6.746385e-04
7.205679e+01	0.000000e+00	1.884961e-01	-6.674981e-04
7.265636e+01	0.000000e+00	1.885281e-01	-6.604338e-04
7.326008e+01	0.000000e+00	1.885600e-01	-6.534454e-04
7.386799e+01	0.000000e+00	1.885918e-01	-6.465322e-04
7.448011e+01	0.000000e+00	1.886237e-01	-6.396936e-04
7.509648e+01	0.000000e+00	1.886554e-01	-6.329287e-04
7.571711e+01	0.000000e+00	1.886871e-01	-6.262375e-04
7.634205e+01	0.000000e+00	1.887187e-01	-6.196192e-04
7.697132e+01	0.000000e+00	1.887503e-01	-6.130731e-04
7.760496e+01	0.000000e+00	1.887817e-01	-6.065985e-04
7.824298e+01	0.000000e+00	1.888131e-01	-6.001953e-04
7.888543e+01	0.000000e+00	1.888445e-01	-5.938626e-04
7.953233e+01	0.000000e+00	1.888757e-01	-5.875997e-04
8.018372e+01	0.000000e+00	1.889069e-01	-5.814060e-04
8.083962e+01	0.000000e+00	1.889380e-01	-5.752811e-04
8.150006e+01	0.000000e+00	1.889690e-01	-5.692245e-04
8.216509e+01	0.000000e+00	1.889999e-01	-5.632354e-04
8.283472e+01	0.000000e+00	1.890308e-01	-5.573131e-04
8.350900e+01	0.000000e+00	1.890615e-01	-5.514573e-04
8.418795e+01	0.000000e+00	1.890921e-01	-5.456674e-04
8.487160e+01	0.000000e+00	1.891227e-01	-5.399428e-04
