-1.434000e+01	0.000000e+00	-2.237335e-01	1.405519e-11
-1.433931e+01	0.000000e+00	-2.235337e-01	1.401825e-11
-1.433861e+01	0.000000e+00	-2.233343e-01	1.398115e-11
-1.433791e+01	0.000000e+00	-2.231355e-01	1.394418e-11
-1.433720e+01	0.000000e+00	-2.229372e-01	1.390763e-11
-1.433649e+01	0.000000e+00	-2.227394e-01	1.387075e-11
-1.433577e+01	0.000000e+00	-2.225424e-01	1.383416e-11
-1.433505e+01	0.000000e+00	-2.223461e-01	1.379799e-11
-1.433432e+01	0.000000e+00	-2.221505e-01	1.376135e-11
-1.433359e+01	0.000000e+00	-2.219558e-01	1.372516e-11
-1.433285e+01	0.000000e+00	-2.217619e-01	1.368897e-11
-1.433211e+01	0.000000e+00	-2.215690e-01	1.365354e-11
-1.433136e+01	0.000000e+00	-2.213771e-01	1.361741e-11
-1.433060e+01	0.000000e+00	-2.211863e-01	1.358188e-11
-1.432985e+01	0.000000e+00	-2.209966e-01	1.354591e-11
-1.432908e+01	0.000000e+00	-2.208082e-01	1.351106e-11
-1.432831e+01	0.000000e+00	-2.206209e-01	1.347526e-11
-1.432754e+01	0.000000e+00	-2.204351e-01	1.344047e-11
-1.432676e+01	0.000000e+00	-2.202506e-01	1.340586e-11
-1.432598e+01	0.000000e+00	-2.200677e-01	1.337157e-11
-1.432518e+01	0.000000e+00	-2.198863e-01	1.333679e-11
-1.432439e+01	0.000000e+00	-2.197065e-01	1.330297e-11
-1.432359e+01	0.000000e+00	-2.195284e-01	1.326881e-11
-1.432278e+01	0.000000e+00	-2.193522e-01	1.323562e-11
-1.432197e+01	0.000000e+00	-2.191778e-01	1.320176e-11
-1.432115e+01	0.000000e+00	-2.190053e-01	1.316892e-11
-1.432033e+01	0.000000e+00	-2.188349e-01	1.313551e-11
-1.431950e+01	0.000000e+00	-2.186666e-01	1.310334e-11
-1.431866e+01	0.000000e+00	-2.185005e-01	1.307108e-11
-1.431782e+01	0.000000e+00	-2.183368e-01	1.303927e-11
-1.431697e+01	0.000000e+00	-2.181754e-01	1.300755e-11
-1.431612e+01	0.000000e+00	-2.180164e-01	1.297619e-11
-1.431526e+01	0.000000e+00	-2.178601e-01	1.294453e-11
-1.431440e+01	0.000000e+00	-2.177064e-01	1.291443e-11
-1.431353e+01	0.000000e+00	-2.175555e-01	1.288418e-11
-1.431265e+01	0.000000e+00	-2.174074e-01	1.285409e-11
-1.431177e+01	0.000000e+00	-2.172623e-01	1.282532e-11
-1.431088e+01	0.000000e+00	-2.171203e-01	1.279591e-11
-1.430998e+01	0.000000e+00	-2.169814e-01	1.276663e-11
-1.430908e+01	0.000000e+00	-2.168459e-01	1.273864e-11
-1.430817e+01	0.000000e+00	-2.167136e-01	1.271091e-11
-1.430726e+01	0.000000e+00	-2.165849e-01	1.268382e-11
-1.430634e+01	0.000000e+00	-2.164598e-01	1.265653e-11
-1.430541e+01	0.000000e+00	-2.163384e-01	1.263013e-11
-1.430448e+01	0.000000e+00	-2.162208e-01	1.260432e-11
-1.430354e+01	0.000000e+00	-2.161071e-01	1.257903e-11
-1.430260e+01	0.000000e+00	-2.159975e-01	1.255430e-11
-1.430164e+01	0.000000e+00	-2.158920e-01	1.252930e-11
-1.430068e+01	0.000000e+00	-2.157909e-01	1.250547e-11
-1.429972e+01	0.000000e+00	-2.156941e-01	1.248233e-11
-1.429875e+01	0.000000e+00	-2.156019e-01	1.245958e-11
-1.429777e+01	0.000000e+00	-2.155143e-01	1.243735e-11
-1.429678e+01	0.000000e+00	-2.154315e-01	1.241583e-11
-1.429579e+01	0.000000e+00	-2.153536e-01	1.239473e-11
-1.429479e+01	0.000000e+00	-2.152807e-01	1.237515e-11
-1.429378e+01	0.000000e+00	-2.152130e-01	1.235486e-11
-1.429277e+01	0.000000e+00	-2.151506e-01	1.233596e-11
-1.429175e+01	0.000000e+00	-2.150936e-01	1.231813e-11
-1.429072e+01	0.000000e+00	-2.150421e-01	1.229989e-11
-1.428969e+01	0.000000e+00	-2.149963e-01	1.228249e-11
-1.428864e+01	0.000000e+00	-2.149563e-01	1.226651e-11
-1.428759e+01	0.000000e+00	-2.149223e-01	1.225128e-11
-1.428654e+01	0.000000e+00	-2.148944e-01	1.223623e-11
-1.428547e+01	0.000000e+00	-2.148726e-01	1.222209e-11
-1.428440e+01	0.000000e+00	-2.148573e-01	1.220946e-11
-1.428332e+01	0.000000e+00	-2.148484e-01	1.219673e-11
-1.428224e+01	0.000000e+00	-2.148461e-01	1.218526e-11
-1.428115e+01	0.000000e+00	-2.148506e-01	1.217453e-11
-1.428004e+01	0.000000e+00	-2.148621e-01	1.216480e-11
-1.427894e+01	0.000000e+00	-2.148805e-01	1.215574e-11
-1.427782e+01	0.000000e+00	-2.149062e-01	1.214709e-11
-1.427669e+01	0.000000e+00	-2.149392e-01	1.213992e-11
-1.427556e+01	0.000000e+00	-2.149796e-01	1.213336e-11
-1.427442e+01	0.000000e+00	-2.150276e-01	1.212789e-11
-1.427328e+01	0.000000e+00	-2.150834e-01	1.212361e-11
-1.427212e+01	0.000000e+00	-2.151471e-01	1.212004e-11
-1.427096e+01	0.000000e+00	-2.152187e-01	1.211663e-11
-1.426978e+01	0.000000e+00	-2.152986e-01	1.211512e-11
-1.426860e+01	0.000000e+00	-2.153867e-01	1.211529e-11
-1.426742e+01	0.000000e+00	-2.154832e-01	1.211514e-11
-1.426622e+01	0.000000e+00	-2.155884e-01	1.211671e-11
-1.426502e+01	0.000000e+00	-2.157022e-01	1.211906e-11
-1.426380e+01	0.000000e+00	-2.158248e-01	1.212312e-11
-1.426258e+01	0.000000e+00	-2.159563e-01	1.212750e-11
-1.426135e+01	0.000000e+00	-2.160967e-01	1.213288e-11
-1.426011e+01	0.000000e+00	-2.162463e-01	1.213971e-11
-1.425887e+01	0.000000e+00	-2.164054e-01	1.214754e-11
-1.425761e+01	0.000000e+00	-2.165739e-01	1.215703e-11
-1.425635e+01	0.000000e+00	-2.167521e-01	1.216709e-11
-1.425507e+01	0.000000e+00	-2.169400e-01	1.217841e-11
-1.425379e+01	0.000000e+00	-2.171377e-01	1.219134e-11
-1.425250e+01	0.000000e+00	-2.173454e-01	1.220526e-11
-1.425120e+01	0.000000e+00	-2.175632e-01	1.221932e-11
-1.424989e+01	0.000000e+00	-2.177912e-01	1.223553e-11
-1.424857e+01	0.000000e+00	-2.180295e-01	1.225337e-11
-1.424725e+01	0.000000e+00	-2.182783e-01	1.227208e-11
-1.424591e+01	0.000000e+00	-2.185376e-01	1.229250e-11
-1.424457e+01	0.000000e+00	-2.188075e-01	1.231407e-11
-1.424321e+01	0.000000e+00	-2.190882e-01	1.233628e-11
-1.424185e+01	0.000000e+00	-2.193797e-01	1.236113e-11
-1.424047e+01	0.000000e+00	-2.196822e-01	1.238579e-11
-1.423909e+01	0.000000e+00	-2.199956e-01	1.241238e-11
-1.423770e+01	0.000000e+00	-2.203202e-01	1.244059e-11
-1.423630e+01	0.000000e+00	-2.206560e-01	1.246979e-11
-1.423488e+01	0.000000e+00	-2.210031e-01	1.250069e-11
-1.423346e+01	0.000000e+00	-2.213616e-01	1.253287e-11
-1.423203e+01	0.000000e+00	-2.217315e-01	1.256662e-11
-1.423059e+01	0.000000e+00	-2.221128e-01	1.260142e-11
-1.422914e+01	0.000000e+00	-2.225058e-01	1.263800e-11
-1.422768e+01	0.000000e+00	-2.229104e-01	1.267560e-11
-1.422620e+01	0.000000e+00	-2.233267e-01	1.271511e-11
-1.422472e+01	0.000000e+00	-2.237547e-01	1.275543e-11
-1.422323e+01	0.000000e+00	-2.241946e-01	1.279818e-11
-1.422173e+01	0.000000e+00	-2.246462e-01	1.284223e-11
-1.422021e+01	0.000000e+00	-2.251098e-01	1.288769e-11
-1.421869e+01	0.000000e+00	-2.255853e-01	1.293411e-11
-1.421716e+01	0.000000e+00	-2.260727e-01	1.298264e-11
-1.421561e+01	0.000000e+00	-2.265721e-01	1.303221e-11
-1.421406e+01	0.000000e+00	-2.270835e-01	1.308394e-11
-1.421249e+01	0.000000e+00	-2.276069e-01	1.313575e-11
-1.421091e+01	0.000000e+00	-2.281423e-01	1.319090e-11
-1.420933e+01	0.000000e+00	-2.286898e-01	1.324681e-11
-1.420773e+01	0.000000e+00	-2.292493e-01	1.330457e-11
-1.420612e+01	0.000000e+00	-2.298209e-01	1.336343e-11
-1.420450e+01	0.000000e+00	-2.304045e-01	1.342391e-11
-1.420286e+01	0.000000e+00	-2.310001e-01	1.348617e-11
-1.420122e+01	0.000000e+00	-2.316077e-01	1.354982e-11
-1.419956e+01	0.000000e+00	-2.322273e-01	1.361519e-11
-1.419790e+01	0.000000e+00	-2.328588e-01	1.368214e-11
-1.419622e+01	0.000000e+00	-2.335023e-01	1.375038e-11
-1.419453e+01	0.000000e+00	-2.341577e-01	1.382029e-11
-1.419283e+01	0.000000e+00	-2.348249e-01	1.389195e-11
-1.419111e+01	0.000000e+00	-2.355040e-01	1.396520e-11
-1.418939e+01	0.000000e+00	-2.361948e-01	1.403994e-11
-1.418765e+01	0.000000e+00	-2.368973e-01	1.411615e-11
-1.418590e+01	0.000000e+00	-2.376115e-01	1.419416e-11
-1.418414e+01	0.000000e+00	-2.383373e-01	1.427330e-11
-1.418237e+01	0.000000e+00	-2.390747e-01	1.435389e-11
-1.418058e+01	0.000000e+00	-2.398234e-01	1.443700e-11
-1.417878e+01	0.000000e+00	-2.405836e-01	1.452100e-11
-1.417697e+01	0.000000e+00	-2.413551e-01	1.460666e-11
-1.417515e+01	0.000000e+00	-2.421378e-01	1.469412e-11
-1.417331e+01	0.000000e+00	-2.429316e-01	1.478297e-11
-1.417147e+01	0.000000e+00	-2.437365e-01	1.487328e-11
-1.416960e+01	0.000000e+00	-2.445523e-01	1.496514e-11
-1.416773e+01	0.000000e+00	-2.453789e-01	1.505868e-11
-1.416584e+01	0.000000e+00	-2.462161e-01	1.515311e-11
-1.416394e+01	0.000000e+00	-2.470639e-01	1.524984e-11
-1.416203e+01	0.000000e+00	-2.479223e-01	1.534691e-11
-1.416010e+01	0.000000e+00	-2.487911e-01	1.544696e-11
-1.415816e+01	0.000000e+00	-2.496702e-01	1.554762e-11
-1.415621e+01	0.000000e+00	-2.505596e-01	1.564964e-11
-1.415424e+01	0.000000e+00	-2.514590e-01	1.575328e-11
-1.415226e+01	0.000000e+00	-2.523684e-01	1.585873e-11
-1.415027e+01	0.000000e+00	-2.532877e-01	1.596531e-11
-1.414826e+01	0.000000e+00	-2.542167e-01	1.607329e-11
-1.414624e+01	0.000000e+00	-2.551553e-01	1.618300e-11
-1.414420e+01	0.000000e+00	-2.561034e-01	1.629326e-11
-1.414215e+01	0.000000e+00	-2.570608e-01	1.640579e-11
-1.414008e+01	0.000000e+00	-2.580274e-01	1.651940e-11
-1.413800e+01	0.000000e+00	-2.590031e-01	1.663381e-11
-1.413591e+01	0.000000e+00	-2.599877e-01	1.675003e-11
-1.413380e+01	0.000000e+00	-2.609811e-01	1.686721e-11
-1.413168e+01	0.000000e+00	-2.619832e-01	1.698616e-11
-1.412954e+01	0.000000e+00	-2.629938e-01	1.710602e-11
-1.412739e+01	0.000000e+00	-2.640128e-01	1.722793e-11
-1.412523e+01	0.000000e+00	-2.650400e-01	1.735018e-11
-1.412304e+01	0.000000e+00	-2.660753e-01	1.747355e-11
-1.412085e+01	0.000000e+00	-2.671185e-01	1.759874e-11
-1.411863e+01	0.000000e+00	-2.681695e-01	1.772514e-11
-1.411641e+01	0.000000e+00	-2.692282e-01	1.785241e-11
-1.411416e+01	0.000000e+00	-2.702944e-01	1.798025e-11
-1.411190e+01	0.000000e+00	-2.713680e-01	1.810998e-11
-1.410963e+01	0.000000e+00	-2.724488e-01	1.824044e-11
-1.410734e+01	0.000000e+00	-2.735366e-01	1.837200e-11
-1.410503e+01	0.000000e+00	-2.746314e-01	1.850485e-11
-1.410271e+01	0.000000e+00	-2.757329e-01	1.863808e-11
-1.410037e+01	0.000000e+00	-2.768411e-01	1.877266e-11
-1.409802e+01	0.000000e+00	-2.779558e-01	1.890888e-11
-1.409565e+01	0.000000e+00	-2.790769e-01	1.904519e-11
-1.409326e+01	0.000000e+00	-2.802042e-01	1.918309e-11
-1.409086e+01	0.000000e+00	-2.813375e-01	1.932175e-11
-1.408844e+01	0.000000e+00	-2.824766e-01	1.946098e-11
-1.408600e+01	0.000000e+00	-2.836215e-01	1.960148e-11
-1.408355e+01	0.000000e+00	-2.847719e-01	1.974209e-11
-1.408108e+01	0.000000e+00	-2.859277e-01	1.988390e-11
-1.407859e+01	0.000000e+00	-2.870888e-01	2.002660e-11
-1.407608e+01	0.000000e+00	-2.882549e-01	2.016940e-11
-1.407356e+01	0.000000e+00	-2.894260e-01	2.031375e-11
-1.407102e+01	0.000000e+00	-2.906019e-01	2.045802e-11
-1.406846e+01	0.000000e+00	-2.917824e-01	2.060368e-11
-1.406589e+01	0.000000e+00	-2.929674e-01	2.074955e-11
-1.406330e+01	0.000000e+00	-2.941566e-01	2.089622e-11
-1.406069e+01	0.000000e+00	-2.953500e-01	2.104313e-11
-1.405806e+01	0.000000e+00	-2.965475e-01	2.119106e-11
-1.405541e+01	0.000000e+00	-2.977488e-01	2.133865e-11
-1.405274e+01	0.000000e+00	-2.989538e-01	2.148697e-11
-1.405006e+01	0.000000e+00	-3.001622e-01	2.163625e-11
-1.404736e+01	0.000000e+00	-3.013739e-01	2.178549e-11
-1.404463e+01	0.000000e+00	-3.025887e-01	2.193504e-11
-1.404189e+01	0.000000e+00	-3.038065e-01	2.208498e-11
-1.403913e+01	0.000000e+00	-3.050270e-01	2.223507e-11
-1.403635e+01	0.000000e+00	-3.062500e-01	2.238547e-11
-1.403356e+01	0.000000e+00	-3.074754e-01	2.253578e-11
-1.403074e+01	0.000000e+00	-3.087029e-01	2.268657e-11
-1.402790e+01	0.000000e+00	-3.099325e-01	2.283746e-11
-1.402505e+01	0.000000e+00	-3.111638e-01	2.298860e-11
-1.402217e+01	0.000000e+00	-3.123968e-01	2.313876e-11
-1.401927e+01	0.000000e+00	-3.136313e-01	2.328958e-11
-1.401636e+01	0.000000e+00	-3.148670e-01	2.344022e-11
-1.401342e+01	0.000000e+00	-3.161036e-01	2.359058e-11
-1.401046e+01	0.000000e+00	-3.173410e-01	2.374117e-11
-1.400749e+01	0.000000e+00	-3.185789e-01	2.389084e-11
-1.400449e+01	0.000000e+00	-3.198171e-01	2.404059e-11
-1.400147e+01	0.000000e+00	-3.210553e-01	2.419039e-11
-1.399843e+01	0.000000e+00	-3.222934e-01	2.433920e-11
-1.399537e+01	0.000000e+00	-3.235310e-01	2.448824e-11
-1.399229e+01	0.000000e+00	-3.247678e-01	2.463603e-11
-1.398918e+01	0.000000e+00	-3.260037e-01	2.478369e-11
-1.398606e+01	0.000000e+00	-3.272382e-01	2.493045e-11
-1.398291e+01	0.000000e+00	-3.284712e-01	2.507596e-11
-1.397974e+01	0.000000e+00	-3.297024e-01	2.522111e-11
-1.397655e+01	0.000000e+00	-3.309313e-01	2.536583e-11
-1.397334e+01	0.000000e+00	-3.321577e-01	2.550942e-11
-1.397011e+01	0.000000e+00	-3.333814e-01	2.565198e-11
-1.396685e+01	0.000000e+00	-3.346019e-01	2.579333e-11
-1.396357e+01	0.000000e+00	-3.358190e-01	2.593403e-11
-1.396027e+01	0.000000e+00	-3.370321e-01	2.607255e-11
-1.395694e+01	0.000000e+00	-3.382409e-01	2.621017e-11
-1.395359e+01	0.000000e+00	-3.394451e-01	2.634650e-11
-1.395022e+01	0.000000e+00	-3.406442e-01	2.648122e-11
-1.394683e+01	0.000000e+00	-3.418379e-01	2.661421e-11
-1.394341e+01	0.000000e+00	-3.430255e-01	2.674586e-11
-1.393997e+01	0.000000e+00	-3.442068e-01	2.687557e-11
-1.393650e+01	0.000000e+00	-3.453812e-01	2.700302e-11
-1.393301e+01	0.000000e+00	-3.465483e-01	2.712878e-11
-1.392950e+01	0.000000e+00	-3.477075e-01	2.725290e-11
-1.392596e+01	0.000000e+00	-3.487126e-01	2.734841e-11
-1.392239e+01	0.000000e+00	-3.495248e-01	2.740953e-11
-1.391881e+01	0.000000e+00	-3.503317e-01	2.746853e-11
-1.391519e+01	0.000000e+00	-3.511327e-01	2.752579e-11
-1.391155e+01	0.000000e+00	-3.519274e-01	2.758120e-11
-1.390789e+01	0.000000e+00	-3.527146e-01	2.763417e-11
-1.390420e+01	0.000000e+00	-3.534935e-01	2.768526e-11
-1.390049e+01	0.000000e+00	-3.542642e-01	2.773381e-11
-1.389675e+01	0.000000e+00	-3.550259e-01	2.777975e-11
-1.389298e+01	0.000000e+00	-3.557779e-01	2.782334e-11
-1.388919e+01	0.000000e+00	-3.565197e-01	2.786414e-11
-1.388537e+01	0.000000e+00	-3.572504e-01	2.790205e-11
-1.388153e+01	0.000000e+00	-3.579695e-01	2.793690e-11
-1.387766e+01	0.000000e+00	-3.586759e-01	2.796855e-11
-1.387376e+01	0.000000e+00	-3.593688e-01	2.799732e-11
-1.386984e+01	0.000000e+00	-3.600473e-01	2.802248e-11
-1.386588e+01	0.000000e+00	-3.607105e-01	2.804410e-11
-1.386190e+01	0.000000e+00	-3.613574e-01	2.806175e-11
-1.385790e+01	0.000000e+00	-3.619870e-01	2.807529e-11
-1.385386e+01	0.000000e+00	-3.625984e-01	2.808513e-11
-1.384980e+01	0.000000e+00	-3.631904e-01	2.809030e-11
-1.384571e+01	0.000000e+00	-3.637619e-01	2.809123e-11
-1.384159e+01	0.000000e+00	-3.643118e-01	2.808720e-11
-1.383744e+01	0.000000e+00	-3.648387e-01	2.807860e-11
-1.383326e+01	0.000000e+00	-3.653414e-01	2.806451e-11
-1.382906e+01	0.000000e+00	-3.658185e-01	2.804518e-11
-1.382482e+01	0.000000e+00	-3.662688e-01	2.802023e-11
-1.382056e+01	0.000000e+00	-3.666906e-01	2.799004e-11
-1.381627e+01	0.000000e+00	-3.670825e-01	2.795321e-11
-1.381194e+01	0.000000e+00	-3.674423e-01	2.791044e-11
-1.380759e+01	0.000000e+00	-3.677671e-01	2.786068e-11
-1.380320e+01	0.000000e+00	-3.680569e-01	2.780401e-11
-1.379879e+01	0.000000e+00	-3.683097e-01	2.774039e-11
-1.379435e+01	0.000000e+00	-3.685239e-01	2.766926e-11
-1.378987e+01	0.000000e+00	-3.686974e-01	2.759026e-11
-1.378536e+01	0.000000e+00	-3.688279e-01	2.750414e-11
-1.378083e+01	0.000000e+00	-3.689132e-01	2.740928e-11
-1.377626e+01	0.000000e+00	-3.689510e-01	2.730577e-11
-1.377166e+01	0.000000e+00	-3.689188e-01	2.719011e-11
-1.376702e+01	0.000000e+00	-3.687445e-01	2.705049e-11
-1.376236e+01	0.000000e+00	-3.685164e-01	2.690139e-11
-1.375766e+01	0.000000e+00	-3.682317e-01	2.674272e-11
-1.375293e+01	0.000000e+00	-3.678877e-01	2.657467e-11
-1.374817e+01	0.000000e+00	-3.674814e-01	2.639571e-11
-1.374337e+01	0.000000e+00	-3.670096e-01	2.620662e-11
-1.373854e+01	0.000000e+00	-3.664689e-01	2.600668e-11
-1.373368e+01	0.000000e+00	-3.658559e-01	2.579560e-11
-1.372879e+01	0.000000e+00	-3.651667e-01	2.557237e-11
-1.372386e+01	0.000000e+00	-3.643972e-01	2.533740e-11
-1.371889e+01	0.000000e+00	-3.635435e-01	2.508960e-11
-1.371389e+01	0.000000e+00	-3.626015e-01	2.482848e-11
-1.370886e+01	0.000000e+00	-3.615663e-01	2.455410e-11
-1.370379e+01	0.000000e+00	-3.604334e-01	2.426700e-11
-1.369869e+01	0.000000e+00	-3.591974e-01	2.396448e-11
-1.369355e+01	0.000000e+00	-3.578497e-01	2.364738e-11
-1.368838e+01	0.000000e+00	-3.563844e-01	2.331441e-11
-1.368317e+01	0.000000e+00	-3.547949e-01	2.296603e-11
-1.367792e+01	0.000000e+00	-3.530788e-01	2.260146e-11
-1.367264e+01	0.000000e+00	-3.512293e-01	2.222003e-11
-1.366732e+01	0.000000e+00	-3.492393e-01	2.182136e-11
-1.366196e+01	0.000000e+00	-3.471012e-01	2.140589e-11
-1.365657e+01	0.000000e+00	-3.448068e-01	2.097316e-11
-1.365114e+01	0.000000e+00	-3.423471e-01	2.052083e-11
-1.364567e+01	0.000000e+00	-3.397124e-01	2.005205e-11
-1.364017e+01	0.000000e+00	-3.368949e-01	1.956186e-11
-1.363462e+01	0.000000e+00	-3.338838e-01	1.905455e-11
-1.362904e+01	0.000000e+00	-3.306686e-01	1.852691e-11
-1.362342e+01	0.000000e+00	-3.272379e-01	1.797947e-11
-1.361776e+01	0.000000e+00	-3.235796e-01	1.741325e-11
-1.361206e+01	0.000000e+00	-3.196812e-01	1.682527e-11
-1.360632e+01	0.000000e+00	-3.155291e-01	1.621977e-11
-1.360054e+01	0.000000e+00	-3.111096e-01	1.559174e-11
-1.359472e+01	0.000000e+00	-3.064078e-01	1.494706e-11
-1.358886e+01	0.000000e+00	-3.014083e-01	1.428137e-11
-1.358296e+01	0.000000e+00	-2.960946e-01	1.359852e-11
-1.357702e+01	0.000000e+00	-2.904502e-01	1.289689e-11
-1.357104e+01	0.000000e+00	-2.844580e-01	1.217897e-11
-1.356502e+01	0.000000e+00	-2.780997e-01	1.144672e-11
-1.355895e+01	0.000000e+00	-2.713574e-01	1.069867e-11
-1.355284e+01	0.000000e+00	-2.642128e-01	9.940575e-12
-1.354669e+01	0.000000e+00	-2.566482e-01	9.171440e-12
-1.354050e+01	0.000000e+00	-2.486463e-01	8.399006e-12
-1.353427e+01	0.000000e+00	-2.401910e-01	7.621961e-12
-1.352799e+01	0.000000e+00	-2.312681e-01	6.847424e-12
-1.352167e+01	0.000000e+00	-2.218657e-01	6.077133e-12
-1.351530e+01	0.000000e+00	-2.119759e-01	5.322340e-12
-1.350889e+01	0.000000e+00	-2.015953e-01	4.580221e-12
-1.350244e+01	0.000000e+00	-1.907268e-01	3.864546e-12
-1.349594e+01	0.000000e+00	-1.793816e-01	3.179839e-12
-1.348940e+01	0.000000e+00	-1.675809e-01	2.533000e-12
-1.348281e+01	0.000000e+00	-1.553585e-01	1.933461e-12
-1.347617e+01	0.000000e+00	-1.427633e-01	1.387123e-12
-1.346949e+01	0.000000e+00	-1.298618e-01	9.030001e-13
-1.346276e+01	0.000000e+00	-1.167415e-01	4.871194e-13
-1.345599e+01	0.000000e+00	-1.035109e-01	1.471290e-13
-1.344917e+01	0.000000e+00	-9.030752e-02	-1.217267e-13
-1.344230e+01	0.000000e+00	-7.729412e-02	-3.101227e-13
-1.343538e+01	0.000000e+00	-6.465756e-02	-4.271761e-13
-1.342842e+01	0.000000e+00	-5.260835e-02	-4.742318e-13
-1.342141e+01	0.000000e+00	-4.137612e-02	-4.681714e-13
-1.341435e+01	0.000000e+00	-3.120238e-02	-4.163071e-13
-1.340724e+01	0.000000e+00	-2.233075e-02	-3.361727e-13
-1.340008e+01	0.000000e+00	-1.499492e-02	-2.472593e-13
-1.339287e+01	0.000000e+00	-9.405194e-03	-1.653787e-13
-1.338561e+01	0.000000e+00	-5.734789e-03	-1.047787e-13
-1.337830e+01	0.000000e+00	-4.107518e-03	-7.628811e-14
-1.337095e+01	0.000000e+00	-4.588335e-03	-8.476312e-14
-1.336353e+01	0.000000e+00	-7.178123e-03	-1.293978e-13
-1.335607e+01	0.000000e+00	-1.181349e-02	-2.029256e-13
-1.334856e+01	0.000000e+00	-1.837164e-02	-2.941105e-13
-1.334099e+01	0.000000e+00	-2.667959e-02	-3.854716e-13
-1.333338e+01	0.000000e+00	-3.652652e-02	-4.650366e-13
-1.332571e+01	0.000000e+00	-4.767757e-02	-5.111207e-13
-1.331798e+01	0.000000e+00	-5.988764e-02	-5.133029e-13
-1.331020e+01	0.000000e+00	-7.291371e-02	-4.598640e-13
-1.330237e+01	0.000000e+00	-8.652426e-02	-3.415372e-13
-1.329449e+01	0.000000e+00	-1.005075e-01	-1.584739e-13
-1.328655e+01	0.000000e+00	-1.146758e-01	9.225022e-14
-1.327855e+01	0.000000e+00	-1.288674e-01	4.065884e-13
-1.327050e+01	0.000000e+00	-1.429474e-01	7.803342e-13
-1.326239e+01	0.000000e+00	-1.568045e-01	1.205803e-12
-1.325423e+01	0.000000e+00	-1.703504e-01	1.674689e-12
-1.324601e+01	0.000000e+00	-1.835164e-01	2.180495e-12
-1.323774e+01	0.000000e+00	-1.962503e-01	2.711375e-12
-1.322940e+01	0.000000e+00	-2.085124e-01	3.264654e-12
-1.322101e+01	0.000000e+00	-2.202759e-01	3.829671e-12
-1.321256e+01	0.000000e+00	-2.315216e-01	4.397657e-12
-1.320405e+01	0.000000e+00	-2.422370e-01	4.963697e-12
-1.319549e+01	0.000000e+00	-2.524141e-01	5.521019e-12
-1.318686e+01	0.000000e+00	-2.620470e-01	6.064537e-12
-1.317817e+01	0.000000e+00	-2.711315e-01	6.589569e-12
-1.316943e+01	0.000000e+00	-2.796650e-01	7.089407e-12
-1.316062e+01	0.000000e+00	-2.876432e-01	7.562039e-12
-1.315175e+01	0.000000e+00	-2.950617e-01	8.002542e-12
-1.314282e+01	0.000000e+00	-3.019148e-01	8.407239e-12
-1.313383e+01	0.000000e+00	-3.081942e-01	8.771771e-12
-1.312478e+01	0.000000e+00	-3.138896e-01	9.094696e-12
-1.311566e+01	0.000000e+00	-3.189884e-01	9.372024e-12
-1.310648e+01	0.000000e+00	-3.234758e-01	9.600975e-12
-1.309724e+01	0.000000e+00	-3.273344e-01	9.779088e-12
-1.308793e+01	0.000000e+00	-3.305444e-01	9.904159e-12
-1.307856e+01	0.000000e+00	-3.330710e-01	9.971964e-12
-1.306912e+01	0.000000e+00	-3.348948e-01	9.981761e-12
-1.305962e+01	0.000000e+00	-3.360000e-01	9.932901e-12
-1.305005e+01	0.000000e+00	-3.363628e-01	9.824263e-12
-1.304041e+01	0.000000e+00	-3.359595e-01	9.655730e-12
-1.303071e+01	0.000000e+00	-3.347081e-01	9.423642e-12
-1.302094e+01	0.000000e+00	-3.326491e-01	9.133410e-12
-1.301111e+01	0.000000e+00	-3.296569e-01	8.779147e-12
-1.300120e+01	0.000000e+00	-3.258291e-01	8.373002e-12
-1.299123e+01	0.000000e+00	-3.212297e-01	7.923626e-12
-1.298119e+01	0.000000e+00	-3.159063e-01	7.438654e-12
-1.297107e+01	0.000000e+00	-3.096629e-01	6.910458e-12
-1.296089e+01	0.000000e+00	-3.025802e-01	6.350330e-12
-1.295064e+01	0.000000e+00	-2.951225e-01	5.792069e-12
-1.294032e+01	0.000000e+00	-2.874191e-01	5.245384e-12
-1.292992e+01	0.000000e+00	-2.796299e-01	4.720636e-12
-1.291945e+01	0.000000e+00	-2.719472e-01	4.227506e-12
-1.290891e+01	0.000000e+00	-2.645881e-01	3.775376e-12
-1.289830e+01	0.000000e+00	-2.577652e-01	3.370850e-12
-1.288761e+01	0.000000e+00	-2.517193e-01	3.020452e-12
-1.287685e+01	0.000000e+00	-2.467179e-01	2.729798e-12
-1.286602e+01	0.000000e+00	-2.429749e-01	2.501450e-12
-1.285511e+01	0.000000e+00	-2.406667e-01	2.336446e-12
-1.284412e+01	0.000000e+00	-2.399139e-01	2.234248e-12
-1.283306e+01	0.000000e+00	-2.407789e-01	2.193333e-12
-1.282192e+01	0.000000e+00	-2.432528e-01	2.211620e-12
-1.281070e+01	0.000000e+00	-2.472576e-01	2.285699e-12
-1.279941e+01	0.000000e+00	-2.526531e-01	2.411701e-12
-1.278804e+01	0.000000e+00	-2.592438e-01	2.583795e-12
-1.277659e+01	0.000000e+00	-2.667967e-01	2.795632e-12
-1.276506e+01	0.000000e+00	-2.750663e-01	3.039340e-12
-1.275345e+01	0.000000e+00	-2.838065e-01	3.306289e-12
-1.274176e+01	0.000000e+00	-2.927918e-01	3.587590e-12
-1.272998e+01	0.000000e+00	-3.018333e-01	3.875174e-12
-1.271813e+01	0.000000e+00	-3.107948e-01	4.162150e-12
-1.270620e+01	0.000000e+00	-3.196056e-01	4.444143e-12
-1.269418e+01	0.000000e+00	-3.282651e-01	4.720166e-12
-1.268208e+01	0.000000e+00	-3.368459e-01	4.992685e-12
-1.266989e+01	0.000000e+00	-3.454813e-01	5.267426e-12
-1.265762e+01	0.000000e+00	-3.543573e-01	5.553639e-12
-1.264527e+01	0.000000e+00	-3.636909e-01	5.862264e-12
-1.263283e+01	0.000000e+00	-3.737061e-01	6.205808e-12
-1.262030e+01	0.000000e+00	-3.846074e-01	6.595914e-12
-1.260769e+01	0.000000e+00	-3.965484e-01	7.042282e-12
-1.259498e+01	0.000000e+00	-4.096588e-01	7.556861e-12
-1.258220e+01	0.000000e+00	-4.239981e-01	8.145390e-12
-1.256932e+01	0.000000e+00	-4.395591e-01	8.811493e-12
-1.255635e+01	0.000000e+00	-4.563003e-01	9.555438e-12
-1.254329e+01	0.000000e+00	-4.741159e-01	1.037769e-11
-1.253015e+01	0.000000e+00	-4.929576e-01	1.127476e-11
-1.251691e+01	0.000000e+00	-5.127265e-01	1.224599e-11
-1.250358e+01	0.000000e+00	-5.331900e-01	1.327648e-11
-1.249016e+01	0.000000e+00	-5.543638e-01	1.436902e-11
-1.247664e+01	0.000000e+00	-5.749307e-01	1.542639e-11
-1.246303e+01	0.000000e+00	-5.950211e-01	1.645306e-11
-1.244933e+01	0.000000e+00	-6.156571e-01	1.751995e-11
-1.243553e+01	0.000000e+00	-6.366741e-01	1.861480e-11
-1.242163e+01	0.000000e+00	-6.580239e-01	1.973111e-11
-1.240764e+01	0.000000e+00	-6.798466e-01	2.087741e-11
-1.239356e+01	0.000000e+00	-7.021412e-01	2.205254e-11
-1.237937e+01	0.000000e+00	-7.249748e-01	2.325986e-11
-1.236509e+01	0.000000e+00	-7.483615e-01	2.449844e-11
-1.235070e+01	0.000000e+00	-7.723514e-01	2.576980e-11
-1.233622e+01	0.000000e+00	-7.969832e-01	2.707561e-11
-1.232164e+01	0.000000e+00	-8.223251e-01	2.841850e-11
-1.230696e+01	0.000000e+00	-8.484334e-01	2.980066e-11
-1.229217e+01	0.000000e+00	-8.753746e-01	3.122612e-11
-1.227728e+01	0.000000e+00	-9.032248e-01	3.269697e-11
-1.226229e+01	0.000000e+00	-9.320782e-01	3.422014e-11
-1.224720e+01	0.000000e+00	-9.620085e-01	3.579738e-11
-1.223200e+01	0.000000e+00	-9.931146e-01	3.743455e-11
-1.221669e+01	0.000000e+00	-1.025403e+00	3.912818e-11
-1.220128e+01	0.000000e+00	-1.057515e+00	4.074130e-11
-1.218576e+01	0.000000e+00	-1.090495e+00	4.236511e-11
-1.217014e+01	0.000000e+00	-1.125143e+00	4.407317e-11
-1.215440e+01	0.000000e+00	-1.161490e+00	4.585992e-11
-1.213856e+01	0.000000e+00	-1.199758e+00	4.774029e-11
-1.212261e+01	0.000000e+00	-1.240111e+00	4.972169e-11
-1.210654e+01	0.000000e+00	-1.282592e+00	5.179941e-11
-1.209037e+01	0.000000e+00	-1.327437e+00	5.398576e-11
-1.207408e+01	0.000000e+00	-1.374982e+00	5.630256e-11
-1.205768e+01	0.000000e+00	-1.425367e+00	5.875037e-11
-1.204117e+01	0.000000e+00	-1.478702e+00	6.132249e-11
-1.202454e+01	0.000000e+00	-1.535535e+00	6.405867e-11
-1.200780e+01	0.000000e+00	-1.595524e+00	6.690157e-11
-1.199094e+01	0.000000e+00	-1.659822e+00	6.994530e-11
-1.197396e+01	0.000000e+00	-1.728585e+00	7.317552e-11
-1.195687e+01	0.000000e+00	-1.802529e+00	7.663897e-11
-1.193965e+01	0.000000e+00	-1.882505e+00	8.038110e-11
-1.192232e+01	0.000000e+00	-1.969391e+00	8.444973e-11
-1.190487e+01	0.000000e+00	-2.063920e+00	8.886996e-11
-1.188730e+01	0.000000e+00	-2.167295e+00	9.370157e-11
-1.186960e+01	0.000000e+00	-2.280884e+00	9.901398e-11
-1.185179e+01	0.000000e+00	-2.406248e+00	1.048796e-10
-1.183385e+01	0.000000e+00	-2.545361e+00	1.113932e-10
-1.181578e+01	0.000000e+00	-2.700629e+00	1.186653e-10
-1.179759e+01	0.000000e+00	-2.874751e+00	1.268167e-10
-1.177927e+01	0.000000e+00	-3.071862e+00	1.360583e-10
-1.176083e+01	0.000000e+00	-3.296449e+00	1.465874e-10
-1.174226e+01	0.000000e+00	-3.553732e+00	1.585912e-10
-1.172356e+01	0.000000e+00	-3.852820e+00	1.725408e-10
-1.170473e+01	0.000000e+00	-4.204709e+00	1.889571e-10
-1.168577e+01	0.000000e+00	-4.624426e+00	2.085183e-10
-1.166668e+01	0.000000e+00	-5.134189e+00	2.322776e-10
-1.164746e+01	0.000000e+00	-5.766687e+00	2.617905e-10
-1.162810e+01	0.000000e+00	-6.573577e+00	2.995475e-10
-1.160861e+01	0.000000e+00	-7.633773e+00	3.490518e-10
-1.158898e+01	0.000000e+00	-9.092487e+00	4.171942e-10
-1.156922e+01	0.000000e+00	-1.122337e+01	5.166484e-10
-1.154932e+01	0.000000e+00	-1.462902e+01	6.752996e-10
-1.152928e+01	0.000000e+00	-2.094254e+01	9.682967e-10
-1.150911e+01	0.000000e+00	-3.673943e+01	1.701245e-09
-1.148879e+01	0.000000e+00	-1.481508e+02	6.867035e-09
-1.146833e+01	0.000000e+00	7.314112e+01	-3.391708e-09
-1.144774e+01	0.000000e+00	2.937034e+01	-1.363230e-09
-1.142699e+01	0.000000e+00	1.838645e+01	-8.538359e-10
-1.140611e+01	0.000000e+00	1.339109e+01	-6.223392e-10
-1.138508e+01	0.000000e+00	1.053468e+01	-4.899264e-10
-1.136390e+01	0.000000e+00	8.686599e+00	-4.042793e-10
-1.134258e+01	0.000000e+00	7.392028e+00	-3.442204e-10
-1.132111e+01	0.000000e+00	6.434432e+00	-2.997613e-10
-1.129949e+01	0.000000e+00	5.699447e+00	-2.657450e-10
-1.127772e+01	0.000000e+00	5.117575e+00	-2.388808e-10
-1.125580e+01	0.000000e+00	4.644576e+00	-2.170295e-10
-1.123373e+01	0.000000e+00	4.252342e+00	-1.988829e-10
-1.121151e+01	0.000000e+00	3.921763e+00	-1.835654e-10
-1.118913e+01	0.000000e+00	3.639425e+00	-1.704726e-10
-1.116659e+01	0.000000e+00	3.395824e+00	-1.591885e-10
-1.114390e+01	0.000000e+00	3.183183e+00	-1.493287e-10
-1.112106e+01	0.000000e+00	2.996657e+00	-1.407162e-10
-1.109805e+01	0.000000e+00	2.831164e+00	-1.330665e-10
-1.107488e+01	0.000000e+00	2.683461e+00	-1.262408e-10
-1.105156e+01	0.000000e+00	2.550497e+00	-1.200753e-10
-1.102807e+01	0.000000e+00	2.430139e+00	-1.144734e-10
-1.100442e+01	0.000000e+00	2.320699e+00	-1.093658e-10
-1.098061e+01	0.000000e+00	2.220692e+00	-1.046805e-10
-1.095663e+01	0.000000e+00	2.129005e+00	-1.003745e-10
-1.093248e+01	0.000000e+00	2.044670e+00	-9.640584e-11
-1.090817e+01	0.000000e+00	1.966730e+00	-9.272432e-11
-1.088369e+01	0.000000e+00	1.894496e+00	-8.930181e-11
-1.085904e+01	0.000000e+00	1.827709e+00	-8.614878e-11
-1.083421e+01	0.000000e+00	1.765497e+00	-8.320588e-11
-1.080922e+01	0.000000e+00	1.707399e+00	-8.044972e-11
-1.078405e+01	0.000000e+00	1.652972e+00	-7.785834e-11
-1.075871e+01	0.000000e+00	1.602031e+00	-7.543432e-11
-1.073319e+01	0.000000e+00	1.554217e+00	-7.315854e-11
-1.070750e+01	0.000000e+00	1.509252e+00	-7.101690e-11
-1.068163e+01	0.000000e+00	1.466914e+00	-6.900115e-11
-1.065557e+01	0.000000e+00	1.426951e+00	-6.709672e-11
-1.062934e+01	0.000000e+00	1.389089e+00	-6.528545e-11
-1.060293e+01	0.000000e+00	1.353193e+00	-6.356485e-11
-1.057633e+01	0.000000e+00	1.319099e+00	-6.192516e-11
-1.054955e+01	0.000000e+00	1.286653e+00	-6.035883e-11
-1.052258e+01	0.000000e+00	1.255750e+00	-5.886190e-11
-1.049543e+01	0.000000e+00	1.226254e+00	-5.742735e-11
-1.046808e+01	0.000000e+00	1.198125e+00	-5.605684e-11
-1.044055e+01	0.000000e+00	1.171324e+00	-5.475209e-11
-1.041283e+01	0.000000e+00	1.145693e+00	-5.350168e-11
-1.038491e+01	0.000000e+00	1.121141e+00	-5.229980e-11
-1.035681e+01	0.000000e+00	1.097629e+00	-5.114666e-11
-1.032850e+01	0.000000e+00	1.075108e+00	-5.004164e-11
-1.030000e+01	0.000000e+00	1.053521e+00	-4.898153e-11
-1.027131e+01	0.000000e+00	1.032814e+00	-4.796463e-11
-1.024241e+01	0.000000e+00	1.012910e+00	-4.698489e-11
-1.021331e+01	0.000000e+00	9.937498e-01	-4.603931e-11
-1.018402e+01	0.000000e+00	9.752879e-01	-4.512523e-11
-1.015451e+01	0.000000e+00	9.574779e-01	-4.424035e-11
-1.012481e+01	0.000000e+00	9.402882e-01	-4.338332e-11
-1.009490e+01	0.000000e+00	9.236792e-01	-4.255213e-11
-1.006478e+01	0.000000e+00	9.076491e-01	-4.174847e-11
-1.003445e+01	0.000000e+00	8.921679e-01	-4.097104e-11
-1.000391e+01	0.000000e+00	8.772025e-01	-4.021798e-11
-9.973164e+00	0.000000e+00	8.627188e-01	-3.948711e-11
-9.942201e+00	0.000000e+00	8.487189e-01	-3.878034e-11
-9.911024e+00	0.000000e+00	8.351690e-01	-3.809515e-11
-9.879631e+00	0.000000e+00	8.220525e-01	-3.743109e-11
-9.848020e+00	0.000000e+00	8.093367e-01	-3.678610e-11
-9.816190e+00	0.000000e+00	7.969943e-01	-3.615796e-11
-9.784139e+00	0.000000e+00	7.850116e-01	-3.554647e-11
-9.751866e+00	0.000000e+00	7.733627e-01	-3.494978e-11
-9.719370e+00	0.000000e+00	7.620404e-01	-3.436823e-11
-9.686648e+00	0.000000e+00	7.510301e-01	-3.380092e-11
-9.653699e+00	0.000000e+00	7.403344e-01	-3.324911e-11
-9.620522e+00	0.000000e+00	7.299451e-01	-3.271275e-11
-9.587115e+00	0.000000e+00	7.198364e-01	-3.218971e-11
-9.553476e+00	0.000000e+00	7.100049e-01	-3.168027e-11
-9.519605e+00	0.000000e+00	7.004342e-01	-3.118347e-11
-9.485498e+00	0.000000e+00	6.911099e-01	-3.069833e-11
-9.451155e+00	0.000000e+00	6.820243e-01	-3.022462e-11
-9.416574e+00	0.000000e+00	6.731665e-01	-2.976177e-11
-9.381753e+00	0.000000e+00	6.645194e-01	-2.930836e-11
-9.346691e+00	0.000000e+00	6.560816e-01	-2.886485e-11
-9.311386e+00	0.000000e+00	6.478393e-01	-2.843025e-11
-9.275836e+00	0.000000e+00	6.397942e-01	-2.800515e-11
-9.240040e+00	0.000000e+00	6.319448e-01	-2.758989e-11
-9.203996e+00	0.000000e+00	6.242804e-01	-2.718370e-11
-9.167701e+00	0.000000e+00	6.167953e-01	-2.678630e-11
-9.131156e+00	0.000000e+00	6.094787e-01	-2.639705e-11
-9.094356e+00	0.000000e+00	6.023280e-01	-2.601591e-11
-9.057302e+00	0.000000e+00	5.953387e-01	-2.564277e-11
-9.019991e+00	0.000000e+00	5.884963e-01	-2.527649e-11
-8.982421e+00	0.000000e+00	5.818025e-01	-2.491738e-11
-8.944591e+00	0.000000e+00	5.752456e-01	-2.456467e-11
-8.906499e+00	0.000000e+00	5.688302e-01	-2.421903e-11
-8.868143e+00	0.000000e+00	5.625549e-01	-2.388059e-11
-8.829520e+00	0.000000e+00	5.564102e-01	-2.354862e-11
-8.790630e+00	0.000000e+00	5.503906e-01	-2.322277e-11
-8.751471e+00	0.000000e+00	5.444994e-01	-2.290359e-11
-8.712040e+00	0.000000e+00	5.387311e-01	-2.259077e-11
-8.672335e+00	0.000000e+00	5.330772e-01	-2.228362e-11
-8.632356e+00	0.000000e+00	5.275337e-01	-2.198187e-11
-8.592099e+00	0.000000e+00	5.220965e-01	-2.168536e-11
-8.551563e+00	0.000000e+00	5.167639e-01	-2.139405e-11
-8.510747e+00	0.000000e+00	5.115323e-01	-2.110775e-11
-8.469647e+00	0.000000e+00	5.064046e-01	-2.082693e-11
-8.428263e+00	0.000000e+00	5.013706e-01	-2.055071e-11
-8.386591e+00	0.000000e+00	4.964321e-01	-2.027938e-11
-8.344631e+00	0.000000e+00	4.915855e-01	-2.001280e-11
-8.302380e+00	0.000000e+00	4.868279e-01	-1.975073e-11
-8.259836e+00	0.000000e+00	4.821558e-01	-1.949300e-11
-8.216997e+00	0.000000e+00	4.775660e-01	-1.923938e-11
-8.173861e+00	0.000000e+00	4.730605e-01	-1.899021e-11
-8.130427e+00	0.000000e+00	4.686369e-01	-1.874536e-11
-8.086691e+00	0.000000e+00	4.642877e-01	-1.850422e-11
-8.042652e+00	0.000000e+00	4.600159e-01	-1.826714e-11
-7.998307e+00	0.000000e+00	4.558216e-01	-1.803426e-11
-7.953656e+00	0.000000e+00	4.517014e-01	-1.780534e-11
-7.908694e+00	0.000000e+00	4.476488e-01	-1.757982e-11
-7.863422e+00	0.000000e+00	4.436651e-01	-1.735794e-11
-7.817835e+00	0.000000e+00	4.397477e-01	-1.713950e-11
-7.771932e+00	0.000000e+00	4.358938e-01	-1.692435e-11
-7.725711e+00	0.000000e+00	4.321047e-01	-1.671264e-11
-7.679170e+00	0.000000e+00	4.283799e-01	-1.650446e-11
-7.632306e+00	0.000000e+00	4.247157e-01	-1.629945e-11
-7.585118e+00	0.000000e+00	4.211100e-01	-1.609756e-11
-7.537602e+00	0.000000e+00	4.175611e-01	-1.589861e-11
-7.489757e+00	0.000000e+00	4.140683e-01	-1.570267e-11
-7.441580e+00	0.000000e+00	4.106297e-01	-1.550959e-11
-7.393069e+00	0.000000e+00	4.072474e-01	-1.531962e-11
-7.344222e+00	0.000000e+00	4.039176e-01	-1.513247e-11
-7.295037e+00	0.000000e+00	4.006406e-01	-1.494821e-11
-7.245510e+00	0.000000e+00	3.974180e-01	-1.476705e-11
-7.195640e+00	0.000000e+00	3.942473e-01	-1.458880e-11
-7.145425e+00	0.000000e+00	3.911266e-01	-1.441333e-11
-7.094861e+00	0.000000e+00	3.880541e-01	-1.424051e-11
-7.043947e+00	0.000000e+00	3.850280e-01	-1.407024e-11
-6.992680e+00	0.000000e+00	3.820478e-01	-1.390249e-11
-6.941058e+00	0.000000e+00	3.791123e-01	-1.373720e-11
-6.889078e+00	0.000000e+00	3.762195e-01	-1.357422e-11
-6.836737e+00	0.000000e+00	3.733686e-01	-1.341353e-11
-6.784034e+00	0.000000e+00	3.705592e-01	-1.325512e-11
-6.730965e+00	0.000000e+00	3.677924e-01	-1.309912e-11
-6.677529e+00	0.000000e+00	3.650659e-01	-1.294537e-11
-6.623722e+00	0.000000e+00	3.623794e-01	-1.279385e-11
-6.569542e+00	0.000000e+00	3.597303e-01	-1.264439e-11
-6.514987e+00	0.000000e+00	3.571225e-01	-1.249735e-11
-6.460053e+00	0.000000e+00	3.545559e-01	-1.235275e-11
-6.404739e+00	0.000000e+00	3.520256e-01	-1.221018e-11
-6.349041e+00	0.000000e+00	3.495309e-01	-1.206959e-11
-6.292957e+00	0.000000e+00	3.470710e-01	-1.193096e-11
-6.236485e+00	0.000000e+00	3.446448e-01	-1.179420e-11
-6.179621e+00	0.000000e+00	3.422539e-01	-1.165948e-11
-6.122362e+00	0.000000e+00	3.398963e-01	-1.152666e-11
-6.064707e+00	0.000000e+00	3.375706e-01	-1.139561e-11
-6.006652e+00	0.000000e+00	3.352763e-01	-1.126634e-11
-5.948195e+00	0.000000e+00	3.330140e-01	-1.113890e-11
-5.889333e+00	0.000000e+00	3.307845e-01	-1.101338e-11
-5.830062e+00	0.000000e+00	3.285873e-01	-1.088976e-11
-5.770381e+00	0.000000e+00	3.264202e-01	-1.076788e-11
-5.710286e+00	0.000000e+00	3.242821e-01	-1.064764e-11
-5.649775e+00	0.000000e+00	3.221741e-01	-1.052917e-11
-5.588844e+00	0.000000e+00	3.200971e-01	-1.041255e-11
-5.527491e+00	0.000000e+00	3.180474e-01	-1.029748e-11
-5.465712e+00	0.000000e+00	3.160240e-01	-1.018389e-11
-5.403505e+00	0.000000e+00	3.140271e-01	-1.007182e-11
-5.340867e+00	0.000000e+00	3.120572e-01	-9.961330e-12
-5.277795e+00	0.000000e+00	3.101129e-01	-9.852301e-12
-5.214286e+00	0.000000e+00	3.081968e-01	-9.744970e-12
-5.150336e+00	0.000000e+00	3.063064e-01	-9.639133e-12
-5.085943e+00	0.000000e+00	3.044420e-01	-9.534840e-12
-5.021104e+00	0.000000e+00	3.026036e-01	-9.432088e-12
-4.955815e+00	0.000000e+00	3.007905e-01	-9.330830e-12
-4.890074e+00	0.000000e+00	2.990014e-01	-9.230980e-12
-4.823877e+00	0.000000e+00	2.972352e-01	-9.132450e-12
-4.757221e+00	0.000000e+00	2.954919e-01	-9.035250e-12
-4.690104e+00	0.000000e+00	2.937716e-01	-8.939397e-12
-4.622521e+00	0.000000e+00	2.920737e-01	-8.844862e-12
-4.554469e+00	0.000000e+00	2.903992e-01	-8.751709e-12
-4.485946e+00	0.000000e+00	2.887489e-01	-8.660029e-12
-4.416948e+00	0.000000e+00	2.871192e-01	-8.569538e-12
-4.347471e+00	0.000000e+00	2.855102e-01	-8.480248e-12
-4.277513e+00	0.000000e+00	2.839214e-01	-8.392137e-12
-4.207070e+00	0.000000e+00	2.823528e-01	-8.305196e-12
-4.136139e+00	0.000000e+00	2.808053e-01	-8.219505e-12
-4.064716e+00	0.000000e+00	2.792792e-01	-8.135103e-12
-3.992798e+00	0.000000e+00	2.777721e-01	-8.051801e-12
-3.920381e+00	0.000000e+00	2.762845e-01	-7.969653e-12
-3.847463e+00	0.000000e+00	2.748173e-01	-7.888717e-12
-3.774039e+00	0.000000e+00	2.733701e-01	-7.808979e-12
-3.700106e+00	0.000000e+00	2.719417e-01	-7.730340e-12
-3.625660e+00	0.000000e+00	2.705332e-01	-7.652903e-12
-3.550699e+00	0.000000e+00	2.691423e-01	-7.576481e-12
-3.475218e+00	0.000000e+00	2.677689e-01	-7.501087e-12
-3.399214e+00	0.000000e+00	2.664124e-01	-7.426663e-12
-3.322683e+00	0.000000e+00	2.650736e-01	-7.353290e-12
-3.245621e+00	0.000000e+00	2.637521e-01	-7.280929e-12
-3.168025e+00	0.000000e+00	2.624470e-01	-7.209523e-12
-3.089892e+00	0.000000e+00	2.611591e-01	-7.139131e-12
-3.011217e+00	0.000000e+00	2.598879e-01	-7.069720e-12
-2.931996e+00	0.000000e+00	2.586346e-01	-7.001382e-12
-2.852226e+00	0.000000e+00	2.573970e-01	-6.933958e-12
-2.771904e+00	0.000000e+00	2.561755e-01	-6.867472e-12
-2.691024e+00	0.000000e+00	2.549705e-01	-6.801969e-12
-2.609584e+00	0.000000e+00	2.537799e-01	-6.737284e-12
-2.527580e+00	0.000000e+00	2.526059e-01	-6.673594e-12
-2.445007e+00	0.000000e+00	2.514469e-01	-6.610770e-12
-2.361862e+00	0.000000e+00	2.503035e-01	-6.548870e-12
-2.278140e+00	0.000000e+00	2.491732e-01	-6.487703e-12
-2.193838e+00	0.000000e+00	2.480558e-01	-6.427275e-12
-2.108952e+00	0.000000e+00	2.469531e-01	-6.367701e-12
-2.023477e+00	0.000000e+00	2.458652e-01	-6.308996e-12
-1.937410e+00	0.000000e+00	2.447899e-01	-6.251004e-12
-1.850746e+00	0.000000e+00	2.437302e-01	-6.193935e-12
-1.763481e+00	0.000000e+00	2.426849e-01	-6.137712e-12
-1.675612e+00	0.000000e+00	2.416525e-01	-6.082230e-12
-1.587133e+00	0.000000e+00	2.406329e-01	-6.027479e-12
-1.498042e+00	0.000000e+00	2.396271e-01	-5.973534e-12
-1.408332e+00	0.000000e+00	2.386331e-01	-5.920252e-12
-1.318001e+00	0.000000e+00	2.376502e-01	-5.867592e-12
-1.227044e+00	0.000000e+00	2.366798e-01	-5.815650e-12
-1.135456e+00	0.000000e+00	2.357218e-01	-5.764417e-12
-1.043233e+00	0.000000e+00	2.347757e-01	-5.713868e-12
-9.503712e-01	0.000000e+00	2.338414e-01	-5.663985e-12
-8.568655e-01	0.000000e+00	2.329173e-01	-5.614675e-12
-7.627117e-01	0.000000e+00	2.320043e-01	-5.565985e-12
-6.679053e-01	0.000000e+00	2.311016e-01	-5.517872e-12
-5.724417e-01	0.000000e+00	2.302093e-01	-5.470350e-12
-4.763164e-01	0.000000e+00	2.293284e-01	-5.423468e-12
-3.795248e-01	0.000000e+00	2.284565e-01	-5.377082e-12
-2.820622e-01	0.000000e+00	2.275928e-01	-5.331136e-12
-1.839241e-01	0.000000e+00	2.267369e-01	-5.285608e-12
-8.510567e-02	0.000000e+00	2.258883e-01	-5.240466e-12
1.439771e-02	0.000000e+00	2.250486e-01	-8.641613e-07
1.145908e-01	0.000000e+00	2.242038e-01	-1.892167e-05
2.154784e-01	0.000000e+00	2.233729e-01	-4.758395e-05
3.170653e-01	0.000000e+00	2.225578e-01	-8.283781e-05
4.193564e-01	0.000000e+00	2.217577e-01	-1.228986e-04
5.223566e-01	0.000000e+00	2.209722e-01	-1.666539e-04
6.260707e-01	0.000000e+00	2.202012e-01	-2.133115e-04
7.305037e-01	0.000000e+00	2.194443e-01	-2.622694e-04
8.356606e-01	0.000000e+00	2.187010e-01	-3.130464e-04
9.415464e-01	0.000000e+00	2.179713e-01	-3.652563e-04
1.048166e+00	0.000000e+00	2.172548e-01	-4.185742e-04
1.155525e+00	0.000000e+00	2.165513e-01	-4.727248e-04
1.263628e+00	0.000000e+00	2.158606e-01	-5.274643e-04
1.372480e+00	0.000000e+00	2.151824e-01	-5.825952e-04
1.482087e+00	0.000000e+00	2.145165e-01	-6.379377e-04
1.592454e+00	0.000000e+00	2.138630e-01	-6.933479e-04
1.703586e+00	0.000000e+00	2.132211e-01	-7.486650e-04
1.815488e+00	0.000000e+00	2.125908e-01	-8.037799e-04
1.928165e+00	0.000000e+00	2.119719e-01	-8.586019e-04
2.041624e+00	0.000000e+00	2.113642e-01	-9.130233e-04
2.155869e+00	0.000000e+00	2.107673e-01	-9.669476e-04
2.270906e+00	0.000000e+00	2.101811e-01	-1.020296e-03
2.386741e+00	0.000000e+00	2.096057e-01	-1.073028e-03
2.503378e+00	0.000000e+00	2.090408e-01	-1.125082e-03
2.620824e+00	0.000000e+00	2.084861e-01	-1.176394e-03
2.739084e+00	0.000000e+00	2.079415e-01	-1.226926e-03
2.858164e+00	0.000000e+00	2.074069e-01	-1.276653e-03
2.978069e+00	0.000000e+00	2.068819e-01	-1.325531e-03
3.098805e+00	0.000000e+00	2.063664e-01	-1.373512e-03
3.220378e+00	0.000000e+00	2.058602e-01	-1.420566e-03
3.342794e+00	0.000000e+00	2.053631e-01	-1.466659e-03
3.466059e+00	0.000000e+00	2.048750e-01	-1.511788e-03
3.590177e+00	0.000000e+00	2.043960e-01	-1.555959e-03
3.715157e+00	0.000000e+00	2.039257e-01	-1.599123e-03
3.841002e+00	0.000000e+00	2.034640e-01	-1.641307e-03
3.967720e+00	0.000000e+00	2.030109e-01	-1.682492e-03
4.095316e+00	0.000000e+00	2.025661e-01	-1.722671e-03
4.223797e+00	0.000000e+00	2.021294e-01	-1.761800e-03
4.353168e+00	0.000000e+00	2.017008e-01	-1.799896e-03
4.483436e+00	0.000000e+00	2.012801e-01	-1.836968e-03
4.614607e+00	0.000000e+00	2.008672e-01	-1.873012e-03
4.746687e+00	0.000000e+00	2.004619e-01	-1.908015e-03
4.879683e+00	0.000000e+00	2.000642e-01	-1.941998e-03
5.013601e+00	0.000000e+00	1.996738e-01	-1.974954e-03
5.148447e+00	0.000000e+00	1.992907e-01	-2.006881e-03
5.284227e+00	0.000000e+00	1.989149e-01	-2.037790e-03
5.420949e+00	0.000000e+00	1.985461e-01	-2.067698e-03
5.558619e+00	0.000000e+00	1.981842e-01	-2.096606e-03
5.697242e+00	0.000000e+00	1.978292e-01	-2.124526e-03
5.836827e+00	0.000000e+00	1.974809e-01	-2.151446e-03
5.977379e+00	0.000000e+00	1.971393e-01	-2.177385e-03
6.118906e+00	0.000000e+00	1.968042e-01	-2.202343e-03
6.261413e+00	0.000000e+00	1.964755e-01	-2.226356e-03
6.404909e+00	0.000000e+00	1.961532e-01	-2.249435e-03
6.549399e+00	0.000000e+00	1.958371e-01	-2.271598e-03
6.694890e+00	0.000000e+00	1.955271e-01	-2.292840e-03
6.841390e+00	0.000000e+00	1.952231e-01	-2.313164e-03
6.988906e+00	0.000000e+00	1.949251e-01	-2.332572e-03
7.137444e+00	0.000000e+00	1.946329e-01	-2.351105e-03
7.287012e+00	0.000000e+00	1.943464e-01	-2.368742e-03
7.437616e+00	0.000000e+00	1.940657e-01	-2.385492e-03
7.589265e+00	0.000000e+00	1.937905e-01	-2.401388e-03
7.741964e+00	0.000000e+00	1.935208e-01	-2.416446e-03
7.895722e+00	0.000000e+00	1.932565e-01	-2.430669e-03
8.050546e+00	0.000000e+00	1.929975e-01	-2.444085e-03
8.206443e+00	0.000000e+00	1.927438e-01	-2.456701e-03
8.363421e+00	0.000000e+00	1.924952e-01	-2.468560e-03
8.521486e+00	0.000000e+00	1.922516e-01	-2.479646e-03
8.680648e+00	0.000000e+00	1.920131e-01	-2.489981e-03
8.840913e+00	0.000000e+00	1.917795e-01	-2.499564e-03
9.002288e+00	0.000000e+00	1.915508e-01	-2.508395e-03
9.164782e+00	0.000000e+00	1.913268e-01	-2.516502e-03
9.328403e+00	0.000000e+00	1.911076e-01	-2.523903e-03
9.493158e+00	0.000000e+00	1.908930e-01	-2.530600e-03
9.659054e+00	0.000000e+00	1.906830e-01	-2.536612e-03
9.826101e+00	0.000000e+00	1.904775e-01	-2.541975e-03
9.994306e+00	0.000000e+00	1.902764e-01	-2.546672e-03
1.016368e+01	0.000000e+00	1.900797e-01	-2.550717e-03
1.033422e+01	0.000000e+00	1.898872e-01	-2.554139e-03
1.050595e+01	0.000000e+00	1.896990e-01	-2.556955e-03
1.067886e+01	0.000000e+00	1.895149e-01	-2.559182e-03
1.085298e+01	0.000000e+00	1.893349e-01	-2.560802e-03
1.102830e+01	0.000000e+00	1.891589e-01	-2.561846e-03
1.120484e+01	0.000000e+00	1.889869e-01	-2.562335e-03
1.138260e+01	0.000000e+00	1.888188e-01	-2.562287e-03
1.156160e+01	0.000000e+00	1.886545e-01	-2.561705e-03
1.174183e+01	0.000000e+00	1.884941e-01	-2.560592e-03
1.192331e+01	0.000000e+00	1.883373e-01	-2.558959e-03
1.210606e+01	0.000000e+00	1.881843e-01	-2.556812e-03
1.229006e+01	0.000000e+00	1.880349e-01	-2.554167e-03
1.247535e+01	0.000000e+00	1.878891e-01	-2.551048e-03
1.266192e+01	0.000000e+00	1.877468e-01	-2.547450e-03
1.284978e+01	0.000000e+00	1.876080e-01	-2.543403e-03
1.303894e+01	0.000000e+00	1.874726e-01	-2.538911e-03
1.322942e+01	0.000000e+00	1.873406e-01	-2.533991e-03
1.342121e+01	0.000000e+00	1.872118e-01	-2.528656e-03
1.361434e+01	0.000000e+00	1.870862e-01	-2.522918e-03
1.380880e+01	0.000000e+00	1.869639e-01	-2.516773e-03
1.400461e+01	0.000000e+00	1.868447e-01	-2.510244e-03
1.420178e+01	0.000000e+00	1.867286e-01	-2.503355e-03
1.440032e+01	0.000000e+00	1.866154e-01	-2.496102e-03
1.460023e+01	0.000000e+00	1.865053e-01	-2.488491e-03
1.480152e+01	0.000000e+00	1.863981e-01	-2.480539e-03
1.500422e+01	0.000000e+00	1.862938e-01	-2.472251e-03
1.520831e+01	0.000000e+00	1.861924e-01	-2.463634e-03
1.541383e+01	0.000000e+00	1.860938e-01	-2.454707e-03
1.562076e+01	0.000000e+00	1.859980e-01	-2.445469e-03
1.582913e+01	0.000000e+00	1.859049e-01	-2.435938e-03
1.603895e+01	0.000000e+00	1.858145e-01	-2.426114e-03
1.625022e+01	0.000000e+00	1.857268e-01	-2.416017e-03
1.646295e+01	0.000000e+00	1.856416e-01	-2.405654e-03
1.667716e+01	0.000000e+00	1.855590e-01	-2.395035e-03
1.689286e+01	0.000000e+00	1.854788e-01	-2.384168e-03
1.711005e+01	0.000000e+00	1.854012e-01	-2.373055e-03
1.732874e+01	0.000000e+00	1.853260e-01	-2.361711e-03
1.754895e+01	0.000000e+00	1.852532e-01	-2.350142e-03
1.777069e+01	0.000000e+00	1.851827e-01	-2.338361e-03
1.799396e+01	0.000000e+00	1.851145e-01	-2.326371e-03
1.821878e+01	0.000000e+00	1.850486e-01	-2.314181e-03
1.844516e+01	0.000000e+00	1.849849e-01	-2.301801e-03
1.867311e+01	0.000000e+00	1.849234e-01	-2.289238e-03
1.890264e+01	0.000000e+00	1.848640e-01	-2.276499e-03
1.913376e+01	0.000000e+00	1.848068e-01	-2.263595e-03
1.936648e+01	0.000000e+00	1.847516e-01	-2.250531e-03
1.960082e+01	0.000000e+00	1.846985e-01	-2.237320e-03
1.983678e+01	0.000000e+00	1.846474e-01	-2.223966e-03
2.007437e+01	0.000000e+00	1.845982e-01	-2.210470e-03
2.031362e+01	0.000000e+00	1.845510e-01	-2.196840e-03
2.055452e+01	0.000000e+00	1.845056e-01	-2.183088e-03
2.079709e+01	0.000000e+00	1.844622e-01	-2.169216e-03
2.104134e+01	0.000000e+00	1.844205e-01	-2.155232e-03
2.128728e+01	0.000000e+00	1.843807e-01	-2.141143e-03
2.153493e+01	0.000000e+00	1.843427e-01	-2.126950e-03
2.178430e+01	0.000000e+00	1.843064e-01	-2.112666e-03
2.203539e+01	0.000000e+00	1.842718e-01	-2.098293e-03
2.228823e+01	0.000000e+00	1.842388e-01	-2.083834e-03
2.254282e+01	0.000000e+00	1.842076e-01	-2.069295e-03
2.279917e+01	0.000000e+00	1.841779e-01	-2.054684e-03
2.305730e+01	0.000000e+00	1.841498e-01	-2.040007e-03
2.331722e+01	0.000000e+00	1.841232e-01	-2.025270e-03
2.357894e+01	0.000000e+00	1.840982e-01	-2.010478e-03
2.384247e+01	0.000000e+00	1.840746e-01	-1.995638e-03
2.410784e+01	0.000000e+00	1.840525e-01	-1.980754e-03
2.437504e+01	0.000000e+00	1.840319e-01	-1.965828e-03
2.464409e+01	0.000000e+00	1.840126e-01	-1.950867e-03
2.491501e+01	0.000000e+00	1.839948e-01	-1.935874e-03
2.518780e+01	0.000000e+00	1.839783e-01	-1.920855e-03
2.546249e+01	0.000000e+00	1.839632e-01	-1.905813e-03
2.573908e+01	0.000000e+00	1.839493e-01	-1.890749e-03
2.601759e+01	0.000000e+00	1.839368e-01	-1.875673e-03
2.629803e+01	0.000000e+00	1.839254e-01	-1.860593e-03
2.658041e+01	0.000000e+00	1.839152e-01	-1.845509e-03
2.686475e+01	0.000000e+00	1.839063e-01	-1.830420e-03
2.715106e+01	0.000000e+00	1.838985e-01	-1.815333e-03
2.743936e+01	0.000000e+00	1.838919e-01	-1.800251e-03
2.772965e+01	0.000000e+00	1.838863e-01	-1.785176e-03
2.802196e+01	0.000000e+00	1.838820e-01	-1.770110e-03
2.831629e+01	0.000000e+00	1.838786e-01	-1.755064e-03
2.861266e+01	0.000000e+00	1.838764e-01	-1.740036e-03
2.891109e+01	0.000000e+00	1.838751e-01	-1.725029e-03
2.921158e+01	0.000000e+00	1.838749e-01	-1.710048e-03
2.951416e+01	0.000000e+00	1.838757e-01	-1.695098e-03
2.981884e+01	0.000000e+00	1.838774e-01	-1.680179e-03
3.012562e+01	0.000000e+00	1.838800e-01	-1.665294e-03
3.043454e+01	0.000000e+00	1.838836e-01	-1.650443e-03
3.074559e+01	0.000000e+00	1.838881e-01	-1.635633e-03
3.105881e+01	0.000000e+00	1.838935e-01	-1.620867e-03
3.137419e+01	0.000000e+00	1.838998e-01	-1.606150e-03
3.169176e+01	0.000000e+00	1.839069e-01	-1.591478e-03
3.201153e+01	0.000000e+00	1.839148e-01	-1.576854e-03
3.233351e+01	0.000000e+00	1.839235e-01	-1.562280e-03
3.265773e+01	0.000000e+00	1.839330e-01	-1.547760e-03
3.298420e+01	0.000000e+00	1.839432e-01	-1.533297e-03
3.331293e+01	0.000000e+00	1.839543e-01	-1.518890e-03
3.364393e+01	0.000000e+00	1.839660e-01	-1.504545e-03
3.397724e+01	0.000000e+00	1.839784e-01	-1.490260e-03
3.431285e+01	0.000000e+00	1.839915e-01	-1.476038e-03
3.465079e+01	0.000000e+00	1.840053e-01	-1.461882e-03
3.499107e+01	0.000000e+00	1.840198e-01	-1.447792e-03
3.533371e+01	0.000000e+00	1.840350e-01	-1.433774e-03
3.567872e+01	0.000000e+00	1.840508e-01	-1.419825e-03
3.602613e+01	0.000000e+00	1.840672e-01	-1.405946e-03
3.637594e+01	0.000000e+00	1.840841e-01	-1.392140e-03
3.672818e+01	0.000000e+00	1.841016e-01	-1.378410e-03
3.708286e+01	0.000000e+00	1.841197e-01	-1.364753e-03
3.744000e+01	0.000000e+00	1.841384e-01	-1.351173e-03
3.779962e+01	0.000000e+00	1.841575e-01	-1.337670e-03
3.816173e+01	0.000000e+00	1.841772e-01	-1.324246e-03
3.852634e+01	0.000000e+00	1.841974e-01	-1.310904e-03
3.889349e+01	0.000000e+00	1.842180e-01	-1.297643e-03
3.926318e+01	0.000000e+00	1.842392e-01	-1.284463e-03
3.963543e+01	0.000000e+00	1.842608e-01	-1.271365e-03
4.001027e+01	0.000000e+00	1.842829e-01	-1.258353e-03
4.038770e+01	0.000000e+00	1.843054e-01	-1.245426e-03
4.076774e+01	0.000000e+00	1.843284e-01	-1.232585e-03
4.115043e+01	0.000000e+00	1.843518e-01	-1.219829e-03
4.153576e+01	0.000000e+00	1.843756e-01	-1.207160e-03
4.192377e+01	0.000000e+00	1.843997e-01	-1.194578e-03
4.231446e+01	0.000000e+00	1.844242e-01	-1.182085e-03
4.270786e+01	0.000000e+00	1.844491e-01	-1.169680e-03
4.310399e+01	0.000000e+00	1.844743e-01	-1.157363e-03
4.350287e+01	0.000000e+00	1.844998e-01	-1.145135e-03
4.390451e+01	0.000000e+00	1.845257e-01	-1.132998e-03
4.430894e+01	0.000000e+00	1.845519e-01	-1.120951e-03
4.471616e+01	0.000000e+00	1.845784e-01	-1.108994e-03
4.512621e+01	0.000000e+00	1.846051e-01	-1.097127e-03
4.553911e+01	0.000000e+00	1.846322e-01	-1.085353e-03
4.595486e+01	0.000000e+00	1.846595e-01	-1.073669e-03
4.637350e+01	0.000000e+00	1.846871e-01	-1.062078e-03
4.679504e+01	0.000000e+00	1.847150e-01	-1.050578e-03
4.721950e+01	0.000000e+00	1.847430e-01	-1.039170e-03
4.764690e+01	0.000000e+00	1.847713e-01	-1.027855e-03
4.807727e+01	0.000000e+00	1.847999e-01	-1.016631e-03
4.851062e+01	0.000000e+00	1.848286e-01	-1.005500e-03
4.894697e+01	0.000000e+00	1.848576e-01	-9.944605e-04
4.938635e+01	0.000000e+00	1.848867e-01	-9.835134e-04
4.982877e+01	0.000000e+00	1.849161e-01	-9.726588e-04
5.027426e+01	0.000000e+00	1.849456e-01	-9.618964e-04
5.072284e+01	0.000000e+00	1.849753e-01	-9.512260e-04
5.117453e+01	0.000000e+00	1.850051e-01	-9.406472e-04
5.162934e+01	0.000000e+00	1.850351e-01	-9.301601e-04
5.208732e+01	0.000000e+00	1.850652e-01	-9.197646e-04
5.254846e+01	0.000000e+00	1.850955e-01	-9.094610e-04
5.301280e+01	0.000000e+00	1.851259e-01	-8.992482e-04
5.348036e+01	0.000000e+00	1.851564e-01	-8.891258e-04
5.395116e+01	0.000000e+00	1.851871e-01	-8.790943e-04
5.442523e+01	0.000000e+00	1.852178e-01	-8.691543e-04
5.490258e+01	0.000000e+00	1.852487e-01	-8.593042e-04
5.538324e+01	0.000000e+00	1.852796e-01	-8.495438e-04
5.586723e+01	0.000000e+00	1.853107e-01	-8.398729e-04
5.635458e+01	0.000000e+00	1.853418e-01	-8.302913e-04
5.684530e+01	0.000000e+00	1.853730e-01	-8.207991e-04
5.733943e+01	0.000000e+00	1.854043e-01	-8.113957e-04
5.783698e+01	0.000000e+00	1.854356e-01	-8.020806e-04
5.833798e+01	0.000000e+00	1.854670e-01	-7.928532e-04
5.884245e+01	0.000000e+00	1.854984e-01	-7.837134e-04
5.935042e+01	0.000000e+00	1.855299e-01	-7.746607e-04
5.986191e+01	0.000000e+00	1.855614e-01	-7.656953e-04
6.037695e+01	0.000000e+00	1.855931e-01	-7.568172e-04
6.089556e+01	0.000000e+00	1.856247e-01	-7.480251e-04
6.141776e+01	0.000000e+00	1.856564e-01	-7.393181e-04
6.194358e+01	0.000000e+00	1.856880e-01	-7.306957e-04
6.247304e+01	0.000000e+00	1.857197e-01	-7.221580e-04
6.300618e+01	0.000000e+00	1.857515e-01	-7.137045e-04
6.354301e+01	0.000000e+00	1.857832e-01	-7.053346e-04
6.408356e+01	0.000000e+00	1.858149e-01	-6.970484e-04
6.462786e+01	0.000000e+00	1.858466e-01	-6.888451e-04
6.517594e+01	0.000000e+00	1.858783e-01	-6.807243e-04
6.572781e+01	0.000000e+00	1.859101e-01	-6.726855e-04
6.628350e+01	0.000000e+00	1.859418e-01	-6.647277e-04
6.684305e+01	0.000000e+00	1.859735e-01	-6.568511e-04
6.740648e+01	0.000000e+00	1.860052e-01	-6.490547e-04
6.797381e+01	0.000000e+00	1.860369e-01	-6.413385e-04
6.854508e+01	0.000000e+00	1.860685e-01	-6.337018e-04
6.912030e+01	0.000000e+00	1.861002e-01	-6.261442e-04
6.969951e+01	0.000000e+00	1.861318e-01	-6.186649e-04
7.028274e+01	0.000000e+00	1.861634e-01	-6.112636e-04
7.087001e+01	0.000000e+00	1.861950e-01	-6.039397e-04
7.146135e+01	0.000000e+00	1.862265e-01	-5.966923e-04
7.205679e+01	0.000000e+00	1.862580e-01	-5.895210e-04
7.265636e+01	0.000000e+00	1.862894e-01	-5.824254e-04
7.326008e+01	0.000000e+00	1.863208e-01	-5.754049e-04
7.386799e+01	0.000000e+00	1.863521e-01	-5.684591e-04
7.448011e+01	0.000000e+00	1.863834e-01	-5.615874e-04
7.509648e+01	0.000000e+00	1.864146e-01	-5.547889e-04
7.571711e+01	0.000000e+00	1.864458e-01	-5.480636e-04
7.634205e+01	0.000000e+00	1.864769e-01	-5.414108e-04
7.697132e+01	0.000000e+00	1.865080e-01	-5.348296e-04
7.760496e+01	0.000000e+00	1.865389e-01	-5.283197e-04
7.824298e+01	0.000000e+00	1.865699e-01	-5.218807e-04
7.888543e+01	0.000000e+00	1.866007e-01	-5.155117e-04
7.953233e+01	0.000000e+00	1.866315e-01	-5.092123e-04
8.018372e+01	0.000000e+00	1.866622e-01	-5.029818e-04
8.083962e+01	0.000000e+00	1.866928e-01	-4.968197e-04
8.150006e+01	0.000000e+00	1.867234e-01	-4.907257e-04
8.216509e+01	0.000000e+00	1.867539e-01	-4.846988e-04
8.283472e+01	0.000000e+00	1.867842e-01	-4.787385e-04
8.350900e+01	0.000000e+00	1.868145e-01	-4.728445e-04
8.418795e+01	0.000000e+00	1.868447e-01	-4.670162e-04
8.487160e+01	0.000000e+00	1.868749e-01	-4.612529e-04
